// Start Time: Unknown: 
// Update Rate: 40.0Hz 
// Filter Profile: human (46.1) 
// Firmware Version: 4.6.0
// Option Flags: AHS Disabled ICC Disabled 
PacketCounter	SampleTimeFine	Year	Month	Day	Second	UTC_Nano	UTC_Year	UTC_Month	UTC_Day	UTC_Hour	UTC_Minute	UTC_Second	UTC_Valid	Acc_X	Acc_Y	Acc_Z	Mat[1][1]	Mat[2][1]	Mat[3][1]	Mat[1][2]	Mat[2][2]	Mat[3][2]	Mat[1][3]	Mat[2][3]	Mat[3][3] 
4680								2021	09	15	14	31	37.711	-0.002308	0.214643	9.770638	-0.961106	-0.276136	0.004942	0.276179	-0.960901	0.019860	-0.000736	0.020452	0.999791	
4681								2021	09	15	14	31	37.728	-0.001717	0.203738	9.780090	-0.961102	-0.276151	0.004931	0.276194	-0.960898	0.019824	-0.000737	0.020415	0.999791	
4682								2021	09	15	14	31	37.744	-0.001694	0.183796	9.769700	-0.961097	-0.276167	0.004922	0.276209	-0.960892	0.019851	-0.000752	0.020438	0.999791	
4683								2021	09	15	14	31	37.761	-0.001114	0.202792	9.770359	-0.961088	-0.276197	0.004939	0.276240	-0.960884	0.019855	-0.000738	0.020447	0.999791	
4684								2021	09	15	14	31	37.778	0.008673	0.202636	9.750646	-0.961089	-0.276196	0.004919	0.276239	-0.960884	0.019838	-0.000752	0.020425	0.999791	
4685								2021	09	15	14	31	37.794	-0.009637	0.200631	9.790120	-0.961084	-0.276212	0.004918	0.276255	-0.960880	0.019831	-0.000752	0.020418	0.999791	
4686								2021	09	15	14	31	37.811	0.000575	0.199822	9.789922	-0.961223	-0.275727	0.004986	0.275771	-0.961018	0.019866	-0.000685	0.020471	0.999790	
4687								2021	09	15	14	31	37.828	0.019705	0.200266	9.750478	-0.961226	-0.275718	0.004986	0.275763	-0.961021	0.019860	-0.000684	0.020465	0.999790	
4688								2021	09	15	14	31	37.844	-0.008630	0.199274	9.770647	-0.961233	-0.275691	0.005012	0.275736	-0.961028	0.019894	-0.000668	0.020505	0.999790	
4689								2021	09	15	14	31	37.861	0.001452	0.199096	9.760684	-0.961234	-0.275689	0.005015	0.275734	-0.961028	0.019903	-0.000667	0.020514	0.999789	
4690								2021	09	15	14	31	37.878	0.002123	0.188485	9.770123	-0.961237	-0.275678	0.005037	0.275723	-0.961031	0.019921	-0.000651	0.020538	0.999789	
4691								2021	09	15	14	31	37.894	-0.007124	0.207322	9.771013	-0.961231	-0.275697	0.004998	0.275742	-0.961026	0.019893	-0.000682	0.020500	0.999790	
4692								2021	09	15	14	31	37.911	0.003303	0.206033	9.780573	-0.961233	-0.275692	0.005025	0.275737	-0.961028	0.019879	-0.000651	0.020494	0.999790	
4693								2021	09	15	14	31	37.928	0.003556	0.186431	9.760411	-0.961227	-0.275711	0.005067	0.275757	-0.961022	0.019859	-0.000606	0.020487	0.999790	
4694								2021	09	15	14	31	37.944	-0.005392	0.205417	9.761304	-0.961235	-0.275684	0.005075	0.275730	-0.961029	0.019883	-0.000604	0.020512	0.999789	
4695								2021	09	15	14	31	37.961	0.004747	0.204759	9.761098	-0.961230	-0.275701	0.005059	0.275747	-0.961025	0.019880	-0.000619	0.020505	0.999790	
4696								2021	09	15	14	31	37.978	-0.004352	0.203816	9.771088	-0.961231	-0.275699	0.005077	0.275745	-0.961025	0.019884	-0.000603	0.020514	0.999789	
4697								2021	09	15	14	31	37.994	0.005645	0.193472	9.770546	-0.961234	-0.275690	0.005040	0.275735	-0.961027	0.019921	-0.000649	0.020538	0.999789	
4698								2021	09	15	14	31	38.011	-0.004168	0.193689	9.751261	-0.961239	-0.275671	0.005071	0.275717	-0.961032	0.019921	-0.000618	0.020547	0.999789	
4699								2021	09	15	14	31	38.028	-0.002916	0.211790	9.771461	-0.961229	-0.275703	0.005080	0.275749	-0.961024	0.019895	-0.000603	0.020524	0.999789	
4700								2021	09	15	14	31	38.044	0.007219	0.201070	9.770924	-0.961229	-0.275706	0.005059	0.275751	-0.961023	0.019878	-0.000618	0.020502	0.999790	
4701								2021	09	15	14	31	38.061	-0.002466	0.200726	9.761403	-0.961220	-0.275737	0.005047	0.275782	-0.961014	0.019889	-0.000634	0.020510	0.999789	
4702								2021	09	15	14	31	38.078	-0.002024	0.200128	9.761415	-0.961215	-0.275754	0.005064	0.275800	-0.961009	0.019893	-0.000619	0.020518	0.999789	
4703								2021	09	15	14	31	38.094	-0.000847	0.198437	9.790701	-0.961213	-0.275761	0.005063	0.275807	-0.961007	0.019886	-0.000618	0.020511	0.999789	
4704								2021	09	15	14	31	38.111	-0.000838	0.208130	9.771540	-0.961218	-0.275742	0.005048	0.275788	-0.961013	0.019885	-0.000632	0.020506	0.999790	
4705								2021	09	15	14	31	38.128	0.009309	0.187802	9.770654	-0.961217	-0.275748	0.005075	0.275794	-0.961011	0.019870	-0.000602	0.020499	0.999790	
4706								2021	09	15	14	31	38.144	-0.000002	0.207131	9.761811	-0.961223	-0.275726	0.005069	0.275772	-0.961017	0.019897	-0.000614	0.020523	0.999789	
4707								2021	09	15	14	31	38.161	0.000224	0.196850	9.761482	-0.961216	-0.275752	0.005057	0.275797	-0.961010	0.019910	-0.000630	0.020533	0.999789	
4708								2021	09	15	14	31	38.178	-0.009016	0.195828	9.771478	-0.961223	-0.275726	0.005037	0.275771	-0.961017	0.019894	-0.000645	0.020511	0.999789	
4709								2021	09	15	14	31	38.194	0.000759	0.195632	9.751756	-0.961223	-0.275726	0.005050	0.275771	-0.961018	0.019883	-0.000629	0.020505	0.999790	
4710								2021	09	15	14	31	38.211	0.002098	0.203688	9.781383	-0.961225	-0.275720	0.005068	0.275766	-0.961019	0.019887	-0.000612	0.020514	0.999789	
4711								2021	09	15	14	31	38.228	0.002304	0.198506	9.773905	-0.961221	-0.275734	0.005072	0.275780	-0.961015	0.019871	-0.000605	0.020499	0.999790	
4712								2021	09	15	14	31	38.244	0.002510	0.193325	9.766427	-0.961216	-0.275749	0.005075	0.275795	-0.961011	0.019856	-0.000598	0.020485	0.999790	
4713								2021	09	15	14	31	38.261	0.003588	0.201296	9.781432	-0.961217	-0.275746	0.005056	0.275792	-0.961013	0.019839	-0.000612	0.020464	0.999790	
4714								2021	09	15	14	31	38.278	-0.005953	0.191201	9.771572	-0.961208	-0.275777	0.005087	0.275823	-0.961004	0.019838	-0.000582	0.020471	0.999790	
4715								2021	09	15	14	31	38.294	0.004331	0.200223	9.771704	-0.961213	-0.275761	0.005057	0.275806	-0.961008	0.019840	-0.000612	0.020466	0.999790	
4716								2021	09	15	14	31	38.311	0.005013	0.199279	9.781473	-0.961217	-0.275747	0.005093	0.275794	-0.961012	0.019855	-0.000580	0.020490	0.999790	
4717								2021	09	15	14	31	38.328	-0.004146	0.188565	9.791124	-0.961212	-0.275765	0.005058	0.275811	-0.961007	0.019842	-0.000611	0.020467	0.999790	
4718								2021	09	15	14	31	38.344	-0.004152	0.207961	9.772324	-0.961212	-0.275763	0.005056	0.275809	-0.961008	0.019836	-0.000611	0.020461	0.999790	
4719								2021	09	15	14	31	38.361	0.005758	0.197666	9.762006	-0.961208	-0.275779	0.005050	0.275825	-0.961004	0.019815	-0.000612	0.020439	0.999791	
4720								2021	09	15	14	31	38.378	-0.001060	0.199383	9.767156	-0.961206	-0.275784	0.005055	0.275830	-0.961002	0.019807	-0.000604	0.020433	0.999791	
4721								2021	09	15	14	31	38.394	-0.007878	0.201099	9.772306	-0.961205	-0.275789	0.005061	0.275835	-0.961001	0.019799	-0.000597	0.020427	0.999791	
4722								2021	09	15	14	31	38.411	-0.002520	0.195493	9.762281	-0.961196	-0.275819	0.005064	0.275865	-0.960992	0.019808	-0.000597	0.020436	0.999791	
4723								2021	09	15	14	31	38.428	0.008219	0.194121	9.781575	-0.961196	-0.275818	0.005081	0.275864	-0.960992	0.019812	-0.000582	0.020445	0.999791	
4724								2021	09	15	14	31	38.444	-0.001171	0.196155	9.779467	-0.961194	-0.275826	0.005084	0.275872	-0.960991	0.019797	-0.000575	0.020431	0.999791	
4725								2021	09	15	14	31	38.461	-0.010561	0.198190	9.777358	-0.961192	-0.275833	0.005087	0.275880	-0.960989	0.019782	-0.000568	0.020417	0.999791	
4726								2021	09	15	14	31	38.478	0.019167	0.202359	9.762225	-0.961192	-0.275835	0.005094	0.275881	-0.960988	0.019804	-0.000567	0.020441	0.999791	
4727								2021	09	15	14	31	38.494	-0.009518	0.182086	9.771982	-0.961187	-0.275849	0.005107	0.275896	-0.960984	0.019793	-0.000552	0.020434	0.999791	
4728								2021	09	15	14	31	38.511	-0.009003	0.201214	9.762952	-0.961188	-0.275845	0.005122	0.275892	-0.960985	0.019782	-0.000535	0.020428	0.999791	
4729								2021	09	15	14	31	38.528	-0.007943	0.199752	9.782480	-0.961184	-0.275859	0.005135	0.275906	-0.960981	0.019772	-0.000520	0.020421	0.999791	
4730								2021	09	15	14	31	38.544	0.001884	0.199297	9.772505	-0.961182	-0.275869	0.005090	0.275916	-0.960978	0.019779	-0.000565	0.020415	0.999791	
4731								2021	09	15	14	31	38.561	0.001955	0.198838	9.762765	-0.961190	-0.275839	0.005099	0.275885	-0.960988	0.019754	-0.000548	0.020394	0.999792	
4732								2021	09	15	14	31	38.578	0.002862	0.207342	9.772898	-0.961182	-0.275869	0.005108	0.275915	-0.960979	0.019728	-0.000534	0.020372	0.999792	
4733								2021	09	15	14	31	38.594	0.013072	0.196844	9.772317	-0.961186	-0.275854	0.005115	0.275901	-0.960983	0.019752	-0.000533	0.020396	0.999792	
4734								2021	09	15	14	31	38.611	0.003914	0.206148	9.772923	-0.961187	-0.275850	0.005133	0.275897	-0.960984	0.019756	-0.000517	0.020405	0.999792	
4735								2021	09	15	14	31	38.628	-0.005474	0.195860	9.772812	-0.961187	-0.275849	0.005121	0.275896	-0.960984	0.019769	-0.000532	0.020415	0.999791	
4736								2021	09	15	14	31	38.644	-0.005567	0.195990	9.753312	-0.961187	-0.275850	0.005124	0.275897	-0.960984	0.019777	-0.000532	0.020423	0.999791	
4737								2021	09	15	14	31	38.661	0.004658	0.194964	9.762842	-0.961188	-0.275849	0.005084	0.275895	-0.960984	0.019797	-0.000576	0.020431	0.999791	
4738								2021	09	15	14	31	38.678	-0.004489	0.203757	9.773212	-0.961193	-0.275831	0.005098	0.275877	-0.960989	0.019787	-0.000559	0.020426	0.999791	
4739								2021	09	15	14	31	38.694	-0.003814	0.203309	9.773222	-0.961188	-0.275846	0.005142	0.275893	-0.960984	0.019832	-0.000529	0.020481	0.999790	
4740								2021	09	15	14	31	38.711	-0.003367	0.193027	9.772869	-0.961188	-0.275847	0.005121	0.275894	-0.960984	0.019815	-0.000544	0.020459	0.999791	
4741								2021	09	15	14	31	38.728	0.016219	0.192512	9.762649	-0.961185	-0.275859	0.005109	0.275905	-0.960980	0.019828	-0.000560	0.020468	0.999790	
4742								2021	09	15	14	31	38.744	-0.003016	0.211860	9.754116	-0.961185	-0.275856	0.005108	0.275903	-0.960981	0.019822	-0.000559	0.020462	0.999790	
4743								2021	09	15	14	31	38.761	-0.002571	0.201505	9.753763	-0.961181	-0.275869	0.005130	0.275916	-0.960977	0.019841	-0.000543	0.020487	0.999790	
4744								2021	09	15	14	31	38.778	-0.011416	0.200314	9.773527	-0.961173	-0.275898	0.005118	0.275945	-0.960968	0.019854	-0.000560	0.020495	0.999790	
4745								2021	09	15	14	31	38.794	-0.000893	0.199056	9.783058	-0.961177	-0.275883	0.005138	0.275931	-0.960973	0.019809	-0.000528	0.020458	0.999791	
4746								2021	09	15	14	31	38.811	-0.000774	0.189289	9.763194	-0.961173	-0.275897	0.005159	0.275944	-0.960969	0.019828	-0.000513	0.020482	0.999790	
4747								2021	09	15	14	31	38.828	0.000211	0.207762	9.773700	-0.961165	-0.275925	0.005167	0.275973	-0.960961	0.019804	-0.000499	0.020461	0.999791	
4748								2021	09	15	14	31	38.844	0.000670	0.187053	9.782735	-0.961170	-0.275909	0.005137	0.275957	-0.960966	0.019806	-0.000528	0.020454	0.999791	
4749								2021	09	15	14	31	38.861	0.000892	0.196589	9.773360	-0.961177	-0.275883	0.005158	0.275930	-0.960973	0.019825	-0.000513	0.020478	0.999790	
4750								2021	09	15	14	31	38.878	0.001269	0.186310	9.773000	-0.961174	-0.275896	0.005145	0.275944	-0.960969	0.019839	-0.000529	0.020488	0.999790	
4751								2021	09	15	14	31	38.894	-0.007968	0.205148	9.774000	-0.961169	-0.275912	0.005138	0.275959	-0.960965	0.019817	-0.000530	0.020466	0.999790	
4752								2021	09	15	14	31	38.911	0.002317	0.204332	9.773772	-0.961169	-0.275911	0.005156	0.275959	-0.960965	0.019821	-0.000514	0.020474	0.999790	
4753								2021	09	15	14	31	38.928	0.002289	0.204411	9.754275	-0.961178	-0.275880	0.005141	0.275927	-0.960974	0.019819	-0.000527	0.020469	0.999790	
4754								2021	09	15	14	31	38.944	0.003321	0.202693	9.783553	-0.961175	-0.275893	0.005133	0.275940	-0.960970	0.019847	-0.000542	0.020493	0.999790	
4755								2021	09	15	14	31	38.961	0.003764	0.202168	9.783564	-0.961167	-0.275920	0.005151	0.275968	-0.960962	0.019851	-0.000528	0.020502	0.999790	
4756								2021	09	15	14	31	38.978	-0.016040	0.202688	9.754806	-0.961176	-0.275888	0.005131	0.275935	-0.960972	0.019835	-0.000541	0.020481	0.999790	
4757								2021	09	15	14	31	38.994	0.004426	0.201053	9.773839	-0.961172	-0.275902	0.005149	0.275950	-0.960967	0.019839	-0.000526	0.020489	0.999790	
4758								2021	09	15	14	31	39.011	-0.004984	0.200827	9.764345	-0.961173	-0.275898	0.005162	0.275946	-0.960969	0.019831	-0.000510	0.020485	0.999790	
4759								2021	09	15	14	31	39.028	0.005545	0.199633	9.773868	-0.961168	-0.275914	0.005159	0.275962	-0.960964	0.019824	-0.000512	0.020478	0.999790	
4760								2021	09	15	14	31	39.044	-0.003761	0.199033	9.774129	-0.961181	-0.275871	0.005162	0.275919	-0.960976	0.019833	-0.000510	0.020487	0.999790	
4761								2021	09	15	14	31	39.061	0.006209	0.218571	9.755139	-0.961190	-0.275839	0.005177	0.275887	-0.960986	0.019823	-0.000493	0.020482	0.999790	
4762								2021	09	15	14	31	39.078	-0.002525	0.197538	9.783908	-0.961177	-0.275884	0.005177	0.275932	-0.960971	0.019878	-0.000509	0.020535	0.999789	
4763								2021	09	15	14	31	39.094	-0.002725	0.197924	9.764405	-0.961177	-0.275885	0.005164	0.275933	-0.960971	0.019891	-0.000525	0.020543	0.999789	
4764								2021	09	15	14	31	39.111	-0.002254	0.196723	9.774177	-0.961173	-0.275900	0.005124	0.275947	-0.960968	0.019863	-0.000556	0.020505	0.999790	
4765								2021	09	15	14	31	39.128	0.007708	0.196288	9.764186	-0.961172	-0.275901	0.005161	0.275949	-0.960967	0.019876	-0.000525	0.020529	0.999789	
4766								2021	09	15	14	31	39.144	-0.011142	0.195906	9.764699	-0.961229	-0.275705	0.005066	0.275751	-0.961024	0.019860	-0.000607	0.020487	0.999790	
4767								2021	09	15	14	31	39.161	0.009240	0.204545	9.774344	-0.961233	-0.275692	0.005069	0.275738	-0.961028	0.019869	-0.000606	0.020497	0.999790	
4768								2021	09	15	14	31	39.178	-0.009415	0.193639	9.793987	-0.961232	-0.275695	0.005077	0.275741	-0.961026	0.019893	-0.000605	0.020521	0.999789	
4769								2021	09	15	14	31	39.194	-0.009887	0.204334	9.755362	-0.961229	-0.275706	0.005075	0.275752	-0.961023	0.019886	-0.000605	0.020515	0.999789	
4770								2021	09	15	14	31	39.211	0.010331	0.193305	9.764243	-0.961235	-0.275685	0.005089	0.275731	-0.961029	0.019876	-0.000588	0.020509	0.999789	
4771								2021	09	15	14	31	39.228	0.001344	0.192245	9.774266	-0.961233	-0.275692	0.005088	0.275738	-0.961027	0.019869	-0.000588	0.020502	0.999790	
4772								2021	09	15	14	31	39.244	-0.000845	0.196887	9.769653	-0.961233	-0.275692	0.005092	0.275738	-0.961027	0.019885	-0.000588	0.020518	0.999789	
4773								2021	09	15	14	31	39.261	-0.003034	0.201529	9.765040	-0.961233	-0.275692	0.005097	0.275738	-0.961027	0.019901	-0.000589	0.020535	0.999789	
4774								2021	09	15	14	31	39.278	0.002946	0.190067	9.784055	-0.961232	-0.275692	0.005095	0.275739	-0.961027	0.019894	-0.000588	0.020528	0.999789	
4775								2021	09	15	14	31	39.294	0.002721	0.200168	9.755194	-0.961232	-0.275694	0.005089	0.275740	-0.961027	0.019873	-0.000588	0.020506	0.999790	
4776								2021	09	15	14	31	39.311	-0.006011	0.198642	9.774975	-0.961231	-0.275696	0.005101	0.275742	-0.961026	0.019861	-0.000573	0.020498	0.999790	
4777								2021	09	15	14	31	39.328	0.004605	0.207190	9.784877	-0.961224	-0.275721	0.005100	0.275767	-0.961019	0.019855	-0.000574	0.020492	0.999790	
4778								2021	09	15	14	31	39.344	-0.005130	0.197293	9.775003	-0.961212	-0.275764	0.005091	0.275810	-0.961007	0.019883	-0.000591	0.020515	0.999789	
4779								2021	09	15	14	31	39.361	0.004643	0.197405	9.755249	-0.961217	-0.275746	0.005119	0.275793	-0.961012	0.019869	-0.000559	0.020510	0.999789	
4780								2021	09	15	14	31	39.378	-0.013758	0.215535	9.776068	-0.961215	-0.275754	0.005088	0.275801	-0.961009	0.019871	-0.000589	0.020503	0.999790	
4781								2021	09	15	14	31	39.394	0.006064	0.204964	9.775177	-0.961223	-0.275725	0.005106	0.275772	-0.961018	0.019875	-0.000573	0.020512	0.999789	
4782								2021	09	15	14	31	39.411	0.007189	0.213266	9.795090	-0.961222	-0.275727	0.005104	0.275774	-0.961017	0.019869	-0.000573	0.020506	0.999790	
4783								2021	09	15	14	31	39.428	-0.003054	0.194332	9.765317	-0.961222	-0.275730	0.005106	0.275776	-0.961016	0.019877	-0.000574	0.020514	0.999789	
4784								2021	09	15	14	31	39.444	0.007313	0.203420	9.765462	-0.961218	-0.275744	0.005123	0.275791	-0.961012	0.019881	-0.000559	0.020522	0.999789	
4785								2021	09	15	14	31	39.461	-0.001983	0.192592	9.775098	-0.961210	-0.275770	0.005072	0.275816	-0.961005	0.019873	-0.000606	0.020501	0.999790	
4786								2021	09	15	14	31	39.478	0.007234	0.202643	9.745985	-0.961208	-0.275780	0.005056	0.275826	-0.961002	0.019871	-0.000621	0.020495	0.999790	
4787								2021	09	15	14	31	39.494	-0.001716	0.201103	9.765771	-0.961210	-0.275771	0.005037	0.275817	-0.961005	0.019854	-0.000635	0.020473	0.999790	
4788								2021	09	15	14	31	39.511	-0.010327	0.208844	9.795708	-0.961201	-0.275803	0.005014	0.275848	-0.960997	0.019837	-0.000652	0.020450	0.999791	
4789								2021	09	15	14	31	39.528	-0.000615	0.188908	9.784916	-0.961205	-0.275788	0.005017	0.275833	-0.961001	0.019846	-0.000652	0.020460	0.999790	
4790								2021	09	15	14	31	39.544	-0.010210	0.198863	9.766080	-0.961201	-0.275801	0.005044	0.275847	-0.960997	0.019830	-0.000622	0.020452	0.999791	
4791								2021	09	15	14	31	39.561	-0.000194	0.188687	9.755682	-0.961202	-0.275801	0.005042	0.275846	-0.960997	0.019824	-0.000622	0.020446	0.999791	
4792								2021	09	15	14	31	39.578	0.010634	0.206511	9.775740	-0.961214	-0.275759	0.005025	0.275804	-0.961010	0.019808	-0.000634	0.020426	0.999791	
4793								2021	09	15	14	31	39.594	-0.009179	0.206789	9.756772	-0.961209	-0.275777	0.005001	0.275821	-0.961004	0.019840	-0.000665	0.020450	0.999791	
4794								2021	09	15	14	31	39.611	-0.008533	0.176119	9.775093	-0.961214	-0.275757	0.005015	0.275802	-0.961010	0.019830	-0.000648	0.020444	0.999791	
4795								2021	09	15	14	31	39.628	0.001916	0.195111	9.775638	-0.961200	-0.275805	0.005029	0.275850	-0.960995	0.019882	-0.000651	0.020498	0.999790	
4796								2021	09	15	14	31	39.644	0.002510	0.194511	9.775650	-0.961205	-0.275790	0.005048	0.275835	-0.961000	0.019838	-0.000620	0.020461	0.999790	
4797								2021	09	15	14	31	39.661	0.002250	0.194902	9.746405	-0.961202	-0.275800	0.005036	0.275845	-0.960997	0.019850	-0.000635	0.020469	0.999790	
4798								2021	09	15	14	31	39.678	0.003496	0.202851	9.776080	-0.961210	-0.275773	0.005041	0.275818	-0.961005	0.019859	-0.000632	0.020479	0.999790	
4799								2021	09	15	14	31	39.694	0.003789	0.192498	9.775690	-0.961205	-0.275791	0.005027	0.275836	-0.960999	0.019871	-0.000649	0.020487	0.999790	
4800								2021	09	15	14	31	39.711	-0.005927	0.202137	9.766617	-0.961207	-0.275783	0.005002	0.275828	-0.961001	0.019886	-0.000678	0.020494	0.999790	
4801								2021	09	15	14	31	39.728	0.014050	0.201246	9.766100	-0.961214	-0.275758	0.005028	0.275803	-0.961009	0.019857	-0.000644	0.020473	0.999790	
4802								2021	09	15	14	31	39.744	0.004491	0.201038	9.761500	-0.961208	-0.275778	0.005017	0.275822	-0.961003	0.019877	-0.000660	0.020490	0.999790	
4803								2021	09	15	14	31	39.761	-0.005067	0.200830	9.756899	-0.961203	-0.275797	0.005006	0.275842	-0.960997	0.019898	-0.000677	0.020507	0.999789	
4804								2021	09	15	14	31	39.778	0.015434	0.208578	9.776299	-0.961200	-0.275807	0.004968	0.275851	-0.960995	0.019870	-0.000706	0.020470	0.999790	
4805								2021	09	15	14	31	39.794	-0.004343	0.189207	9.756531	-0.961195	-0.275825	0.004998	0.275869	-0.960990	0.019870	-0.000677	0.020477	0.999790	
4806								2021	09	15	14	31	39.811	-0.003539	0.207639	9.767113	-0.961190	-0.275842	0.004951	0.275886	-0.960985	0.019874	-0.000724	0.020469	0.999790	
4807								2021	09	15	14	31	39.828	0.006614	0.186895	9.775797	-0.961187	-0.275854	0.004964	0.275898	-0.960982	0.019863	-0.000709	0.020462	0.999790	
4808								2021	09	15	14	31	39.844	0.007295	0.195904	9.776220	-0.961186	-0.275856	0.004977	0.275900	-0.960981	0.019854	-0.000694	0.020456	0.999791	
4809								2021	09	15	14	31	39.861	-0.002215	0.185888	9.766341	-0.961190	-0.275842	0.004989	0.275886	-0.960986	0.019842	-0.000679	0.020449	0.999791	
4810								2021	09	15	14	31	39.878	-0.001602	0.194974	9.766764	-0.961192	-0.275836	0.004993	0.275880	-0.960987	0.019851	-0.000677	0.020458	0.999790	
4811								2021	09	15	14	31	39.894	0.008757	0.194377	9.766504	-0.961187	-0.275852	0.005028	0.275897	-0.960982	0.019866	-0.000648	0.020482	0.999790	
4812								2021	09	15	14	31	39.911	0.009364	0.203462	9.766929	-0.961187	-0.275852	0.005007	0.275896	-0.960982	0.019849	-0.000664	0.020460	0.999790	
4813								2021	09	15	14	31	39.928	-0.000181	0.193035	9.766803	-0.961187	-0.275851	0.004995	0.275896	-0.960982	0.019861	-0.000679	0.020468	0.999790	
4814								2021	09	15	14	31	39.944	0.000083	0.202386	9.757480	-0.961184	-0.275862	0.005000	0.275907	-0.960980	0.019821	-0.000663	0.020431	0.999791	
4815								2021	09	15	14	31	39.961	0.000804	0.201003	9.767253	-0.961193	-0.275831	0.004980	0.275875	-0.960989	0.019805	-0.000677	0.020410	0.999791	
4816								2021	09	15	14	31	39.978	0.011128	0.190011	9.776333	-0.961190	-0.275844	0.004982	0.275888	-0.960986	0.019814	-0.000678	0.020420	0.999791	
4817								2021	09	15	14	31	39.994	-0.017349	0.198827	9.787336	-0.961194	-0.275828	0.004976	0.275872	-0.960990	0.019794	-0.000678	0.020398	0.999792	
4818								2021	09	15	14	31	40.011	-0.007985	0.198692	9.767575	-0.961178	-0.275884	0.004910	0.275926	-0.960975	0.019789	-0.000741	0.020375	0.999792	
4819								2021	09	15	14	31	40.028	-0.007800	0.208121	9.758255	-0.961186	-0.275856	0.004957	0.275900	-0.960983	0.019784	-0.000694	0.020384	0.999792	
4820								2021	09	15	14	31	40.044	-0.007002	0.197502	9.767600	-0.961195	-0.275824	0.004955	0.275868	-0.960991	0.019826	-0.000706	0.020423	0.999791	
4821								2021	09	15	14	31	40.061	0.004080	0.215577	9.787678	-0.961192	-0.275837	0.004998	0.275881	-0.960988	0.019806	-0.000660	0.020416	0.999791	
4822								2021	09	15	14	31	40.078	0.003761	0.196654	9.757596	-0.961193	-0.275833	0.005001	0.275878	-0.960989	0.019813	-0.000659	0.020424	0.999791	
4823								2021	09	15	14	31	40.094	-0.004803	0.194795	9.787144	-0.961196	-0.275820	0.004985	0.275864	-0.960992	0.019811	-0.000674	0.020417	0.999791	
4824								2021	09	15	14	31	40.111	0.005077	0.204079	9.777551	-0.961197	-0.275818	0.004964	0.275862	-0.960993	0.019794	-0.000689	0.020395	0.999792	
4825								2021	09	15	14	31	40.128	-0.005192	0.214361	9.749009	-0.961194	-0.275830	0.004933	0.275873	-0.960990	0.019796	-0.000720	0.020389	0.999792	
4826								2021	09	15	14	31	40.144	-0.004522	0.193330	9.767685	-0.961194	-0.275829	0.004935	0.275873	-0.960990	0.019804	-0.000720	0.020397	0.999792	
4827								2021	09	15	14	31	40.161	-0.013562	0.192459	9.777725	-0.961189	-0.275845	0.004941	0.275889	-0.960985	0.019827	-0.000721	0.020420	0.999791	
4828								2021	09	15	14	31	40.178	-0.003684	0.202117	9.768127	-0.961194	-0.275829	0.004919	0.275872	-0.960989	0.019858	-0.000750	0.020445	0.999791	
4829								2021	09	15	14	31	40.194	0.015941	0.201795	9.757831	-0.961190	-0.275843	0.004931	0.275887	-0.960985	0.019848	-0.000736	0.020438	0.999791	
4830								2021	09	15	14	31	40.211	-0.002849	0.210754	9.768575	-0.961187	-0.275855	0.004913	0.275897	-0.960981	0.019894	-0.000766	0.020478	0.999790	
4831								2021	09	15	14	31	40.228	0.007509	0.189789	9.786963	-0.961183	-0.275868	0.004896	0.275911	-0.960977	0.019893	-0.000783	0.020471	0.999790	
4832								2021	09	15	14	31	40.244	0.007143	0.200007	9.758147	-0.961184	-0.275865	0.004891	0.275907	-0.960979	0.019872	-0.000782	0.020450	0.999791	
4833								2021	09	15	14	31	40.261	-0.001729	0.208740	9.768618	-0.961184	-0.275865	0.004912	0.275908	-0.960978	0.019890	-0.000767	0.020473	0.999790	
4834								2021	09	15	14	31	40.278	0.008122	0.198741	9.758172	-0.961189	-0.275847	0.004897	0.275889	-0.960984	0.019889	-0.000781	0.020468	0.999790	
4835								2021	09	15	14	31	40.294	-0.000533	0.216726	9.778826	-0.961185	-0.275860	0.004894	0.275903	-0.960980	0.019882	-0.000781	0.020461	0.999790	
4836								2021	09	15	14	31	40.311	-0.000625	0.187292	9.767803	-0.961191	-0.275840	0.004903	0.275883	-0.960985	0.019906	-0.000779	0.020487	0.999790	
4837								2021	09	15	14	31	40.328	-0.000366	0.196807	9.758493	-0.961182	-0.275870	0.004896	0.275912	-0.960977	0.019884	-0.000781	0.020463	0.999790	
4838								2021	09	15	14	31	40.344	0.000189	0.185797	9.767832	-0.961178	-0.275884	0.004879	0.275926	-0.960973	0.019882	-0.000797	0.020457	0.999790	
4839								2021	09	15	14	31	40.361	-0.009464	0.195317	9.758806	-0.961179	-0.275881	0.004863	0.275923	-0.960974	0.019881	-0.000811	0.020451	0.999791	
4840								2021	09	15	14	31	40.378	0.001041	0.203818	9.768722	-0.961180	-0.275880	0.004861	0.275922	-0.960975	0.019874	-0.000811	0.020444	0.999791	
4841								2021	09	15	14	31	40.394	0.001489	0.203221	9.768735	-0.961176	-0.275894	0.004868	0.275935	-0.960970	0.019897	-0.000811	0.020468	0.999790	
4842								2021	09	15	14	31	40.411	0.001711	0.202624	9.768747	-0.961173	-0.275903	0.004823	0.275944	-0.960968	0.019903	-0.000856	0.020461	0.999790	
4843								2021	09	15	14	31	40.428	-0.017525	0.192277	9.768897	-0.961177	-0.275890	0.004850	0.275931	-0.960972	0.019889	-0.000826	0.020455	0.999790	
4844								2021	09	15	14	31	40.444	-0.007314	0.191455	9.768628	-0.961174	-0.275902	0.004820	0.275943	-0.960968	0.019891	-0.000856	0.020448	0.999791	
4845								2021	09	15	14	31	40.461	0.002765	0.200538	9.768790	-0.961178	-0.275886	0.004812	0.275927	-0.960972	0.019919	-0.000871	0.020473	0.999790	
4846								2021	09	15	14	31	40.478	-0.006784	0.190264	9.768652	-0.961287	-0.275503	0.005109	0.275550	-0.961082	0.019827	-0.000552	0.020467	0.999790	
4847								2021	09	15	14	31	40.494	0.003811	0.208439	9.779006	-0.961278	-0.275535	0.005103	0.275582	-0.961074	0.019806	-0.000553	0.020445	0.999791	
4848								2021	09	15	14	31	40.511	-0.005518	0.198014	9.778871	-0.961268	-0.275569	0.005119	0.275616	-0.961064	0.019809	-0.000539	0.020453	0.999791	
4849								2021	09	15	14	31	40.528	0.004694	0.197190	9.778600	-0.961277	-0.275536	0.005101	0.275582	-0.961074	0.019793	-0.000552	0.020432	0.999791	
4850								2021	09	15	14	31	40.544	0.005068	0.196443	9.778615	-0.961273	-0.275550	0.005105	0.275597	-0.961069	0.019800	-0.000550	0.020440	0.999791	
4851								2021	09	15	14	31	40.561	-0.024597	0.207158	9.750671	-0.961275	-0.275543	0.005093	0.275590	-0.961071	0.019811	-0.000564	0.020448	0.999791	
4852								2021	09	15	14	31	40.578	0.005033	0.186894	9.748943	-0.961273	-0.275550	0.005130	0.275597	-0.961069	0.019826	-0.000533	0.020472	0.999790	
4853								2021	09	15	14	31	40.594	0.006524	0.204922	9.769336	-0.961268	-0.275568	0.005158	0.275616	-0.961064	0.019811	-0.000502	0.020465	0.999790	
4854								2021	09	15	14	31	40.611	0.007355	0.183704	9.787975	-0.961263	-0.275587	0.005121	0.275634	-0.961059	0.019799	-0.000534	0.020443	0.999791	
4855								2021	09	15	14	31	40.628	-0.002870	0.194121	9.759465	-0.961259	-0.275598	0.005124	0.275645	-0.961055	0.019807	-0.000534	0.020452	0.999791	
4856								2021	09	15	14	31	40.644	0.007053	0.193890	9.749436	-0.961265	-0.275579	0.005127	0.275626	-0.961061	0.019817	-0.000534	0.020462	0.999790	
4857								2021	09	15	14	31	40.661	-0.001011	0.210954	9.789630	-0.961269	-0.275565	0.005107	0.275611	-0.961065	0.019801	-0.000548	0.020442	0.999791	
4858								2021	09	15	14	31	40.678	0.017776	0.191954	9.758925	-0.961270	-0.275560	0.005101	0.275606	-0.961066	0.019827	-0.000561	0.020465	0.999790	
4859								2021	09	15	14	31	40.694	-0.000874	0.190696	9.779018	-0.961260	-0.275597	0.005087	0.275643	-0.961055	0.019840	-0.000579	0.020473	0.999790	
4860								2021	09	15	14	31	40.711	-0.000604	0.209981	9.770168	-0.961262	-0.275588	0.005086	0.275634	-0.961058	0.019833	-0.000578	0.020467	0.999790	
4861								2021	09	15	14	31	40.728	-0.000522	0.200006	9.759986	-0.961268	-0.275567	0.005090	0.275614	-0.961064	0.019840	-0.000575	0.020475	0.999790	
4862								2021	09	15	14	31	40.744	-0.009031	0.198299	9.789540	-0.961280	-0.275528	0.005089	0.275575	-0.961074	0.019883	-0.000587	0.020515	0.999789	
4863								2021	09	15	14	31	40.761	-0.009790	0.209325	9.750993	-0.961267	-0.275572	0.005072	0.275618	-0.961062	0.019880	-0.000603	0.020508	0.999790	
4864								2021	09	15	14	31	40.778	0.010855	0.187563	9.778784	-0.961277	-0.275538	0.005088	0.275585	-0.961071	0.019870	-0.000585	0.020502	0.999790	
4865								2021	09	15	14	31	40.794	0.010747	0.197621	9.759741	-0.961273	-0.275552	0.005065	0.275598	-0.961067	0.019902	-0.000616	0.020527	0.999789	
4866								2021	09	15	14	31	40.811	-0.008461	0.206789	9.760789	-0.961271	-0.275558	0.005041	0.275603	-0.961066	0.019870	-0.000631	0.020490	0.999790	
4867								2021	09	15	14	31	40.828	0.001505	0.196135	9.760065	-0.961272	-0.275555	0.005029	0.275600	-0.961067	0.019883	-0.000645	0.020499	0.999790	
