// Start Time: Unknown: 
// Update Rate: 40.0Hz 
// Filter Profile: human (46.1) 
// Firmware Version: 4.6.0
// Option Flags: AHS Disabled ICC Disabled 
PacketCounter	SampleTimeFine	Year	Month	Day	Second	UTC_Nano	UTC_Year	UTC_Month	UTC_Day	UTC_Hour	UTC_Minute	UTC_Second	UTC_Valid	Acc_X	Acc_Y	Acc_Z	Mat[1][1]	Mat[2][1]	Mat[3][1]	Mat[1][2]	Mat[2][2]	Mat[3][2]	Mat[1][3]	Mat[2][3]	Mat[3][3] 
4680								2021	09	15	14	31	37.711	0.058598	0.217334	9.787367	-0.869250	-0.494000	0.019188	0.494292	-0.869154	0.015686	0.008928	0.023120	0.999693	
4681								2021	09	15	14	31	37.728	0.058598	0.217334	9.787367	-0.869250	-0.494000	0.019188	0.494292	-0.869154	0.015686	0.008928	0.023120	0.999693	
4682								2021	09	15	14	31	37.744	0.087527	0.208893	9.807542	-0.869246	-0.494008	0.019181	0.494300	-0.869150	0.015679	0.008926	0.023110	0.999693	
4683								2021	09	15	14	31	37.761	0.077394	0.218331	9.787760	-0.869247	-0.494004	0.019224	0.494296	-0.869152	0.015697	0.008954	0.023147	0.999692	
4684								2021	09	15	14	31	37.778	0.077528	0.208735	9.787817	-0.869249	-0.494001	0.019211	0.494293	-0.869154	0.015676	0.008953	0.023122	0.999693	
4685								2021	09	15	14	31	37.794	0.076682	0.218425	9.787763	-0.869237	-0.494022	0.019218	0.494315	-0.869142	0.015661	0.008966	0.023113	0.999693	
4686								2021	09	15	14	31	37.811	0.076070	0.208974	9.817112	-0.869248	-0.494003	0.019215	0.494296	-0.869152	0.015688	0.008951	0.023134	0.999692	
4687								2021	09	15	14	31	37.828	0.086533	0.199780	9.778312	-0.869257	-0.493986	0.019224	0.494279	-0.869162	0.015707	0.008949	0.023155	0.999692	
4688								2021	09	15	14	31	37.844	0.055488	0.218318	9.797127	-0.869251	-0.493996	0.019232	0.494289	-0.869155	0.015727	0.008946	0.023177	0.999691	
4689								2021	09	15	14	31	37.861	0.065661	0.199443	9.787679	-0.869247	-0.494006	0.019193	0.494299	-0.869149	0.015755	0.008899	0.023182	0.999692	
4690								2021	09	15	14	31	37.878	0.083888	0.210175	9.797784	-0.869234	-0.494027	0.019193	0.494320	-0.869138	0.015726	0.008912	0.023157	0.999692	
4691								2021	09	15	14	31	37.894	0.064927	0.199483	9.777920	-0.869243	-0.494011	0.019215	0.494304	-0.869146	0.015739	0.008925	0.023179	0.999691	
4692								2021	09	15	14	31	37.911	0.062875	0.219499	9.816850	-0.869235	-0.494024	0.019237	0.494318	-0.869139	0.015752	0.008937	0.023201	0.999691	
4693								2021	09	15	14	31	37.928	0.082588	0.220434	9.787958	-0.869231	-0.494032	0.019230	0.494325	-0.869134	0.015744	0.008935	0.023191	0.999691	
4694								2021	09	15	14	31	37.944	0.082026	0.210934	9.807546	-0.869233	-0.494029	0.019212	0.494322	-0.869136	0.015779	0.008903	0.023212	0.999691	
4695								2021	09	15	14	31	37.961	0.071728	0.210623	9.807347	-0.869229	-0.494037	0.019220	0.494330	-0.869131	0.015763	0.008917	0.023203	0.999691	
4696								2021	09	15	14	31	37.978	0.071692	0.210509	9.797587	-0.869238	-0.494020	0.019233	0.494313	-0.869142	0.015728	0.008947	0.023178	0.999691	
4697								2021	09	15	14	31	37.994	0.070704	0.220397	9.807290	-0.869232	-0.494030	0.019241	0.494323	-0.869136	0.015747	0.008943	0.023199	0.999691	
4698								2021	09	15	14	31	38.011	0.061436	0.210007	9.787626	-0.869234	-0.494027	0.019225	0.494320	-0.869138	0.015692	0.008957	0.023144	0.999692	
4699								2021	09	15	14	31	38.028	0.090245	0.211478	9.797996	-0.869222	-0.494047	0.019268	0.494341	-0.869126	0.015710	0.008985	0.023181	0.999691	
4700								2021	09	15	14	31	38.044	0.079835	0.211347	9.817318	-0.869231	-0.494030	0.019275	0.494324	-0.869136	0.015695	0.008999	0.023171	0.999691	
4701								2021	09	15	14	31	38.061	0.069288	0.230387	9.787705	-0.869227	-0.494037	0.019270	0.494331	-0.869132	0.015721	0.008981	0.023191	0.999691	
4702								2021	09	15	14	31	38.078	0.079232	0.211554	9.797793	-0.869238	-0.494019	0.019263	0.494313	-0.869142	0.015713	0.008980	0.023181	0.999691	
4703								2021	09	15	14	31	38.094	0.068620	0.220840	9.797532	-0.869249	-0.493999	0.019271	0.494293	-0.869154	0.015698	0.008995	0.023171	0.999691	
4704								2021	09	15	14	31	38.111	0.068775	0.211168	9.797593	-0.869250	-0.493996	0.019286	0.494290	-0.869155	0.015697	0.009008	0.023178	0.999691	
4705								2021	09	15	14	31	38.128	0.068100	0.211373	9.807357	-0.869252	-0.493993	0.019273	0.494287	-0.869157	0.015710	0.008991	0.023183	0.999691	
4706								2021	09	15	14	31	38.144	0.077460	0.211929	9.807562	-0.869262	-0.493975	0.019295	0.494269	-0.869167	0.015688	0.009021	0.023174	0.999691	
4707								2021	09	15	14	31	38.161	0.067124	0.221238	9.797533	-0.869263	-0.493973	0.019297	0.494267	-0.869168	0.015694	0.009019	0.023180	0.999691	
4708								2021	09	15	14	31	38.178	0.076878	0.212265	9.797796	-0.869266	-0.493968	0.019312	0.494263	-0.869170	0.015727	0.009016	0.023216	0.999690	
4709								2021	09	15	14	31	38.194	0.076328	0.212497	9.797796	-0.869246	-0.494003	0.019292	0.494297	-0.869151	0.015727	0.008998	0.023207	0.999690	
4710								2021	09	15	14	31	38.211	0.085743	0.212935	9.788243	-0.869242	-0.494011	0.019287	0.494306	-0.869146	0.015720	0.008998	0.023198	0.999690	
4711								2021	09	15	14	31	38.228	0.080396	0.212814	9.795463	-0.869244	-0.494006	0.019296	0.494301	-0.869149	0.015722	0.009004	0.023204	0.999690	
4712								2021	09	15	14	31	38.244	0.075049	0.212694	9.802683	-0.869247	-0.494002	0.019305	0.494296	-0.869151	0.015724	0.009011	0.023211	0.999690	
4713								2021	09	15	14	31	38.261	0.075153	0.203081	9.797863	-0.869226	-0.494036	0.019324	0.494332	-0.869132	0.015702	0.009038	0.023201	0.999690	
4714								2021	09	15	14	31	38.278	0.082701	0.232960	9.807650	-0.869231	-0.494030	0.019284	0.494325	-0.869135	0.015729	0.008990	0.023205	0.999690	
4715								2021	09	15	14	31	38.294	0.064599	0.202709	9.787896	-0.869224	-0.494040	0.019319	0.494335	-0.869130	0.015700	0.009035	0.023197	0.999690	
4716								2021	09	15	14	31	38.311	0.083167	0.213422	9.798017	-0.869227	-0.494037	0.019306	0.494332	-0.869132	0.015679	0.009034	0.023172	0.999691	
4717								2021	09	15	14	31	38.328	0.073025	0.212943	9.797811	-0.869229	-0.494032	0.019320	0.494327	-0.869135	0.015677	0.009047	0.023177	0.999690	
4718								2021	09	15	14	31	38.344	0.072578	0.222882	9.787982	-0.869230	-0.494029	0.019368	0.494325	-0.869136	0.015675	0.009090	0.023200	0.999690	
4719								2021	09	15	14	31	38.361	0.063627	0.203125	9.787894	-0.869224	-0.494038	0.019383	0.494335	-0.869130	0.015674	0.009102	0.023206	0.999689	
4720								2021	09	15	14	31	38.378	0.070433	0.206076	9.792916	-0.869218	-0.494048	0.019392	0.494344	-0.869125	0.015677	0.009109	0.023213	0.999689	
4721								2021	09	15	14	31	38.394	0.077240	0.209027	9.797939	-0.869213	-0.494057	0.019402	0.494354	-0.869119	0.015680	0.009115	0.023220	0.999689	
4722								2021	09	15	14	31	38.411	0.071413	0.213893	9.797802	-0.869214	-0.494056	0.019387	0.494352	-0.869120	0.015693	0.009096	0.023225	0.999689	
4723								2021	09	15	14	31	38.428	0.080481	0.214666	9.807775	-0.869222	-0.494040	0.019409	0.494337	-0.869128	0.015706	0.009109	0.023246	0.999688	
4724								2021	09	15	14	31	38.444	0.070563	0.223777	9.778213	-0.869214	-0.494055	0.019401	0.494352	-0.869121	0.015665	0.009122	0.023207	0.999689	
4725								2021	09	15	14	31	38.461	0.060926	0.213447	9.787833	-0.869218	-0.494047	0.019436	0.494344	-0.869126	0.015635	0.009168	0.023198	0.999689	
4726								2021	09	15	14	31	38.478	0.080390	0.204746	9.798084	-0.869215	-0.494054	0.019416	0.494350	-0.869122	0.015634	0.009151	0.023187	0.999689	
4727								2021	09	15	14	31	38.494	0.069600	0.214084	9.797811	-0.869209	-0.494063	0.019417	0.494360	-0.869117	0.015640	0.009148	0.023193	0.999689	
4728								2021	09	15	14	31	38.511	0.069206	0.214241	9.797811	-0.869220	-0.494044	0.019432	0.494341	-0.869128	0.015638	0.009163	0.023199	0.999689	
4729								2021	09	15	14	31	38.528	0.069593	0.194795	9.807704	-0.869214	-0.494055	0.019419	0.494352	-0.869122	0.015618	0.009162	0.023175	0.999689	
4730								2021	09	15	14	31	38.544	0.068054	0.214307	9.807580	-0.869202	-0.494076	0.019407	0.494373	-0.869109	0.015631	0.009144	0.023181	0.999689	
4731								2021	09	15	14	31	38.561	0.068083	0.214512	9.788050	-0.869189	-0.494098	0.019450	0.494396	-0.869096	0.015650	0.009171	0.023218	0.999688	
4732								2021	09	15	14	31	38.578	0.067677	0.215043	9.788041	-0.869199	-0.494079	0.019459	0.494377	-0.869106	0.015703	0.009153	0.023269	0.999687	
4733								2021	09	15	14	31	38.594	0.067278	0.215349	9.788037	-0.869185	-0.494102	0.019480	0.494401	-0.869092	0.015681	0.009181	0.023261	0.999687	
4734								2021	09	15	14	31	38.611	0.076342	0.216199	9.807774	-0.869180	-0.494111	0.019509	0.494410	-0.869087	0.015707	0.009194	0.023298	0.999686	
4735								2021	09	15	14	31	38.628	0.076235	0.216453	9.798007	-0.869189	-0.494095	0.019524	0.494395	-0.869096	0.015706	0.009208	0.023304	0.999686	
4736								2021	09	15	14	31	38.644	0.086389	0.207235	9.788525	-0.869183	-0.494105	0.019530	0.494405	-0.869090	0.015692	0.009220	0.023295	0.999686	
4737								2021	09	15	14	31	38.661	0.075580	0.206994	9.807838	-0.869172	-0.494125	0.019499	0.494424	-0.869078	0.015732	0.009173	0.023315	0.999686	
4738								2021	09	15	14	31	38.678	0.074893	0.216717	9.788249	-0.869174	-0.494121	0.019500	0.494420	-0.869081	0.015704	0.009188	0.023291	0.999687	
4739								2021	09	15	14	31	38.694	0.064461	0.216192	9.797800	-0.869183	-0.494106	0.019481	0.494405	-0.869090	0.015704	0.009171	0.023281	0.999687	
4740								2021	09	15	14	31	38.711	0.084294	0.207632	9.788535	-0.869186	-0.494100	0.019522	0.494400	-0.869092	0.015722	0.009198	0.023317	0.999686	
4741								2021	09	15	14	31	38.728	0.074650	0.197754	9.788379	-0.869173	-0.494122	0.019517	0.494422	-0.869079	0.015749	0.009180	0.023338	0.999685	
4742								2021	09	15	14	31	38.744	0.092141	0.218768	9.808204	-0.869190	-0.494092	0.019533	0.494393	-0.869095	0.015782	0.009178	0.023374	0.999685	
4743								2021	09	15	14	31	38.761	0.072902	0.208240	9.798069	-0.869193	-0.494087	0.019534	0.494388	-0.869098	0.015787	0.009177	0.023380	0.999685	
4744								2021	09	15	14	31	38.778	0.072655	0.208338	9.788306	-0.869195	-0.494083	0.019535	0.494384	-0.869100	0.015793	0.009175	0.023385	0.999684	
4745								2021	09	15	14	31	38.794	0.072260	0.208496	9.788306	-0.869191	-0.494089	0.019549	0.494391	-0.869096	0.015791	0.009188	0.023390	0.999684	
4746								2021	09	15	14	31	38.811	0.081311	0.209510	9.808045	-0.869185	-0.494099	0.019599	0.494402	-0.869089	0.015824	0.009215	0.023444	0.999683	
4747								2021	09	15	14	31	38.828	0.061041	0.218558	9.797770	-0.869171	-0.494124	0.019574	0.494426	-0.869075	0.015845	0.009182	0.023450	0.999683	
4748								2021	09	15	14	31	38.844	0.080956	0.209807	9.778754	-0.869167	-0.494131	0.019582	0.494433	-0.869071	0.015830	0.009196	0.023440	0.999683	
4749								2021	09	15	14	31	38.861	0.079519	0.219832	9.798212	-0.869153	-0.494156	0.019575	0.494458	-0.869057	0.015857	0.009176	0.023461	0.999683	
4750								2021	09	15	14	31	38.878	0.069964	0.209661	9.788298	-0.869152	-0.494157	0.019569	0.494460	-0.869056	0.015851	0.009174	0.023453	0.999683	
4751								2021	09	15	14	31	38.894	0.068385	0.229316	9.788160	-0.869156	-0.494151	0.019563	0.494454	-0.869059	0.015877	0.009156	0.023472	0.999683	
4752								2021	09	15	14	31	38.911	0.078699	0.210564	9.788519	-0.869151	-0.494159	0.019578	0.494462	-0.869054	0.015875	0.009169	0.023478	0.999682	
4753								2021	09	15	14	31	38.928	0.068329	0.210184	9.798060	-0.869146	-0.494167	0.019572	0.494470	-0.869050	0.015867	0.009168	0.023469	0.999683	
4754								2021	09	15	14	31	38.944	0.067562	0.210318	9.807825	-0.869165	-0.494135	0.019559	0.494437	-0.869068	0.015880	0.009151	0.023473	0.999683	
4755								2021	09	15	14	31	38.961	0.077596	0.201108	9.798357	-0.869174	-0.494119	0.019567	0.494422	-0.869077	0.015865	0.009166	0.023464	0.999683	
4756								2021	09	15	14	31	38.978	0.076318	0.220409	9.788462	-0.869169	-0.494129	0.019533	0.494431	-0.869073	0.015838	0.009150	0.023424	0.999684	
4757								2021	09	15	14	31	38.994	0.077205	0.200709	9.778844	-0.869172	-0.494124	0.019553	0.494425	-0.869076	0.015816	0.009178	0.023414	0.999684	
4758								2021	09	15	14	31	39.011	0.066393	0.209938	9.778554	-0.869172	-0.494124	0.019508	0.494425	-0.869076	0.015831	0.009131	0.023405	0.999684	
4759								2021	09	15	14	31	39.028	0.075071	0.220444	9.778709	-0.869166	-0.494134	0.019549	0.494435	-0.869070	0.015850	0.009157	0.023442	0.999683	
4760								2021	09	15	14	31	39.044	0.084860	0.201878	9.808359	-0.869161	-0.494144	0.019542	0.494445	-0.869064	0.015842	0.009155	0.023432	0.999684	
4761								2021	09	15	14	31	39.061	0.083419	0.221326	9.798462	-0.869162	-0.494142	0.019511	0.494443	-0.869066	0.015850	0.009124	0.023423	0.999684	
4762								2021	09	15	14	31	39.078	0.073507	0.211120	9.798309	-0.869166	-0.494135	0.019498	0.494436	-0.869069	0.015862	0.009107	0.023427	0.999684	
4763								2021	09	15	14	31	39.094	0.082861	0.211807	9.798536	-0.869168	-0.494132	0.019526	0.494433	-0.869071	0.015853	0.009135	0.023433	0.999684	
4764								2021	09	15	14	31	39.111	0.072711	0.211659	9.798304	-0.869165	-0.494136	0.019534	0.494438	-0.869068	0.015906	0.009116	0.023483	0.999683	
4765								2021	09	15	14	31	39.128	0.081909	0.212568	9.798528	-0.869175	-0.494119	0.019534	0.494421	-0.869077	0.015911	0.009114	0.023488	0.999683	
4766								2021	09	15	14	31	39.144	0.071456	0.212324	9.808061	-0.869274	-0.493962	0.019064	0.494252	-0.869177	0.015719	0.008805	0.023087	0.999695	
4767								2021	09	15	14	31	39.161	0.081648	0.203372	9.788832	-0.869266	-0.493976	0.019065	0.494266	-0.869168	0.015759	0.008786	0.023122	0.999694	
4768								2021	09	15	14	31	39.178	0.080328	0.213635	9.798518	-0.869278	-0.493955	0.019080	0.494245	-0.869179	0.015792	0.008783	0.023157	0.999693	
4769								2021	09	15	14	31	39.194	0.069793	0.213612	9.808045	-0.869275	-0.493960	0.019081	0.494251	-0.869175	0.015831	0.008765	0.023193	0.999693	
4770								2021	09	15	14	31	39.211	0.080144	0.204659	9.788817	-0.869294	-0.493926	0.019115	0.494218	-0.869194	0.015836	0.008793	0.023213	0.999692	
4771								2021	09	15	14	31	39.228	0.069843	0.214124	9.778746	-0.869274	-0.493961	0.019136	0.494253	-0.869174	0.015847	0.008805	0.023234	0.999691	
4772								2021	09	15	14	31	39.244	0.079337	0.205195	9.798575	-0.869277	-0.493954	0.019142	0.494246	-0.869178	0.015832	0.008818	0.023223	0.999691	
4773								2021	09	15	14	31	39.261	0.068279	0.224104	9.788438	-0.869254	-0.493996	0.019122	0.494287	-0.869154	0.015831	0.008799	0.023213	0.999692	
4774								2021	09	15	14	31	39.278	0.068577	0.204745	9.798349	-0.869261	-0.493983	0.019121	0.494275	-0.869162	0.015837	0.008796	0.023217	0.999692	
4775								2021	09	15	14	31	39.294	0.077694	0.205433	9.808345	-0.869243	-0.494014	0.019128	0.494306	-0.869144	0.015821	0.008809	0.023208	0.999692	
4776								2021	09	15	14	31	39.311	0.067317	0.214742	9.798275	-0.869239	-0.494021	0.019148	0.494313	-0.869140	0.015833	0.008820	0.023228	0.999691	
4777								2021	09	15	14	31	39.328	0.077212	0.205694	9.798581	-0.869242	-0.494016	0.019141	0.494308	-0.869143	0.015825	0.008819	0.023217	0.999692	
4778								2021	09	15	14	31	39.344	0.075574	0.215719	9.818034	-0.869237	-0.494026	0.019121	0.494318	-0.869137	0.015858	0.008785	0.023236	0.999691	
4779								2021	09	15	14	31	39.361	0.075742	0.215688	9.788747	-0.869251	-0.494000	0.019127	0.494292	-0.869151	0.015843	0.008798	0.023226	0.999692	
4780								2021	09	15	14	31	39.378	0.085943	0.206575	9.789054	-0.869259	-0.493985	0.019181	0.494278	-0.869160	0.015819	0.008857	0.023232	0.999691	
4781								2021	09	15	14	31	39.394	0.075953	0.206042	9.788822	-0.869245	-0.494010	0.019154	0.494302	-0.869146	0.015805	0.008840	0.023206	0.999692	
4782								2021	09	15	14	31	39.411	0.075167	0.206333	9.798584	-0.869243	-0.494013	0.019175	0.494306	-0.869144	0.015851	0.008836	0.023257	0.999690	
4783								2021	09	15	14	31	39.428	0.074529	0.206701	9.808343	-0.869243	-0.494012	0.019181	0.494305	-0.869144	0.015835	0.008848	0.023246	0.999691	
4784								2021	09	15	14	31	39.444	0.083809	0.217111	9.788976	-0.869246	-0.494006	0.019195	0.494300	-0.869147	0.015867	0.008845	0.023281	0.999690	
4785								2021	09	15	14	31	39.461	0.073105	0.217063	9.808261	-0.869238	-0.494020	0.019203	0.494314	-0.869138	0.015887	0.008842	0.023302	0.999689	
4786								2021	09	15	14	31	39.478	0.073258	0.207546	9.808335	-0.869240	-0.494016	0.019216	0.494311	-0.869140	0.015885	0.008854	0.023307	0.999689	
4787								2021	09	15	14	31	39.494	0.062564	0.216898	9.808022	-0.869254	-0.493991	0.019217	0.494286	-0.869154	0.015890	0.008853	0.023311	0.999689	
4788								2021	09	15	14	31	39.511	0.082385	0.208347	9.798809	-0.869269	-0.493965	0.019215	0.494259	-0.869169	0.015895	0.008850	0.023314	0.999689	
4789								2021	09	15	14	31	39.528	0.072172	0.217646	9.778969	-0.869265	-0.493972	0.019236	0.494267	-0.869165	0.015906	0.008862	0.023335	0.999688	
4790								2021	09	15	14	31	39.544	0.081426	0.208877	9.808568	-0.869273	-0.493958	0.019248	0.494253	-0.869173	0.015904	0.008874	0.023338	0.999688	
4791								2021	09	15	14	31	39.561	0.081347	0.208975	9.798804	-0.869267	-0.493967	0.019261	0.494262	-0.869167	0.015902	0.008886	0.023343	0.999688	
4792								2021	09	15	14	31	39.578	0.070888	0.218336	9.788725	-0.869280	-0.493945	0.019270	0.494241	-0.869179	0.015921	0.008885	0.023364	0.999688	
4793								2021	09	15	14	31	39.594	0.070099	0.218553	9.798488	-0.869267	-0.493968	0.019249	0.494264	-0.869166	0.015920	0.008866	0.023353	0.999688	
4794								2021	09	15	14	31	39.611	0.060199	0.208387	9.808090	-0.869269	-0.493964	0.019262	0.494260	-0.869168	0.015919	0.008879	0.023358	0.999688	
4795								2021	09	15	14	31	39.628	0.079301	0.209663	9.808568	-0.869280	-0.493944	0.019261	0.494240	-0.869180	0.015923	0.008876	0.023361	0.999688	
4796								2021	09	15	14	31	39.644	0.078831	0.209818	9.808569	-0.869267	-0.493967	0.019260	0.494263	-0.869167	0.015929	0.008872	0.023366	0.999688	
4797								2021	09	15	14	31	39.661	0.068470	0.218883	9.788730	-0.869272	-0.493960	0.019232	0.494255	-0.869171	0.015914	0.008855	0.023340	0.999688	
4798								2021	09	15	14	31	39.678	0.068318	0.209351	9.798570	-0.869287	-0.493932	0.019261	0.494228	-0.869186	0.015939	0.008869	0.023375	0.999687	
4799								2021	09	15	14	31	39.694	0.077983	0.210163	9.789045	-0.869271	-0.493961	0.019274	0.494257	-0.869170	0.015937	0.008880	0.023380	0.999687	
4800								2021	09	15	14	31	39.711	0.067910	0.209836	9.788800	-0.869265	-0.493970	0.019295	0.494267	-0.869164	0.015948	0.008892	0.023400	0.999687	
4801								2021	09	15	14	31	39.728	0.068081	0.200173	9.788880	-0.869268	-0.493964	0.019282	0.494261	-0.869168	0.015927	0.008892	0.023375	0.999687	
4802								2021	09	15	14	31	39.744	0.057359	0.209356	9.798324	-0.869275	-0.493950	0.019329	0.494247	-0.869176	0.015890	0.008951	0.023366	0.999687	
4803								2021	09	15	14	31	39.761	0.085778	0.220980	9.798970	-0.869243	-0.494008	0.019324	0.494305	-0.869143	0.015916	0.008932	0.023387	0.999687	
4804								2021	09	15	14	31	39.778	0.075730	0.220431	9.788968	-0.869246	-0.494002	0.019309	0.494299	-0.869147	0.015894	0.008931	0.023361	0.999687	
4805								2021	09	15	14	31	39.794	0.075166	0.210956	9.818335	-0.869251	-0.493994	0.019328	0.494291	-0.869151	0.015905	0.008942	0.023380	0.999687	
4806								2021	09	15	14	31	39.811	0.065514	0.210635	9.798562	-0.869246	-0.494000	0.019341	0.494298	-0.869146	0.015937	0.008938	0.023413	0.999686	
4807								2021	09	15	14	31	39.828	0.074933	0.211519	9.798801	-0.869246	-0.494000	0.019369	0.494298	-0.869146	0.015927	0.008966	0.023419	0.999686	
4808								2021	09	15	14	31	39.844	0.084510	0.212185	9.799044	-0.869243	-0.494004	0.019388	0.494303	-0.869144	0.015905	0.008994	0.023409	0.999686	
4809								2021	09	15	14	31	39.861	0.074768	0.211705	9.789036	-0.869251	-0.493991	0.019408	0.494290	-0.869152	0.015916	0.009006	0.023428	0.999685	
4810								2021	09	15	14	31	39.878	0.054229	0.210986	9.808069	-0.869252	-0.493989	0.019388	0.494288	-0.869152	0.015949	0.008973	0.023447	0.999685	
4811								2021	09	15	14	31	39.894	0.073996	0.212173	9.779270	-0.869248	-0.493996	0.019415	0.494295	-0.869148	0.015940	0.009000	0.023452	0.999684	
4812								2021	09	15	14	31	39.911	0.073098	0.212537	9.798793	-0.869244	-0.494003	0.019407	0.494303	-0.869143	0.015965	0.008981	0.023471	0.999684	
4813								2021	09	15	14	31	39.928	0.082873	0.203599	9.799119	-0.869236	-0.494016	0.019407	0.494316	-0.869136	0.015971	0.008978	0.023476	0.999684	
4814								2021	09	15	14	31	39.944	0.071325	0.222738	9.808473	-0.869250	-0.493990	0.019421	0.494290	-0.869150	0.015968	0.008992	0.023480	0.999684	
4815								2021	09	15	14	31	39.961	0.071691	0.212855	9.798796	-0.869233	-0.494022	0.019386	0.494321	-0.869133	0.015941	0.008974	0.023440	0.999685	
4816								2021	09	15	14	31	39.978	0.071806	0.203041	9.798882	-0.869235	-0.494018	0.019399	0.494317	-0.869136	0.015940	0.008986	0.023445	0.999685	
4817								2021	09	15	14	31	39.994	0.081083	0.213322	9.779526	-0.869236	-0.494016	0.019391	0.494315	-0.869137	0.015932	0.008983	0.023434	0.999685	
4818								2021	09	15	14	31	40.011	0.080616	0.203787	9.799134	-0.869226	-0.494035	0.019378	0.494334	-0.869126	0.015944	0.008965	0.023438	0.999685	
4819								2021	09	15	14	31	40.028	0.069995	0.213039	9.789043	-0.869227	-0.494033	0.019377	0.494332	-0.869127	0.015948	0.008962	0.023441	0.999685	
4820								2021	09	15	14	31	40.044	0.079682	0.203878	9.799140	-0.869223	-0.494040	0.019369	0.494338	-0.869124	0.015906	0.008976	0.023401	0.999686	
4821								2021	09	15	14	31	40.061	0.088700	0.223847	9.769941	-0.869235	-0.494018	0.019397	0.494317	-0.869136	0.015930	0.008989	0.023435	0.999685	
4822								2021	09	15	14	31	40.078	0.069553	0.203542	9.789126	-0.869237	-0.494014	0.019403	0.494313	-0.869138	0.015914	0.009002	0.023424	0.999685	
4823								2021	09	15	14	31	40.094	0.088060	0.214626	9.789544	-0.869239	-0.494011	0.019409	0.494311	-0.869139	0.015931	0.008998	0.023442	0.999685	
4824								2021	09	15	14	31	40.111	0.067772	0.213665	9.798807	-0.869241	-0.494009	0.019388	0.494307	-0.869141	0.015930	0.008981	0.023431	0.999685	
4825								2021	09	15	14	31	40.128	0.067640	0.204062	9.808652	-0.869250	-0.493992	0.019400	0.494291	-0.869151	0.015928	0.008993	0.023435	0.999685	
4826								2021	09	15	14	31	40.144	0.076878	0.214645	9.799054	-0.869252	-0.493987	0.019454	0.494288	-0.869152	0.015939	0.009035	0.023471	0.999684	
4827								2021	09	15	14	31	40.161	0.087323	0.205666	9.779860	-0.869239	-0.494011	0.019427	0.494311	-0.869139	0.015958	0.009001	0.023474	0.999684	
4828								2021	09	15	14	31	40.178	0.076184	0.215116	9.789287	-0.869248	-0.493994	0.019447	0.494294	-0.869148	0.015970	0.009013	0.023494	0.999683	
4829								2021	09	15	14	31	40.194	0.075533	0.205874	9.818654	-0.869248	-0.493995	0.019440	0.494295	-0.869147	0.015996	0.008994	0.023513	0.999683	
4830								2021	09	15	14	31	40.211	0.065500	0.205438	9.808638	-0.869252	-0.493987	0.019441	0.494287	-0.869151	0.016001	0.008993	0.023518	0.999683	
4831								2021	09	15	14	31	40.228	0.074769	0.215805	9.789283	-0.869238	-0.494011	0.019454	0.494312	-0.869137	0.015999	0.009004	0.023523	0.999683	
4832								2021	09	15	14	31	40.244	0.065558	0.196015	9.798957	-0.869243	-0.494003	0.019461	0.494304	-0.869142	0.016017	0.009002	0.023543	0.999682	
4833								2021	09	15	14	31	40.261	0.074386	0.206521	9.799126	-0.869237	-0.494011	0.019480	0.494312	-0.869137	0.015995	0.009029	0.023533	0.999682	
4834								2021	09	15	14	31	40.278	0.074392	0.206839	9.789358	-0.869241	-0.494002	0.019522	0.494305	-0.869140	0.016047	0.009040	0.023598	0.999681	
4835								2021	09	15	14	31	40.294	0.063243	0.216356	9.798778	-0.869242	-0.494003	0.019480	0.494305	-0.869141	0.016039	0.009008	0.023571	0.999682	
4836								2021	09	15	14	31	40.311	0.072696	0.217118	9.789270	-0.869224	-0.494032	0.019516	0.494336	-0.869122	0.016078	0.009019	0.023623	0.999680	
4837								2021	09	15	14	31	40.328	0.062362	0.216899	9.798771	-0.869218	-0.494044	0.019522	0.494347	-0.869116	0.016063	0.009031	0.023613	0.999680	
4838								2021	09	15	14	31	40.344	0.081968	0.218275	9.779755	-0.869212	-0.494052	0.019543	0.494356	-0.869110	0.016108	0.009027	0.023663	0.999679	
4839								2021	09	15	14	31	40.361	0.071557	0.218199	9.789254	-0.869207	-0.494061	0.019564	0.494366	-0.869105	0.016120	0.009039	0.023684	0.999679	
4840								2021	09	15	14	31	40.378	0.071767	0.199078	9.808949	-0.869203	-0.494069	0.019550	0.494373	-0.869100	0.016132	0.009020	0.023687	0.999679	
4841								2021	09	15	14	31	40.394	0.080618	0.209593	9.799357	-0.869192	-0.494088	0.019557	0.494393	-0.869089	0.016151	0.009017	0.023707	0.999678	
4842								2021	09	15	14	31	40.411	0.069945	0.218895	9.799012	-0.869188	-0.494094	0.019577	0.494399	-0.869085	0.016128	0.009045	0.023697	0.999678	
4843								2021	09	15	14	31	40.428	0.060495	0.208476	9.798844	-0.869188	-0.494095	0.019561	0.494399	-0.869086	0.016106	0.009042	0.023671	0.999679	
4844								2021	09	15	14	31	40.444	0.088457	0.220209	9.809294	-0.869170	-0.494126	0.019583	0.494431	-0.869068	0.016118	0.009054	0.023692	0.999678	
4845								2021	09	15	14	31	40.461	0.069515	0.209411	9.799100	-0.869162	-0.494138	0.019597	0.494444	-0.869060	0.016117	0.009067	0.023697	0.999678	
4846								2021	09	15	14	31	40.478	0.078857	0.210259	9.799357	-0.869148	-0.494164	0.019603	0.494469	-0.869045	0.016135	0.009062	0.023717	0.999678	
4847								2021	09	15	14	31	40.494	0.068643	0.209803	9.799098	-0.869147	-0.494165	0.019594	0.494470	-0.869045	0.016127	0.009059	0.023705	0.999678	
4848								2021	09	15	14	31	40.511	0.087394	0.211258	9.809379	-0.869149	-0.494162	0.019600	0.494467	-0.869046	0.016145	0.009055	0.023724	0.999678	
4849								2021	09	15	14	31	40.528	0.078746	0.191312	9.799532	-0.869152	-0.494155	0.019614	0.494461	-0.869050	0.016143	0.009069	0.023730	0.999677	
4850								2021	09	15	14	31	40.544	0.066922	0.210639	9.818615	-0.869159	-0.494142	0.019643	0.494449	-0.869056	0.016167	0.009081	0.023764	0.999676	
4851								2021	09	15	14	31	40.561	0.067319	0.210729	9.789326	-0.869161	-0.494138	0.019641	0.494445	-0.869058	0.016172	0.009078	0.023767	0.999676	
4852								2021	09	15	14	31	40.578	0.076738	0.211655	9.789582	-0.869164	-0.494133	0.019681	0.494441	-0.869061	0.016190	0.009104	0.023803	0.999675	
4853								2021	09	15	14	31	40.594	0.066332	0.211268	9.799083	-0.869152	-0.494155	0.019653	0.494462	-0.869049	0.016175	0.009087	0.023776	0.999676	
4854								2021	09	15	14	31	40.611	0.075604	0.211972	9.799346	-0.869143	-0.494169	0.019673	0.494476	-0.869040	0.016187	0.009098	0.023797	0.999675	
4855								2021	09	15	14	31	40.628	0.075278	0.212282	9.799341	-0.869146	-0.494164	0.019692	0.494472	-0.869043	0.016198	0.009109	0.023815	0.999675	
4856								2021	09	15	14	31	40.644	0.085775	0.203392	9.780165	-0.869155	-0.494147	0.019707	0.494456	-0.869051	0.016231	0.009106	0.023851	0.999674	
4857								2021	09	15	14	31	40.661	0.064584	0.212414	9.799069	-0.869147	-0.494161	0.019700	0.494470	-0.869043	0.016257	0.009087	0.023871	0.999674	
4858								2021	09	15	14	31	40.678	0.073502	0.222793	9.789482	-0.869136	-0.494180	0.019699	0.494489	-0.869032	0.016228	0.009100	0.023845	0.999674	
4859								2021	09	15	14	31	40.694	0.083550	0.213756	9.789837	-0.869159	-0.494140	0.019717	0.494450	-0.869055	0.016239	0.009111	0.023863	0.999674	
4860								2021	09	15	14	31	40.711	0.073770	0.203686	9.799423	-0.869159	-0.494139	0.019716	0.494448	-0.869055	0.016244	0.009108	0.023868	0.999674	
4861								2021	09	15	14	31	40.728	0.061612	0.232446	9.798887	-0.869164	-0.494131	0.019702	0.494440	-0.869060	0.016256	0.009090	0.023870	0.999674	
4862								2021	09	15	14	31	40.744	0.082152	0.204839	9.809449	-0.869174	-0.494113	0.019717	0.494423	-0.869069	0.016288	0.009087	0.023905	0.999673	
4863								2021	09	15	14	31	40.761	0.072359	0.204371	9.799420	-0.869168	-0.494122	0.019737	0.494432	-0.869064	0.016265	0.009116	0.023895	0.999673	
4864								2021	09	15	14	31	40.778	0.062644	0.203684	9.789394	-0.869157	-0.494143	0.019744	0.494453	-0.869053	0.016249	0.009129	0.023886	0.999673	
4865								2021	09	15	14	31	40.794	0.072579	0.194585	9.799515	-0.869155	-0.494145	0.019769	0.494455	-0.869052	0.016207	0.009172	0.023861	0.999673	
4866								2021	09	15	14	31	40.811	0.071892	0.213940	9.770047	-0.869150	-0.494153	0.019776	0.494463	-0.869047	0.016226	0.009168	0.023881	0.999673	
4867								2021	09	15	14	31	40.828	0.081119	0.205438	9.799684	-0.869136	-0.494177	0.019817	0.494488	-0.869032	0.016244	0.009194	0.023918	0.999672	
