{
 "cells": [
  {
   "cell_type": "code",
   "execution_count": 7,
   "source": [
    "import numpy as np\r\n",
    "import matplotlib.pyplot as plt\r\n",
    "import xsensdeviceapi as xda\r\n",
    "import sys\r\n",
    "from threading import Lock\r\n",
    "import re\r\n",
    "import time\r\n",
    "import threading as th\r\n",
    "import os\r\n",
    "import pickle\r\n",
    "from MTwFunctions import pickle2txt"
   ],
   "outputs": [],
   "metadata": {}
  },
  {
   "cell_type": "code",
   "execution_count": 4,
   "source": [
    "MTw_pickle = os.path.dirname(os.path.realpath(\"__file__\")) + \"\\\\MTw Pickle\"\r\n",
    "MTw_txt = os.path.dirname(os.path.realpath(\"__file__\")) + \"\\\\MTw data\"\r\n"
   ],
   "outputs": [
    {
     "output_type": "stream",
     "name": "stdout",
     "text": [
      "c:\\Users\\rena_\\Google Drive\\STG-01\\Projet IMU pour estimation de pose\\IMU python\\MTw Pickle\\test.txt\n"
     ]
    }
   ],
   "metadata": {}
  },
  {
   "cell_type": "code",
   "execution_count": 17,
   "source": [
    "class XdaCallback(xda.XsCallback):\r\n",
    "    def __init__(self, max_buffer_size = 5):\r\n",
    "        xda.XsCallback.__init__(self)\r\n",
    "        self.m_maxNumberOfPacketsInBuffer = max_buffer_size\r\n",
    "        self.m_packetBuffer = list()\r\n",
    "        self.m_lock = Lock()\r\n",
    "\r\n",
    "    def packetAvailable(self):\r\n",
    "        self.m_lock.acquire()\r\n",
    "        res = len(self.m_packetBuffer) > 0\r\n",
    "        self.m_lock.release()\r\n",
    "        return res\r\n",
    "\r\n",
    "    def getNextPacket(self):\r\n",
    "        self.m_lock.acquire()\r\n",
    "        assert(len(self.m_packetBuffer) > 0)\r\n",
    "        oldest_packet = xda.XsDataPacket(self.m_packetBuffer.pop(0))\r\n",
    "        self.m_lock.release()\r\n",
    "        return oldest_packet\r\n",
    "\r\n",
    "    def onLiveDataAvailable(self, dev, packet):\r\n",
    "        self.m_lock.acquire()\r\n",
    "        assert(packet is not 0)\r\n",
    "        while len(self.m_packetBuffer) >= self.m_maxNumberOfPacketsInBuffer:\r\n",
    "            self.m_packetBuffer.pop()\r\n",
    "        self.m_packetBuffer.append(xda.XsDataPacket(packet))\r\n",
    "        self.m_lock.release()\r\n",
    "\r\n",
    "    def writeData(self, filename):\r\n",
    "        self.m_lock.acquire()\r\n",
    "        assert(len(self.m_packetBuffer) > 0)\r\n",
    "        oldest_packet = xda.XsDataPacket(self.m_packetBuffer.pop(0))\r\n",
    "        with open(filename, \"ab\") as file_handle:\r\n",
    "                pickle.dump((oldest_packet.packetCounter(), oldest_packet.calibratedAcceleration(), oldest_packet.orientationMatrix(), oldest_packet.timeOfArrival().toXsString().__str__()), (file_handle))\r\n",
    "        self.m_lock.release()\r\n",
    "    \r\n",
    "\r\n",
    "\r\n",
    "def stopAll():\r\n",
    "    global device\r\n",
    "    global control\r\n",
    "    global Ports\r\n",
    "    print(\"Arrêt de l'enregistrement, mise du dispositif en mode configuration.\")\r\n",
    "    device.stopRecording()\r\n",
    "    device.gotoConfig()\r\n",
    "    device.disableRadio()\r\n",
    "    print(\"Fermeture du fichier mtb\")\r\n",
    "    device.closeLogFile()\r\n",
    "    print(\"Fermeture du port\")\r\n",
    "    control.closePort(Ports)\r\n",
    "    control.close()\r\n",
    "    xda.XsControl.destruct(control)\r\n",
    "\r\n",
    "def checkConnectedSensors(devIdAll):\r\n",
    "    global children\r\n",
    "    global control\r\n",
    "    global device\r\n",
    "    \r\n",
    "    childUsed = np.full(np.shape(children),False).tolist()\r\n",
    "    if children.empty():\r\n",
    "        print(\"Aucun dispositif trouvé.\")\r\n",
    "        stopAll()\r\n",
    "        raise RuntimeError(\"Échec. Aucun capteur MTw trouvé.\")\r\n",
    "    else:\r\n",
    "        for i in range(len(children)):\r\n",
    "            if children[i].connectivityState() == xda.XCS_Wireless:\r\n",
    "                childUsed[i] = True\r\n",
    "        \r\n",
    "        print(\"Dispositifs rejetés:\")\r\n",
    "        rejects = np.array(devIdAll)[[not elem for elem in childUsed]].tolist()\r\n",
    "        for i in range(len(rejects)):\r\n",
    "            index = devIdAll.index(rejects[i])\r\n",
    "            print(\"%d - \"%index +\"%s\" %rejects[i])\r\n",
    "        \r\n",
    "        print(\"Dispositifs acceptés:\")\r\n",
    "        accepted = np.array(devIdAll)[childUsed].tolist()\r\n",
    "        for i in range(len(accepted)):\r\n",
    "            index = devIdAll.index(accepted[i])\r\n",
    "            print(\"%d - \"%index +\"%s\" %accepted[i])\r\n",
    "        \r\n",
    "        option = str(input('Keep current status?'+' (y/n): ')).lower().strip()\r\n",
    "        change = []\r\n",
    "        if option[0] == 'n':\r\n",
    "            op2 = input(\"\\n Type the numbers of the sensors (csv list, e.g. 1,2,3) from which status should be changed \\n (if accepted than reject or the other way around):\\n\")\r\n",
    "            change = [int(i) for i in re.split(\",\",op2)]\r\n",
    "            for i in range(len(change)):\r\n",
    "                if a[change[i]]:\r\n",
    "                    device.rejectConnection(children[change[i]])\r\n",
    "                    childUsed[change[i]] = False\r\n",
    "                else:\r\n",
    "                    device.acceptConnection(children[change[i]])\r\n",
    "                    childUsed[change[i]] = True\r\n",
    "        if sum(childUsed) == 0:\r\n",
    "            stopAll()\r\n",
    "            raise RuntimeError(\"Échec. Aucun capteur MTw trouvé.\")\r\n",
    "    devicesUsed = np.array(children)[childUsed].tolist()\r\n",
    "    devIdUsed = np.array(devIdAll)[childUsed].tolist()\r\n",
    "    nDevs = sum(childUsed)\r\n",
    "\r\n",
    "    return devicesUsed, devIdUsed, nDevs\r\n",
    "\r\n",
    "## Thread to stop recording loop ##\r\n",
    "def key_capture_thread():\r\n",
    "    global keep_going\r\n",
    "    input(\"Press enter to stop recording.\")\r\n",
    "    keep_going = False\r\n",
    "###################################"
   ],
   "outputs": [],
   "metadata": {}
  },
  {
   "cell_type": "code",
   "execution_count": 11,
   "source": [
    "def main():\r\n",
    "    global children\r\n",
    "    global control\r\n",
    "    global device\r\n",
    "    global device\r\n",
    "    global control\r\n",
    "    global Ports\r\n",
    "    global keep_going\r\n",
    "    try:\r\n",
    "        # Extraire la version du Xs Device Api employé\r\n",
    "        xdaVersion = xda.XsVersion()\r\n",
    "        xda.xdaVersion(xdaVersion)\r\n",
    "        print(\"Utilisation de la version XDA: %s \\n\" % xdaVersion.toXsString())\r\n",
    "\r\n",
    "        print(\"Creation d'un objet XsControl...\")\r\n",
    "        control = xda.XsControl_construct()\r\n",
    "        assert(control is not 0)\r\n",
    "\r\n",
    "        print(\"Détection des ports...\\n\")\r\n",
    "        ports_Scan = xda.XsScanner_scanPorts(0,100,True,True)\r\n",
    "\r\n",
    "        # Détection des dispositifs MTw ou Station Awinda\r\n",
    "        Ports = xda.XsPortInfo()\r\n",
    "        for i in range(ports_Scan.size()):\r\n",
    "            if ports_Scan[i].deviceId().isWirelessMaster() or ports_Scan[i].deviceId().isAwindaXStation():\r\n",
    "                \r\n",
    "                Ports = ports_Scan[i]\r\n",
    "                break\r\n",
    "\r\n",
    "        if Ports.empty():\r\n",
    "            raise RuntimeError(\"Échec. Aucun dispositif a été detecté.\")\r\n",
    "\r\n",
    "        devId = Ports.deviceId()\r\n",
    "        print(\" Dispositif trouvé avec les caractéristiques suivantes:\")\r\n",
    "        print(\" Device ID: %s\" % devId.toXsString())\r\n",
    "        print(\" Nom du port: %s\" % Ports.portName())\r\n",
    "        print(\" Port baudrate: %s\" % Ports.baudrate())\r\n",
    "\r\n",
    "        print(\"Ouverture du port...\")\r\n",
    "        if not control.openPort(Ports.portName(), Ports.baudrate()):\r\n",
    "            raise RuntimeError(\"Échec de l'ouverture du port.\")\r\n",
    "\r\n",
    "        # Construction d'un object pour les dispositif\r\n",
    "        device = control.device(devId)\r\n",
    "        firmware_version = device.firmwareVersion()\r\n",
    "\r\n",
    "        assert(device is not 0)\r\n",
    "        print(\"Dispositif: %s, avec ID: %s ouvert. \\n\" %(device.productCode(), device.deviceId().toXsString()))\r\n",
    "\r\n",
    "        \r\n",
    "        # Mettre le dispositif en mode configuration\r\n",
    "        print(\"Dispositif en mode configuration...\\n\")\r\n",
    "        if not device.gotoConfig():\r\n",
    "            raise RuntimeError(\"Échec. Le dispositif n'a as pu être mis en mode configuration.\")\r\n",
    "\r\n",
    "        device.setOptions(xda.XSO_Orientation + xda.XSO_Calibrate + xda.XSO_RetainLiveData, 0)\r\n",
    "\r\n",
    "        print(\"Creating a log file...\")\r\n",
    "        logFileName = \"logfile.mtb\"\r\n",
    "        if device.createLogFile(logFileName) != xda.XRV_OK:\r\n",
    "            raise RuntimeError(\"Failed to create a log file. Aborting.\")\r\n",
    "        else:\r\n",
    "            print(\"Created a log file: %s\" % logFileName)\r\n",
    "\r\n",
    "\r\n",
    "        # Acquisition des fréquences pour la mise à jour des données\r\n",
    "        fq_support = device.supportedUpdateRates(xda.XDI_None)\r\n",
    "        index_fq = []\r\n",
    "\r\n",
    "        while index_fq == []:\r\n",
    "            print(\"Les fréquences disponibles sont:\")\r\n",
    "            print('\\n'.join('{}: {}'.format(*k) for k in enumerate(fq_support)))\r\n",
    "            choix_fq = input(\"Veuillez choisir une fréquence d'acquisition: \")\r\n",
    "            if choix_fq == []:\r\n",
    "                continue\r\n",
    "            index_fq = fq_support.index(int(choix_fq))\r\n",
    "        print(\"Fréquence d'acquisition choisi: \", fq_support[index_fq], \"\\n\")\r\n",
    "        updateRate = fq_support[index_fq]\r\n",
    "        # Mise à jour de la fréquence d'acquisition\r\n",
    "        if not device.setUpdateRate(updateRate):\r\n",
    "            raise RuntimeError(\"Échec de la mise à jour du update rate.\")\r\n",
    "\r\n",
    "        \r\n",
    "        # Acquisition du canal radio\r\n",
    "        canaux_radio = [11,12,13,14,15,16,17,18,19,20,21,22,23,24,25]\r\n",
    "        index_radio = []\r\n",
    "\r\n",
    "        while index_radio == []:\r\n",
    "            print(\"Les canaux disponibles sont: \")\r\n",
    "            print('\\n'.join('{}: {}'.format(*k) for k in enumerate(canaux_radio)))\r\n",
    "            choix_radio = input(\"Veuillez choisir un canal de radio: \")\r\n",
    "            if choix_radio == []:\r\n",
    "                continue\r\n",
    "            index_radio = canaux_radio.index(int(choix_radio))\r\n",
    "        print(\"Canal de radio choisi: \", canaux_radio[index_radio], \"\\n\")\r\n",
    "\r\n",
    "        # Mise à jour du canal radio\r\n",
    "        try:\r\n",
    "            device.enableRadio(canaux_radio[index_radio])\r\n",
    "        except ValueError:\r\n",
    "            print(\"La radio est encore activée, veuillez débrancher l'appareil de l'ordinateur et reessayer.\")\r\n",
    "\r\n",
    "\r\n",
    "        input('\\n Undock the MTw devices from the Awinda station and wait until the devices are connected (synced leds), then press enter... \\n')\r\n",
    "\r\n",
    "        # Vérifier les dispositifs détectées (nombre de capteurs MTw)\r\n",
    "        children = device.children()\r\n",
    "\r\n",
    "        devIdAll = []\r\n",
    "        mtwCallbacks = []\r\n",
    "        filenamesPCKL = []\r\n",
    "\r\n",
    "        for i in range(len(children)):\r\n",
    "            devIdAll.append(children[i].deviceId())\r\n",
    "            mtwCallbacks.append(XdaCallback())\r\n",
    "            children[i].addCallbackHandler(mtwCallbacks[i]) \r\n",
    "\r\n",
    "        devicesUsed, devIdUsed,nDevs = checkConnectedSensors(devIdAll)\r\n",
    "        MTw_pickle = os.path.dirname(os.path.realpath(\"__file__\")) + \"\\\\MTw Pickle\"\r\n",
    "        for n in range(nDevs):\r\n",
    "            file_PCKL = \"PCKL_\" + str(devId.toXsString()) + \"_\" + str(devIdUsed[n]) + \".txt\"\r\n",
    "            filenamesPCKL.append(os.path.join(MTw_pickle, file_PCKL))\r\n",
    "            open(filenamesPCKL[-1], 'wb')\r\n",
    "        ##################\r\n",
    "\r\n",
    "        # Mis les capteurs MTw en mode acquisition des données\r\n",
    "        print(\"Putting devices into measurement mode...\\n\")\r\n",
    "        \r\n",
    "        if not device.gotoMeasurement():\r\n",
    "            raise RuntimeError(\"Could not put device into measurement mode. Aborting.\")\r\n",
    "    \r\n",
    "            \r\n",
    "        \r\n",
    "        print(\"Wait 10 seconds before starting data acquisition.\\n\")\r\n",
    "        time.sleep(10)\r\n",
    "\r\n",
    "\r\n",
    "        input(\"Press enter to start recording...\\n\")\r\n",
    "        \r\n",
    "        print(\"Starting recording...\")\r\n",
    "        if not children[0].startRecording():\r\n",
    "            raise RuntimeError(\"Failed to start recording. Aborting.\")\r\n",
    "\r\n",
    "\r\n",
    "        startTime = xda.XsTimeStamp_nowMs()\r\n",
    "        ##### Test zone\r\n",
    "        device_syncRole = device.syncRole()\r\n",
    "        device_syncSet = device.syncSettings()\r\n",
    "\r\n",
    "        keep_going = True\r\n",
    "        th.Thread(target=key_capture_thread, args=(), name='key_capture_thread', daemon=True).start()\r\n",
    "        \r\n",
    "        while keep_going:\r\n",
    "            for i in range(len(mtwCallbacks)):\r\n",
    "                callback = mtwCallbacks[i]\r\n",
    "                filename = filenamesPCKL[i]\r\n",
    "                if callback.packetAvailable():\r\n",
    "                    callback.writeData(filename)\r\n",
    "        \r\n",
    "                    \r\n",
    "\r\n",
    "        startEnd = xda.XsTimeStamp_nowMs() - startTime\r\n",
    "        print(\"Time end (s): \", startEnd/1000, \"\\n\")\r\n",
    "\r\n",
    "        pickle2txt(devId, devIdAll, devIdUsed, nDevs, firmware_version, filenamesPCKL, updateRate)\r\n",
    "\r\n",
    "\r\n",
    "\r\n",
    "        ##################\r\n",
    "\r\n",
    "        print(\"Abort flushing...\\n\")\r\n",
    "        if not device.abortFlushing():\r\n",
    "            raise RuntimeError(\"Failed to abort flushing operation.\")\r\n",
    "\r\n",
    "        print(\"\\nStopping recording...\")\r\n",
    "        if not device.stopRecording():\r\n",
    "            raise RuntimeError(\"Failed to stop recording. Aborting.\")\r\n",
    "\r\n",
    "        print(\"Closing log file...\")\r\n",
    "        if not device.closeLogFile():\r\n",
    "            raise RuntimeError(\"Failed to close log file. Aborting.\")\r\n",
    "            \r\n",
    "\r\n",
    "        exit = int(input('\\n Appuyez sur la touche 0 pour quitter le mode acquisition... \\n'))\r\n",
    "        if exit == 0:\r\n",
    "            stopAll()\r\n",
    "        \r\n",
    "    except RuntimeError as error:\r\n",
    "        print(error)\r\n",
    "        sys.exit(1)\r\n",
    "\r\n",
    "    except:\r\n",
    "        print(\"An unknown fatal error has occured. Aborting.\")\r\n",
    "        sys.exit(1)\r\n",
    "        \r\n",
    "    else:\r\n",
    "        print(\"Successful exit.\")"
   ],
   "outputs": [],
   "metadata": {}
  },
  {
   "cell_type": "code",
   "execution_count": 18,
   "source": [
    "main()"
   ],
   "outputs": [
    {
     "output_type": "stream",
     "name": "stdout",
     "text": [
      "Utilisation de la version XDA: 2021.0.0 build 5908 rev 109668 built on 2021-04-19 \n",
      "\n",
      "Creation d'un objet XsControl...\n",
      "Détection des ports...\n",
      "\n",
      " Dispositif trouvé avec les caractéristiques suivantes:\n",
      " Device ID: 01200452\n",
      " Nom du port: COM12\n",
      " Port baudrate: 2000000\n",
      "Ouverture du port...\n",
      "Dispositif: AW-A2, avec ID: 01200452 ouvert. \n",
      "\n",
      "Dispositif en mode configuration...\n",
      "\n",
      "Creating a log file...\n",
      "Created a log file: logfile.mtb\n",
      "Les fréquences disponibles sont:\n",
      "0: 120\n",
      "1: 100\n",
      "2: 80\n",
      "3: 60\n",
      "4: 40\n",
      "Fréquence d'acquisition choisi:  120 \n",
      "\n",
      "Les canaux disponibles sont: \n",
      "0: 11\n",
      "1: 12\n",
      "2: 13\n",
      "3: 14\n",
      "4: 15\n",
      "5: 16\n",
      "6: 17\n",
      "7: 18\n",
      "8: 19\n",
      "9: 20\n",
      "10: 21\n",
      "11: 22\n",
      "12: 23\n",
      "13: 24\n",
      "14: 25\n",
      "Canal de radio choisi:  21 \n",
      "\n",
      "Dispositifs rejetés:\n",
      "Dispositifs acceptés:\n",
      "0 - 00B4876D\n",
      "Putting devices into measurement mode...\n",
      "\n",
      "Wait 10 seconds before starting data acquisition.\n",
      "\n",
      "Starting recording...\n",
      "Time end (s):  9.558 \n",
      "\n",
      "00B4876D number of data packets:  1079\n",
      "Abort flushing...\n",
      "\n",
      "\n",
      "Stopping recording...\n",
      "Closing log file...\n",
      "Arrêt de l'enregistrement, mise du dispositif en mode configuration.\n",
      "Fermeture du fichier mtb\n",
      "Fermeture du port\n",
      "Successful exit.\n"
     ]
    }
   ],
   "metadata": {}
  },
  {
   "cell_type": "code",
   "execution_count": 10,
   "source": [
    "print(\"Time end (s): \", startEnd/1000, \"\\n\")"
   ],
   "outputs": [
    {
     "output_type": "stream",
     "name": "stdout",
     "text": [
      "Time end (s):  1.737 \n",
      "\n"
     ]
    }
   ],
   "metadata": {}
  },
  {
   "cell_type": "code",
   "execution_count": null,
   "source": [
    "def export_txt(devId, devIdUsed, nDevs, firmware_version):\r\n",
    "    global matrix_nDev, acc_nDev, counter_nDev\r\n",
    "    f_path = os.path.dirname(os.path.realpath(\"__file__\"))\r\n",
    "    for n in range(nDevs):\r\n",
    "        filename = \"MT_\" + str(devId.toXsString()) + \"_\" + str(devIdUsed[n]) + \".txt\"\r\n",
    "        path = os.path.join(f_path, filename)\r\n",
    "        file_txt = open(path, \"w\")\r\n",
    "        file_txt.write(\"// Start Time: Unknown \" + \"\\n\")\r\n",
    "        file_txt.write(\"// Update Rate: \" + str(float(fq_support[index_fq])) + \"Hz \\n\")\r\n",
    "        file_txt.write(\"// Filter Profile: human (46.1) \\n\")\r\n",
    "        file_txt.write(\"// Firmware Version: \" + str(firmware_version.toXsString()) + \"\\n\")\r\n",
    "        file_txt.write(\r\n",
    "            \"PacketCounter\\tSampleTimeFine\\tYear\\tMonth\\tDay\\tSecond\\tUTC_Nano\\tUTC_Year\\tUTC_Month\\tUTC_Day UTC_Hour\\tUTC_Minute\\tUTC_Second\\tUTC_Valid\\tAcc_X\\tAcc_Y\\tAcc_Z\\tMat[1][1]\\tMat[2][1]\\tMat[3][1]\\tMat[1][2]\\tMat[2][2]\\tMat[3][2]\\tMat[1][3]\\tMat[2][3]\\tMat[3][3] \\n\")\r\n",
    "\r\n",
    "        for i in range(len(counter_nDev[n])):\r\n",
    "            file_txt.write(str(counter_nDev[n][i]) + \"\\t\\t\\t\\t\\t\\t\\t\\t\\t\\t\\t\\t\\t\\t\")\r\n",
    "            matrix = matrix_nDev[n][i].reshape(9, )\r\n",
    "            for k in range(3):\r\n",
    "                file_txt.write('{:.6f}'.format(round(acc_nDev[n][i][k], 6)) + \"\\t\")\r\n",
    "            for j in range(9):\r\n",
    "                file_txt.write('{:.6f}'.format(round(matrix[j], 6)) + \"\\t\")\r\n",
    "            file_txt.write(\"\\n\")\r\n",
    "        file_txt.close()"
   ],
   "outputs": [],
   "metadata": {}
  },
  {
   "cell_type": "code",
   "execution_count": 48,
   "source": [
    "f_path = os.path.dirname(os.path.realpath(\"__file__\"))\r\n",
    "n = 0\r\n",
    "filename = \"MT_\" + str(devId.toXsString()) + \"_\" + str(devIdUsed[n]) + \".txt\"\r\n",
    "path = os.path.join(f_path, filename)\r\n",
    "\r\n",
    "print(path)\r\n"
   ],
   "outputs": [
    {
     "output_type": "stream",
     "name": "stdout",
     "text": [
      "c:\\Users\\rena_\\Google Drive\\STG-01\\Projet IMU pour estimation de pose\\IMU python\\MT_01200452_6F632E79.txt\n"
     ]
    }
   ],
   "metadata": {}
  },
  {
   "cell_type": "code",
   "execution_count": 51,
   "source": [
    "devIdUsed = [\"1\",\"2\",\"3\",\"4\",\"5\",\"6\",\"7\",\"8\",\"9\",\"10\",\"11\",\"12\",\"13\",\"14\",\"15\",\"16\",\"17\",\"18\"]\r\n",
    "\r\n",
    "\r\n",
    "f_path = os.path.dirname(os.path.realpath(\"__file__\"))\r\n",
    "for n in range(nDevs):\r\n",
    "    objects = []\r\n",
    "    filename = \"MT_\" + str(devId.toXsString()) + \"_\" + str(devIdUsed[n]) + \".txt\"\r\n",
    "    with (open(filenames[n], \"rb\")) as openfile:\r\n",
    "        while True:\r\n",
    "            try:\r\n",
    "                objects.append(pickle.load(openfile))\r\n",
    "            except EOFError:\r\n",
    "                break\r\n",
    "    counter = [item[0] for item in objects]\r\n",
    "    acc = [item[1] for item in objects]\r\n",
    "    matrix = [item[2] for item in objects]\r\n",
    "    path = os.path.join(f_path, filename)\r\n",
    "    #path = f_path + filename\r\n",
    "    file_txt = open(path, \"w\")\r\n",
    "    file_txt.write(\"// Start Time: Unknown: \\n\")\r\n",
    "    file_txt.write(\"// Update Rate: \" + str(float(fq_support[index_fq])) + \"Hz \\n\")\r\n",
    "    file_txt.write(\"// Filter Profile: human (46.1) \\n\")\r\n",
    "    file_txt.write(\"// Firmware Version: \" + \"\\n\")\r\n",
    "    file_txt.write(\r\n",
    "        \"PacketCounter\\tSampleTimeFine\\tYear\\tMonth\\tDay\\tSecond\\tUTC_Nano\\tUTC_Year\\tUTC_Month\\tUTC_Day UTC_Hour\\tUTC_Minute\\tUTC_Second\\tUTC_Valid\\tAcc_X\\tAcc_Y\\tAcc_Z\\tMat[1][1]\\tMat[2][1]\\tMat[3][1]\\tMat[1][2]\\tMat[2][2]\\tMat[3][2]\\tMat[1][3]\\tMat[2][3]\\tMat[3][3] \\n\")\r\n",
    "\r\n",
    "    for i in range(len(counter)):\r\n",
    "        file_txt.write(str(counter[i]) + \"\\t\\t\\t\\t\\t\\t\\t\\t\\t\\t\\t\\t\\t\\t\")\r\n",
    "        mat = matrix[i].reshape(9, )\r\n",
    "        for k in range(3):\r\n",
    "            file_txt.write('{:.6f}'.format(round(acc[i][k], 6)) + \"\\t\")\r\n",
    "        for j in range(9):\r\n",
    "            file_txt.write('{:.6f}'.format(round(mat[j], 6)) + \"\\t\")\r\n",
    "        file_txt.write(\"\\n\")\r\n",
    "    file_txt.close()\r\n",
    "    "
   ],
   "outputs": [],
   "metadata": {}
  },
  {
   "cell_type": "code",
   "execution_count": 24,
   "source": [
    "print(filenames[0])\r\n",
    "\r\n",
    "objects = []\r\n",
    "with (open(filenames[0],\"rb\")) as openfile:\r\n",
    "    while True:\r\n",
    "        try:\r\n",
    "            objects.append(pickle.load(openfile))\r\n",
    "        except EOFError:\r\n",
    "            break\r\n",
    "counter = [item[0] for item in objects]\r\n",
    "acc = [item[1] for item in objects]\r\n",
    "matrix = [item[2] for item in objects]\r\n",
    "\r\n",
    "print(len(objects))\r\n",
    "print(\"Time end (s): \", startEnd/1000, \"\\n\")\r\n",
    "print(matrix)"
   ],
   "outputs": [
    {
     "output_type": "stream",
     "name": "stdout",
     "text": [
      "PCKL_01200452_00B4875B.txt\n",
      "921\n",
      "Time end (s):  15.326 \n",
      "\n",
      "[array([[ 9.75812098e-01,  2.18608977e-01, -9.29446704e-04],\n",
      "       [-2.18590937e-01,  9.75771467e-01,  9.38330907e-03],\n",
      "       [ 2.95820317e-03, -8.95317789e-03,  9.99955544e-01]]), array([[ 9.75825467e-01,  2.18549419e-01, -8.99665766e-04],\n",
      "       [-2.18531667e-01,  9.75784807e-01,  9.37663858e-03],\n",
      "       [ 2.92713910e-03, -8.95335726e-03,  9.99955634e-01]]), array([[ 9.75836658e-01,  2.18499626e-01, -8.54756961e-04],\n",
      "       [-2.18482342e-01,  9.75796061e-01,  9.35483040e-03],\n",
      "       [ 2.87809542e-03, -8.94203713e-03,  9.99955877e-01]]), array([[ 9.75856711e-01,  2.18410263e-01, -7.97597794e-04],\n",
      "       [-2.18393574e-01,  9.75816205e-01,  9.32637260e-03],\n",
      "       [ 2.81528434e-03, -8.92701306e-03,  9.99956190e-01]]), array([[ 9.75948868e-01,  2.17999228e-01,  3.78468717e-04],\n",
      "       [-2.17993243e-01,  9.75905921e-01,  9.30476082e-03],\n",
      "       [ 1.65908081e-03, -9.16347441e-03,  9.99956638e-01]]), array([[ 9.75949089e-01,  2.17998243e-01,  3.75490626e-04],\n",
      "       [-2.17992244e-01,  9.75906216e-01,  9.29731152e-03],\n",
      "       [ 1.66035394e-03, -9.15555676e-03,  9.99956709e-01]]), array([[ 9.75952480e-01,  2.17983008e-01,  4.06130623e-04],\n",
      "       [-2.17977291e-01,  9.75909561e-01,  9.29678567e-03],\n",
      "       [ 1.63019455e-03, -9.16174828e-03,  9.99956701e-01]]), array([[ 9.75952677e-01,  2.17982124e-01,  4.07105772e-04],\n",
      "       [-2.17976403e-01,  9.75909689e-01,  9.30409016e-03],\n",
      "       [ 1.63082686e-03, -9.16909115e-03,  9.99956633e-01]]), array([[ 9.75949266e-01,  2.17997388e-01,  4.12156133e-04],\n",
      "       [-2.17991678e-01,  9.75906072e-01,  9.32560747e-03],\n",
      "       [ 1.63073239e-03, -9.19116637e-03,  9.99956431e-01]]), array([[ 9.75949280e-01,  2.17997265e-01,  4.42573572e-04],\n",
      "       [-2.17991837e-01,  9.75906046e-01,  9.32466695e-03],\n",
      "       [ 1.60084167e-03, -9.19687942e-03,  9.99956426e-01]]), array([[ 9.75949305e-01,  2.17997150e-01,  4.43793308e-04],\n",
      "       [-2.17991721e-01,  9.75906001e-01,  9.33208139e-03],\n",
      "       [ 1.60126659e-03, -9.20438161e-03,  9.99956357e-01]]), array([[ 9.75952718e-01,  2.17981874e-01,  4.41102617e-04],\n",
      "       [-2.17976431e-01,  9.75909480e-01,  9.32530970e-03],\n",
      "       [ 1.60227226e-03, -9.19721132e-03,  9.99956421e-01]]), array([[ 9.75956219e-01,  2.17966204e-01,  4.38305252e-04],\n",
      "       [-2.17960748e-01,  9.75913048e-01,  9.31849157e-03],\n",
      "       [ 1.60336842e-03, -9.18997314e-03,  9.99956486e-01]]), array([[ 9.75956133e-01,  2.17966579e-01,  4.43881869e-04],\n",
      "       [-2.17961138e-01,  9.75912751e-01,  9.34051365e-03],\n",
      "       [ 1.60272983e-03, -9.21268058e-03,  9.99956278e-01]]), array([[ 9.75898174e-01,  2.18226144e-01,  3.22552928e-04],\n",
      "       [-2.18219448e-01,  9.75854313e-01,  9.41447192e-03],\n",
      "       [ 1.73971924e-03, -9.25795328e-03,  9.99955631e-01]]), array([[ 9.75893951e-01,  2.18245052e-01,  3.04816647e-04],\n",
      "       [-2.18238197e-01,  9.75850155e-01,  9.41085247e-03],\n",
      "       [ 1.75641662e-03, -9.25051664e-03,  9.99955670e-01]]), array([[ 9.75893765e-01,  2.18245877e-01,  3.10062836e-04],\n",
      "       [-2.18239032e-01,  9.75849755e-01,  9.43293980e-03],\n",
      "       [ 1.75612547e-03, -9.27321495e-03,  9.99955461e-01]]), array([[ 9.75891355e-01,  2.18256638e-01,  3.21183402e-04],\n",
      "       [-2.18249916e-01,  9.75847434e-01,  9.42120793e-03],\n",
      "       [ 1.74281517e-03, -9.26417363e-03,  9.99955568e-01]]), array([[ 9.75897716e-01,  2.18228191e-01,  3.22707485e-04],\n",
      "       [-2.18221469e-01,  9.75853714e-01,  9.42966197e-03],\n",
      "       [ 1.74290277e-03, -9.27280729e-03,  9.99955488e-01]]), array([[ 9.75899411e-01,  2.18220569e-01,  3.49570198e-04],\n",
      "       [-2.18214123e-01,  9.75855501e-01,  9.41474769e-03],\n",
      "       [ 1.71336160e-03, -9.26412789e-03,  9.99955619e-01]]), array([[ 9.75896457e-01,  2.18233785e-01,  3.46325274e-04],\n",
      "       [-2.18227322e-01,  9.75852625e-01,  9.40698275e-03],\n",
      "       [ 1.71495903e-03, -9.25581878e-03,  9.99955693e-01]]), array([[ 9.75896158e-01,  2.18235143e-01,  3.33000872e-04],\n",
      "       [-2.18228536e-01,  9.75852242e-01,  9.41852132e-03],\n",
      "       [ 1.73049270e-03, -9.26416906e-03,  9.99955589e-01]]), array([[ 9.75895030e-01,  2.18240162e-01,  3.48882684e-04],\n",
      "       [-2.18233696e-01,  9.75851056e-01,  9.42176240e-03],\n",
      "       [ 1.71574941e-03, -9.27078906e-03,  9.99955553e-01]]), array([[ 9.75898895e-01,  2.18222882e-01,  3.45944802e-04],\n",
      "       [-2.18216402e-01,  9.75854988e-01,  9.41507067e-03],\n",
      "       [ 1.71699190e-03, -9.26364790e-03,  9.99955617e-01]]), array([[ 9.75899520e-01,  2.18220078e-01,  3.53512853e-04],\n",
      "       [-2.18213712e-01,  9.75855842e-01,  9.38893766e-03],\n",
      "       [ 1.70387712e-03, -9.23980111e-03,  9.99955860e-01]]), array([[ 9.75900118e-01,  2.18217401e-01,  3.54264274e-04],\n",
      "       [-2.18211030e-01,  9.75856371e-01,  9.39628154e-03],\n",
      "       [ 1.70472109e-03, -9.24713663e-03,  9.99955791e-01]]), array([[ 9.75899907e-01,  2.18218294e-01,  3.84831039e-04],\n",
      "       [-2.18212207e-01,  9.75856115e-01,  9.39547088e-03],\n",
      "       [ 1.67472390e-03, -9.25301399e-03,  9.99955788e-01]]), array([[ 9.75907008e-01,  2.18186519e-01,  3.92799381e-04],\n",
      "       [-2.18180550e-01,  9.75863437e-01,  9.37015445e-03],\n",
      "       [ 1.66112283e-03, -9.23010058e-03,  9.99956022e-01]]), array([[ 9.75899913e-01,  2.18218225e-01,  4.08242817e-04],\n",
      "       [-2.18212392e-01,  9.75856294e-01,  9.37260860e-03],\n",
      "       [ 1.64688769e-03, -9.23581155e-03,  9.99955993e-01]]), array([[ 9.75903188e-01,  2.18203589e-01,  4.01542056e-04],\n",
      "       [-2.18197731e-01,  9.75859778e-01,  9.35109973e-03],\n",
      "       [ 1.64859478e-03, -9.21338361e-03,  9.99956197e-01]]), array([[ 9.75905745e-01,  2.18192176e-01,  3.88371330e-04],\n",
      "       [-2.18186177e-01,  9.75862247e-01,  9.36303552e-03],\n",
      "       [ 1.66394418e-03, -9.22217742e-03,  9.99956090e-01]]), array([[ 9.75905983e-01,  2.18191093e-01,  4.00068024e-04],\n",
      "       [-2.18185221e-01,  9.75862570e-01,  9.35168217e-03],\n",
      "       [ 1.65004235e-03, -9.21365151e-03,  9.99956192e-01]]), array([[ 9.75906417e-01,  2.18189149e-01,  4.01126584e-04],\n",
      "       [-2.18183274e-01,  9.75862934e-01,  9.35911185e-03],\n",
      "       [ 1.65061208e-03, -9.22113642e-03,  9.99956122e-01]]), array([[ 9.75903145e-01,  2.18203753e-01,  4.16509833e-04],\n",
      "       [-2.18198014e-01,  9.75859610e-01,  9.36209199e-03],\n",
      "       [ 1.63638848e-03, -9.22737663e-03,  9.99956088e-01]]), array([[ 9.75909746e-01,  2.18174281e-01,  3.88687064e-04],\n",
      "       [-2.18168260e-01,  9.75866102e-01,  9.37872910e-03],\n",
      "       [ 1.66689095e-03, -9.23759231e-03,  9.99955943e-01]]), array([[ 9.75905640e-01,  2.18192596e-01,  4.14954504e-04],\n",
      "       [-2.18186842e-01,  9.75862100e-01,  9.36285862e-03],\n",
      "       [ 1.63796805e-03, -9.22780415e-03,  9.99956081e-01]]), array([[ 9.75905477e-01,  2.18193354e-01,  4.01304300e-04],\n",
      "       [-2.18187455e-01,  9.75861851e-01,  9.37459482e-03],\n",
      "       [ 1.65385673e-03, -9.23627799e-03,  9.99955977e-01]]), array([[ 9.75902558e-01,  2.18206447e-01,  3.79325753e-04],\n",
      "       [-2.18200375e-01,  9.75859137e-01,  9.35634868e-03],\n",
      "       [ 1.67144710e-03, -9.21365363e-03,  9.99956156e-01]]), array([[ 9.75899420e-01,  2.18220461e-01,  3.90744364e-04],\n",
      "       [-2.18214513e-01,  9.75856089e-01,  9.34453812e-03],\n",
      "       [ 1.65785915e-03, -9.20459542e-03,  9.99956263e-01]]), array([[ 9.75895437e-01,  2.18238297e-01,  3.77126310e-04],\n",
      "       [-2.18232205e-01,  9.75852026e-01,  9.35569483e-03],\n",
      "       [ 1.67375144e-03, -9.21248100e-03,  9.99956163e-01]]), array([[ 9.75895937e-01,  2.18235997e-01,  4.11575197e-04],\n",
      "       [-2.18230200e-01,  9.75852342e-01,  9.36941915e-03],\n",
      "       [ 1.64310791e-03, -9.23339622e-03,  9.99956021e-01]]), array([[ 9.75899221e-01,  2.18221282e-01,  4.27589627e-04],\n",
      "       [-2.18215626e-01,  9.75855564e-01,  9.37330240e-03],\n",
      "       [ 1.62818835e-03, -9.24070525e-03,  9.99955978e-01]]), array([[ 9.75895956e-01,  2.18235918e-01,  4.09676498e-04],\n",
      "       [-2.18230103e-01,  9.75852360e-01,  9.36980008e-03],\n",
      "       [ 1.64504315e-03, -9.23335374e-03,  9.99956019e-01]]), array([[ 9.75892797e-01,  2.18250047e-01,  4.06239193e-04],\n",
      "       [-2.18244211e-01,  9.75849279e-01,  9.36213127e-03],\n",
      "       [ 1.64685736e-03, -9.22509583e-03,  9.99956092e-01]]), array([[ 9.75896944e-01,  2.18231508e-01,  4.03286228e-04],\n",
      "       [-2.18225657e-01,  9.75853493e-01,  9.35536457e-03],\n",
      "       [ 1.64808705e-03, -9.21787910e-03,  9.99956156e-01]]), array([[ 9.75890089e-01,  2.18262127e-01,  4.22712776e-04],\n",
      "       [-2.18256426e-01,  9.75846447e-01,  9.37251388e-03],\n",
      "       [ 1.63316206e-03, -9.23880318e-03,  9.99955988e-01]]), array([[ 9.75893454e-01,  2.18247077e-01,  4.24015051e-04],\n",
      "       [-2.18241376e-01,  9.75849736e-01,  9.38048654e-03],\n",
      "       [ 1.63348879e-03, -9.24689304e-03,  9.99955912e-01]]), array([[ 9.75892802e-01,  2.18249980e-01,  4.29338156e-04],\n",
      "       [-2.18244292e-01,  9.75848871e-01,  9.40270821e-03],\n",
      "       [ 1.63317172e-03, -9.26973586e-03,  9.99955701e-01]]), array([[ 9.75886659e-01,  2.18277485e-01,  4.10989415e-04],\n",
      "       [-2.18271632e-01,  9.75842795e-01,  9.39862889e-03],\n",
      "       [ 1.65044801e-03, -9.26170387e-03,  9.99955747e-01]]), array([[ 9.75883017e-01,  2.18293771e-01,  4.07720925e-04],\n",
      "       [-2.18287899e-01,  9.75839229e-01,  9.39102760e-03],\n",
      "       [ 1.65213275e-03, -9.25354489e-03,  9.99955820e-01]]), array([[ 9.75886706e-01,  2.18277259e-01,  4.19540964e-04],\n",
      "       [-2.18271516e-01,  9.75842999e-01,  9.38007530e-03],\n",
      "       [ 1.63805102e-03, -9.24546463e-03,  9.99955918e-01]]), array([[ 9.75883239e-01,  2.18292763e-01,  4.16473112e-04],\n",
      "       [-2.18287004e-01,  9.75839610e-01,  9.37229032e-03],\n",
      "       [ 1.63949219e-03, -9.23717170e-03,  9.99955992e-01]]), array([[ 9.75879609e-01,  2.18308981e-01,  4.21682561e-04],\n",
      "       [-2.18303234e-01,  9.75835770e-01,  9.39404143e-03],\n",
      "       [ 1.63931069e-03, -9.25950814e-03,  9.99955786e-01]]), array([[ 9.75879959e-01,  2.18307427e-01,  4.14588942e-04],\n",
      "       [-2.18301650e-01,  9.75836335e-01,  9.37216539e-03],\n",
      "       [ 1.64144236e-03, -9.23661383e-03,  9.99955994e-01]]), array([[ 9.75877158e-01,  2.18319983e-01,  3.96330518e-04],\n",
      "       [-2.18314043e-01,  9.75833598e-01,  9.36842523e-03],\n",
      "       [ 1.65856180e-03, -9.22895671e-03,  9.99956037e-01]]), array([[ 9.75880677e-01,  2.18304233e-01,  4.08174994e-04],\n",
      "       [-2.18298420e-01,  9.75837199e-01,  9.35736898e-03],\n",
      "       [ 1.64444091e-03, -9.22077953e-03,  9.99956136e-01]]), array([[ 9.75877300e-01,  2.18319299e-01,  4.23745930e-04],\n",
      "       [-2.18313625e-01,  9.75833771e-01,  9.36018746e-03],\n",
      "       [ 1.63000397e-03, -9.22690397e-03,  9.99956103e-01]]), array([[ 9.75877261e-01,  2.18319477e-01,  4.20619090e-04],\n",
      "       [-2.18313786e-01,  9.75833803e-01,  9.35308026e-03],\n",
      "       [ 1.63150527e-03, -9.21928529e-03,  9.99956171e-01]]), array([[ 9.75881530e-01,  2.18300415e-01,  4.10933156e-04],\n",
      "       [-2.18294592e-01,  9.75837841e-01,  9.37971736e-03],\n",
      "       [ 1.64659207e-03, -9.24319741e-03,  9.99955925e-01]]), array([[ 9.75878354e-01,  2.18314615e-01,  4.07452849e-04],\n",
      "       [-2.18308772e-01,  9.75834742e-01,  9.37213292e-03],\n",
      "       [ 1.64846695e-03, -9.23501218e-03,  9.99955998e-01]]), array([[ 9.75885590e-01,  2.18282255e-01,  4.15129390e-04],\n",
      "       [-2.18276524e-01,  9.75842195e-01,  9.34717584e-03],\n",
      "       [ 1.63522184e-03, -9.21238721e-03,  9.99956228e-01]]), array([[ 9.75882247e-01,  2.18297220e-01,  4.05243266e-04],\n",
      "       [-2.18291355e-01,  9.75838628e-01,  9.37319632e-03],\n",
      "       [ 1.65069067e-03, -9.23559699e-03,  9.99955989e-01]]), array([[ 9.75882041e-01,  2.18298138e-01,  4.06551422e-04],\n",
      "       [-2.18292273e-01,  9.75838354e-01,  9.38033868e-03],\n",
      "       [ 1.65098200e-03, -9.24285109e-03,  9.99955921e-01]]), array([[ 9.75878696e-01,  2.18313099e-01,  4.03067737e-04],\n",
      "       [-2.18307214e-01,  9.75835085e-01,  9.37271869e-03],\n",
      "       [ 1.65285963e-03, -9.23462909e-03,  9.99955994e-01]]), array([[ 9.75882129e-01,  2.18297773e-01,  3.89400305e-04],\n",
      "       [-2.18291743e-01,  9.75838431e-01,  9.38468421e-03],\n",
      "       [ 1.66866389e-03, -9.24334848e-03,  9.99955887e-01]]), array([[ 9.75875632e-01,  2.18326849e-01,  3.71067144e-04],\n",
      "       [-2.18320655e-01,  9.75832003e-01,  9.38052181e-03],\n",
      "       [ 1.68592057e-03, -9.23523427e-03,  9.99955933e-01]]), array([[ 9.75872258e-01,  2.18341908e-01,  3.82538884e-04],\n",
      "       [-2.18335839e-01,  9.75828721e-01,  9.36853954e-03],\n",
      "       [ 1.67225237e-03, -9.22601979e-03,  9.99956041e-01]]), array([[ 9.75869153e-01,  2.18355794e-01,  3.79370293e-04],\n",
      "       [-2.18349709e-01,  9.75825692e-01,  9.36079476e-03],\n",
      "       [ 1.67378450e-03, -9.21774625e-03,  9.99956115e-01]]), array([[ 9.75869195e-01,  2.18355578e-01,  3.95321912e-04],\n",
      "       [-2.18349635e-01,  9.75825679e-01,  9.36384458e-03],\n",
      "       [ 1.65888242e-03, -9.22420586e-03,  9.99956080e-01]]), array([[ 9.75865869e-01,  2.18370473e-01,  3.77385023e-04],\n",
      "       [-2.18364369e-01,  9.75822416e-01,  9.36024410e-03],\n",
      "       [ 1.67574017e-03, -9.21675019e-03,  9.99956121e-01]]), array([[ 9.75865920e-01,  2.18370215e-01,  3.93224735e-04],\n",
      "       [-2.18364252e-01,  9.75822412e-01,  9.36344877e-03],\n",
      "       [ 1.66098081e-03, -9.22333678e-03,  9.99956085e-01]]), array([[ 9.75862831e-01,  2.18384027e-01,  3.89889388e-04],\n",
      "       [-2.18378046e-01,  9.75819399e-01,  9.35574261e-03],\n",
      "       [ 1.66268312e-03, -9.21506475e-03,  9.99956158e-01]]), array([[ 9.75863001e-01,  2.18383256e-01,  3.97113951e-04],\n",
      "       [-2.18377384e-01,  9.75819796e-01,  9.32974571e-03],\n",
      "       [ 1.64994859e-03, -9.19127435e-03,  9.99956398e-01]]), array([[ 9.75863082e-01,  2.18382864e-01,  4.12701796e-04],\n",
      "       [-2.18377131e-01,  9.75819822e-01,  9.33290821e-03],\n",
      "       [ 1.63542463e-03, -9.19776520e-03,  9.99956362e-01]]), array([[ 9.75866507e-01,  2.18367534e-01,  4.24532660e-04],\n",
      "       [-2.18361928e-01,  9.75823329e-01,  9.32201512e-03],\n",
      "       [ 1.62135658e-03, -9.18974410e-03,  9.99956459e-01]]), array([[ 9.75862844e-01,  2.18383912e-01,  4.21268188e-04],\n",
      "       [-2.18378287e-01,  9.75819738e-01,  9.31460710e-03],\n",
      "       [ 1.62307853e-03, -9.18177480e-03,  9.99956529e-01]]), array([[ 9.75859674e-01,  2.18398080e-01,  4.17767964e-04],\n",
      "       [-2.18392434e-01,  9.75816646e-01,  9.30690546e-03],\n",
      "       [ 1.62494535e-03, -9.17347110e-03,  9.99956603e-01]]), array([[ 9.75859703e-01,  2.18397950e-01,  4.18972710e-04],\n",
      "       [-2.18392304e-01,  9.75816606e-01,  9.31410538e-03],\n",
      "       [ 1.62534099e-03, -9.18076052e-03,  9.99956535e-01]]), array([[ 9.75859837e-01,  2.18397383e-01,  4.01378975e-04],\n",
      "       [-2.18391580e-01,  9.75816798e-01,  9.31102992e-03],\n",
      "       [ 1.64183222e-03, -9.17391793e-03,  9.99956571e-01]]), array([[ 9.75859944e-01,  2.18396879e-01,  4.17117412e-04],\n",
      "       [-2.18391216e-01,  9.75816850e-01,  9.31406447e-03],\n",
