// Start Time: Unknown: 
// Update Rate: 100.0Hz 
// Filter Profile: human (46.1) 
// Firmware Version: 4.6.0
PacketCounter	SampleTimeFine	Year	Month	Day	Second	UTC_Nano	UTC_Year	UTC_Month	UTC_Day UTC_Hour	UTC_Minute	UTC_Second	UTC_Valid	Acc_X	Acc_Y	Acc_Z	Mat[1][1]	Mat[2][1]	Mat[3][1]	Mat[1][2]	Mat[2][2]	Mat[3][2]	Mat[1][3]	Mat[2][3]	Mat[3][3] 
4854														0.048977	0.048904	9.814452	0.999062	0.042997	-0.005184	-0.043021	0.999063	-0.004757	0.004975	0.004975	0.999975	
4855														0.097956	0.000155	9.814450	0.999235	0.037821	-0.009974	-0.037819	0.999285	0.000362	0.009980	0.000016	0.999950	
4856														0.098029	0.024647	9.814449	0.999153	0.040453	-0.007573	-0.040471	0.999178	-0.002198	0.007478	0.002503	0.999969	
4857														0.073688	0.024646	9.790035	0.999152	0.040483	-0.007572	-0.040501	0.999177	-0.002183	0.007478	0.002488	0.999969	
6108														0.117686	0.041854	9.862883	0.999134	0.041155	-0.006149	-0.041173	0.999148	-0.002945	0.006022	0.003196	0.999977	
6109														0.067156	-0.008380	9.643843	0.999133	0.041168	-0.006135	-0.041186	0.999147	-0.002963	0.006007	0.003213	0.999977	
6110														0.096827	0.015861	10.009672	0.999133	0.041180	-0.006120	-0.041199	0.999147	-0.002936	0.005994	0.003185	0.999977	
6111														0.089865	0.041199	9.668018	0.999133	0.041193	-0.006091	-0.041212	0.999146	-0.002954	0.005964	0.003203	0.999977	
6112														0.070011	0.039377	9.936949	0.999133	0.041190	-0.006077	-0.041209	0.999146	-0.002942	0.005950	0.003190	0.999977	
6113														0.042197	0.038719	9.742083	0.999134	0.041172	-0.006047	-0.041190	0.999147	-0.002915	0.005921	0.003162	0.999977	
6114														0.042687	0.038720	9.766493	0.999134	0.041170	-0.006064	-0.041189	0.999147	-0.002964	0.005937	0.003211	0.999977	
6115														0.019252	0.062031	9.864639	0.999133	0.041183	-0.006080	-0.041202	0.999146	-0.002966	0.005953	0.003214	0.999977	
6116														0.042781	0.038950	9.742079	0.999133	0.041181	-0.006081	-0.041200	0.999147	-0.002953	0.005954	0.003201	0.999977	
6117														0.069649	0.039537	9.863711	0.999133	0.041179	-0.006128	-0.041197	0.999147	-0.002955	0.006001	0.003205	0.999977	
6118														0.092549	0.065030	9.814560	0.999133	0.041191	-0.006129	-0.041209	0.999146	-0.002943	0.006002	0.003193	0.999977	
6119														0.094988	0.040270	9.887700	0.999132	0.041204	-0.006129	-0.041222	0.999146	-0.002930	0.006003	0.003180	0.999977	
6120														0.117489	0.041444	9.765227	0.999133	0.041186	-0.006146	-0.041205	0.999147	-0.002902	0.006021	0.003153	0.999977	
6121														0.071578	0.014635	9.863615	0.999132	0.041199	-0.006132	-0.041218	0.999146	-0.002920	0.006006	0.003170	0.999977	
6122														0.070306	0.014858	9.790384	0.999134	0.041166	-0.006118	-0.041185	0.999147	-0.002908	0.005993	0.003158	0.999977	
6123														0.072629	-0.034080	9.814611	0.999135	0.041149	-0.006073	-0.041167	0.999148	-0.002912	0.005948	0.003159	0.999977	
6124														0.071532	-0.009764	9.814704	0.999133	0.041177	-0.006075	-0.041195	0.999147	-0.002899	0.005950	0.003147	0.999977	
6125														0.044999	0.013679	9.741985	0.999133	0.041175	-0.006076	-0.041193	0.999147	-0.002886	0.005952	0.003134	0.999977	
6126														0.070734	0.014407	9.814795	0.999134	0.041158	-0.006062	-0.041176	0.999148	-0.002889	0.005938	0.003136	0.999977	
6127														0.094174	0.039679	9.814468	0.999134	0.041155	-0.006063	-0.041173	0.999148	-0.002861	0.005940	0.003109	0.999978	
6128														0.117537	0.064876	9.814142	0.999134	0.041168	-0.006033	-0.041185	0.999147	-0.002850	0.005911	0.003096	0.999978	
6129														0.068336	0.062744	9.790574	0.999134	0.041165	-0.006034	-0.041183	0.999148	-0.002837	0.005912	0.003083	0.999978	
6130														0.042414	0.086329	9.766677	0.999135	0.041162	-0.005990	-0.041179	0.999148	-0.002887	0.005867	0.003131	0.999978	
6131														0.042611	0.086247	9.791088	0.999135	0.041159	-0.005960	-0.041177	0.999148	-0.002844	0.005838	0.003087	0.999978	
6132														0.018372	0.085067	9.791509	0.999135	0.041156	-0.005992	-0.041174	0.999148	-0.002862	0.005869	0.003106	0.999978	
6133														0.043661	0.061863	9.766583	0.999134	0.041169	-0.005993	-0.041186	0.999147	-0.002864	0.005870	0.003109	0.999978	
6134														0.045341	0.037323	9.790898	0.999134	0.041166	-0.006009	-0.041184	0.999148	-0.002852	0.005887	0.003097	0.999978	
6135														0.047932	-0.011600	9.790706	0.999134	0.041164	-0.006071	-0.041182	0.999148	-0.002838	0.005949	0.003085	0.999978	
6136														0.122125	-0.008708	9.813841	0.999134	0.041161	-0.006103	-0.041179	0.999148	-0.002825	0.005981	0.003074	0.999977	
6137														0.099226	-0.034351	9.814165	0.999134	0.041143	-0.006134	-0.041161	0.999149	-0.002797	0.006013	0.003047	0.999977	
6138														0.147979	-0.008187	9.862228	0.999134	0.041157	-0.006104	-0.041175	0.999148	-0.002800	0.005984	0.003048	0.999977	
6139														0.123364	-0.009227	9.862657	0.999134	0.041170	-0.006060	-0.041187	0.999148	-0.002803	0.005939	0.003050	0.999978	
6140														0.072616	0.013317	9.814783	0.999134	0.041168	-0.006062	-0.041185	0.999148	-0.002821	0.005940	0.003068	0.999978	
6141														0.070923	0.037856	9.790470	0.999134	0.041180	-0.005986	-0.041198	0.999147	-0.002825	0.005865	0.003069	0.999978	
6142														0.045730	0.036959	9.766486	0.999133	0.041193	-0.005958	-0.041210	0.999146	-0.002844	0.005836	0.003087	0.999978	
6143														-0.005207	0.083804	9.767522	0.999134	0.041190	-0.005944	-0.041208	0.999146	-0.002862	0.005821	0.003104	0.999978	
6144														0.019324	0.084921	9.767098	0.999132	0.041218	-0.005961	-0.041236	0.999145	-0.002864	0.005838	0.003107	0.999978	
6145														0.044083	0.085896	9.766674	0.999134	0.041185	-0.005992	-0.041203	0.999147	-0.002851	0.005870	0.003095	0.999978	
6146														0.046281	0.061281	9.815398	0.999133	0.041198	-0.005994	-0.041215	0.999146	-0.002854	0.005871	0.003098	0.999978	
6147														0.072434	0.038087	9.839284	0.999133	0.041195	-0.006026	-0.041213	0.999146	-0.002902	0.005901	0.003147	0.999978	
6148														0.096333	0.039369	9.790034	0.999134	0.041178	-0.006042	-0.041196	0.999147	-0.002874	0.005919	0.003120	0.999978	
6149														0.098745	0.014675	9.863169	0.999133	0.041206	-0.006013	-0.041224	0.999146	-0.002892	0.005889	0.003138	0.999978	
6150														0.073212	0.013935	9.790364	0.999132	0.041204	-0.006045	-0.041222	0.999146	-0.002894	0.005921	0.003141	0.999978	
6151														0.074557	-0.010450	9.790267	0.999132	0.041217	-0.006046	-0.041235	0.999145	-0.002897	0.005922	0.003143	0.999978	
6152														0.100034	-0.009624	9.838657	0.999132	0.041214	-0.006063	-0.041232	0.999145	-0.002884	0.005939	0.003131	0.999977	
6153														0.076491	-0.035134	9.814578	0.999131	0.041227	-0.006063	-0.041245	0.999145	-0.002871	0.005940	0.003119	0.999977	
6154														0.074033	0.013727	9.790358	0.999132	0.041224	-0.006050	-0.041242	0.999145	-0.002890	0.005926	0.003137	0.999978	
6155														0.098781	0.014551	9.814340	0.999131	0.041252	-0.006019	-0.041270	0.999144	-0.002847	0.005897	0.003093	0.999978	
6156														0.073702	0.037585	9.839277	0.999130	0.041264	-0.006006	-0.041281	0.999143	-0.002850	0.005883	0.003096	0.999978	
6157														0.096603	0.063033	9.814534	0.999131	0.041246	-0.005991	-0.041263	0.999144	-0.002838	0.005869	0.003083	0.999978	
6158														0.071782	0.061981	9.790554	0.999131	0.041259	-0.005978	-0.041276	0.999144	-0.002841	0.005855	0.003085	0.999978	
6159														0.047394	0.060849	9.790983	0.999131	0.041256	-0.005963	-0.041274	0.999144	-0.002828	0.005841	0.003072	0.999978	
6160														0.047242	0.060845	9.790984	0.999131	0.041254	-0.005919	-0.041271	0.999144	-0.002848	0.005797	0.003089	0.999978	
6161														0.024266	0.035314	9.815726	0.999131	0.041266	-0.005920	-0.041284	0.999143	-0.002835	0.005798	0.003077	0.999978	
6162														0.048370	0.036378	9.790887	0.999130	0.041280	-0.005922	-0.041297	0.999143	-0.002838	0.005799	0.003080	0.999978	
6163														0.048443	0.036378	9.790887	0.999131	0.041262	-0.005907	-0.041279	0.999144	-0.002841	0.005785	0.003082	0.999979	
6164														0.075054	0.012896	9.839178	0.999130	0.041275	-0.005955	-0.041292	0.999143	-0.002843	0.005833	0.003086	0.999978	
6165														0.098946	0.014123	9.789925	0.999131	0.041257	-0.005956	-0.041275	0.999144	-0.002845	0.005834	0.003089	0.999978	
6166														0.099889	0.013968	9.838744	0.999131	0.041254	-0.005943	-0.041271	0.999144	-0.002849	0.005821	0.003092	0.999978	
6167														0.123215	0.039421	9.838410	0.999132	0.041236	-0.005929	-0.041254	0.999145	-0.002852	0.005806	0.003094	0.999978	
6168														0.099189	0.038128	9.863253	0.999132	0.041232	-0.005899	-0.041250	0.999145	-0.002826	0.005778	0.003066	0.999979	
6169														0.075837	-0.011789	9.814669	0.999133	0.041230	-0.005854	-0.041247	0.999145	-0.002814	0.005733	0.003053	0.999979	
6170														0.049944	0.011228	9.815200	0.999133	0.041228	-0.005779	-0.041244	0.999145	-0.002772	0.005660	0.003008	0.999979	
6171														0.048076	0.035540	9.790891	0.999133	0.041226	-0.005750	-0.041242	0.999145	-0.002791	0.005630	0.003025	0.999980	
6172														0.048210	0.035302	9.815304	0.999134	0.041224	-0.005689	-0.041240	0.999145	-0.002748	0.005571	0.002980	0.999980	
6173														0.023731	0.009775	9.766812	0.999134	0.041222	-0.005660	-0.041238	0.999146	-0.002751	0.005541	0.002982	0.999980	
6174														0.021809	0.058244	9.791424	0.999134	0.041219	-0.005615	-0.041235	0.999146	-0.002709	0.005498	0.002938	0.999981	
6175														0.070646	0.035852	9.741654	0.999134	0.041232	-0.005600	-0.041247	0.999145	-0.002697	0.005484	0.002925	0.999981	
6176														0.119001	0.086365	9.838647	0.999134	0.041229	-0.005587	-0.041244	0.999145	-0.002700	0.005471	0.002928	0.999981	
6177														0.048257	0.034137	9.864131	0.999134	0.041226	-0.005542	-0.041241	0.999146	-0.002673	0.005427	0.002899	0.999981	
6178														0.068209	0.084327	9.741861	0.999133	0.041253	-0.005528	-0.041269	0.999144	-0.002691	0.005412	0.002917	0.999981	
6179														0.047394	0.034300	9.815311	0.999133	0.041266	-0.005544	-0.041281	0.999144	-0.002694	0.005428	0.002920	0.999981	
6180														0.071073	0.035394	9.766065	0.999134	0.041247	-0.005530	-0.041263	0.999145	-0.002667	0.005415	0.002893	0.999981	
6181														0.048192	0.009621	9.790798	0.999134	0.041245	-0.005515	-0.041260	0.999145	-0.002654	0.005401	0.002880	0.999981	
6182														0.047626	0.033778	9.815312	0.999134	0.041242	-0.005517	-0.041257	0.999145	-0.002642	0.005403	0.002868	0.999981	
6183														0.049495	-0.015065	9.790694	0.999134	0.041239	-0.005517	-0.041254	0.999145	-0.002630	0.005404	0.002855	0.999981	
6184														0.072390	0.034561	9.814884	0.999134	0.041238	-0.005535	-0.041253	0.999145	-0.002617	0.005422	0.002843	0.999981	
6185														0.098789	0.011003	9.863173	0.999134	0.041250	-0.005505	-0.041265	0.999145	-0.002620	0.005392	0.002845	0.999981	
6186														0.098079	0.011028	9.814352	0.999134	0.041233	-0.005536	-0.041248	0.999146	-0.002591	0.005425	0.002818	0.999981	
6187														0.073277	0.033958	9.839293	0.999133	0.041276	-0.005522	-0.041291	0.999144	-0.002563	0.005411	0.002789	0.999981	
6188														0.071909	0.033992	9.766064	0.999133	0.041274	-0.005493	-0.041289	0.999144	-0.002551	0.005383	0.002776	0.999982	
6189														0.048666	0.032645	9.839723	0.999132	0.041287	-0.005464	-0.041301	0.999143	-0.002570	0.005353	0.002793	0.999982	
6190														0.021827	0.056286	9.767025	0.999133	0.041286	-0.005450	-0.041300	0.999143	-0.002573	0.005339	0.002795	0.999982	
6191														0.022763	0.056037	9.815846	0.999133	0.041283	-0.005450	-0.041298	0.999144	-0.002560	0.005340	0.002783	0.999982	
6192														0.046943	0.057061	9.791008	0.999133	0.041281	-0.005466	-0.041295	0.999144	-0.002547	0.005357	0.002771	0.999982	
6193														0.073143	0.033599	9.814882	0.999132	0.041294	-0.005483	-0.041308	0.999143	-0.002549	0.005373	0.002774	0.999982	
6194														0.050363	0.008135	9.815201	0.999132	0.041278	-0.005545	-0.041293	0.999144	-0.002551	0.005435	0.002778	0.999981	
6195														0.099436	0.010238	9.814339	0.999134	0.041245	-0.005516	-0.041259	0.999145	-0.002539	0.005406	0.002765	0.999982	
6196														0.123972	0.011328	9.813907	0.999134	0.041242	-0.005548	-0.041257	0.999145	-0.002557	0.005438	0.002783	0.999981	
6197														0.100170	0.010158	9.838746	0.999133	0.041255	-0.005518	-0.041269	0.999145	-0.002544	0.005409	0.002770	0.999982	
6198														0.075272	0.009156	9.814768	0.999134	0.041238	-0.005505	-0.041252	0.999145	-0.002563	0.005394	0.002788	0.999982	
6199														0.049724	0.032455	9.815306	0.999134	0.041250	-0.005475	-0.041265	0.999145	-0.002551	0.005365	0.002774	0.999982	
6200														0.047764	0.057019	9.766593	0.999133	0.041264	-0.005477	-0.041279	0.999144	-0.002568	0.005366	0.002792	0.999982	
6201														0.048268	0.057005	9.791002	0.999133	0.041277	-0.005463	-0.041291	0.999144	-0.002571	0.005352	0.002794	0.999982	
6202														0.048927	0.056922	9.815411	0.999135	0.041228	-0.005495	-0.041243	0.999146	-0.002574	0.005384	0.002798	0.999982	
6203														0.050390	0.032541	9.815302	0.999134	0.041241	-0.005511	-0.041256	0.999145	-0.002576	0.005400	0.002801	0.999981	
6204														0.074125	0.033737	9.766048	0.999134	0.041239	-0.005512	-0.041254	0.999145	-0.002564	0.005402	0.002789	0.999982	
6205														0.075150	0.033490	9.814867	0.999134	0.041236	-0.005513	-0.041251	0.999146	-0.002566	0.005403	0.002791	0.999982	
6206														0.075225	0.033416	9.814867	0.999134	0.041234	-0.005500	-0.041249	0.999146	-0.002554	0.005390	0.002779	0.999982	
6207														0.076393	0.008953	9.814759	0.999134	0.041247	-0.005501	-0.041262	0.999145	-0.002556	0.005391	0.002781	0.999982	
6208														0.051061	0.032249	9.815300	0.999133	0.041261	-0.005503	-0.041276	0.999145	-0.002559	0.005392	0.002784	0.999982	
6209														0.027404	0.006927	9.791216	0.999134	0.041244	-0.005489	-0.041258	0.999145	-0.002577	0.005378	0.002801	0.999982	
6210														0.052300	0.008011	9.815191	0.999133	0.041257	-0.005491	-0.041271	0.999145	-0.002580	0.005379	0.002804	0.999982	
6211														0.051278	0.032401	9.815298	0.999134	0.041239	-0.005476	-0.041254	0.999145	-0.002583	0.005365	0.002806	0.999982	
6212														0.076473	0.009051	9.790345	0.999134	0.041252	-0.005493	-0.041267	0.999145	-0.002554	0.005383	0.002779	0.999982	
6213														0.075015	0.057748	9.814968	0.999134	0.041235	-0.005510	-0.041250	0.999146	-0.002587	0.005398	0.002812	0.999981	
6214														0.052971	0.008022	9.815187	0.999134	0.041233	-0.005496	-0.041248	0.999146	-0.002590	0.005384	0.002815	0.999982	
6215														0.051286	0.056788	9.839811	0.999135	0.041231	-0.005497	-0.041246	0.999146	-0.002608	0.005385	0.002832	0.999981	
6216														0.076401	0.033664	9.814857	0.999134	0.041243	-0.005484	-0.041258	0.999145	-0.002611	0.005372	0.002835	0.999982	
6217														0.051498	0.032646	9.790884	0.999134	0.041241	-0.005455	-0.041256	0.999145	-0.002614	0.005342	0.002837	0.999982	
6218														0.050545	0.057037	9.790990	0.999135	0.041223	-0.005487	-0.041238	0.999146	-0.002617	0.005375	0.002841	0.999982	
6219														0.028663	0.007087	9.791212	0.999135	0.041221	-0.005488	-0.041235	0.999146	-0.002604	0.005376	0.002828	0.999982	
6220														0.052094	0.032582	9.790881	0.999135	0.041219	-0.005490	-0.041234	0.999146	-0.002622	0.005377	0.002846	0.999981	
6221														0.076626	0.033690	9.790442	0.999135	0.041217	-0.005490	-0.041232	0.999146	-0.002609	0.005378	0.002833	0.999982	
6222														0.078105	0.033355	9.863671	0.999135	0.041215	-0.005493	-0.041230	0.999146	-0.002612	0.005381	0.002836	0.999982	
6223														0.102932	0.010253	9.814303	0.999135	0.041213	-0.005509	-0.041227	0.999146	-0.002614	0.005397	0.002839	0.999981	
6224														0.102050	0.034648	9.814408	0.999135	0.041225	-0.005511	-0.041240	0.999146	-0.002617	0.005398	0.002842	0.999981	
6225														0.077368	0.033630	9.790437	0.999135	0.041207	-0.005512	-0.041222	0.999147	-0.002620	0.005399	0.002845	0.999981	
6226														0.102272	0.034579	9.814406	0.999134	0.041236	-0.005498	-0.041251	0.999145	-0.002607	0.005386	0.002832	0.999981	
6227														0.051652	0.056851	9.766574	0.999134	0.041249	-0.005515	-0.041264	0.999145	-0.002609	0.005402	0.002835	0.999981	
6228														0.053281	0.032300	9.790876	0.999134	0.041247	-0.005485	-0.041262	0.999145	-0.002597	0.005374	0.002821	0.999982	
6229														0.054910	0.007824	9.815177	0.999135	0.041214	-0.005502	-0.041229	0.999146	-0.002615	0.005390	0.002840	0.999981	
6230														0.078409	0.033330	9.814842	0.999136	0.041197	-0.005504	-0.041212	0.999147	-0.002603	0.005392	0.002827	0.999981	
6231														0.079005	0.033170	9.839251	0.999135	0.041210	-0.005505	-0.041224	0.999147	-0.002605	0.005393	0.002830	0.999981	
6232														0.078260	0.033350	9.790430	0.999135	0.041206	-0.005506	-0.041221	0.999147	-0.002608	0.005394	0.002833	0.999981	
6233														0.077817	0.057655	9.814947	0.999136	0.041189	-0.005522	-0.041204	0.999147	-0.002611	0.005410	0.002836	0.999981	
6234														0.079669	0.008967	9.790320	0.999136	0.041201	-0.005493	-0.041215	0.999147	-0.002614	0.005381	0.002839	0.999981	
6235														0.054542	0.032149	9.815281	0.999137	0.041183	-0.005479	-0.041198	0.999148	-0.002617	0.005367	0.002841	0.999982	
6236														0.054614	0.032225	9.815281	0.999137	0.041180	-0.005481	-0.041195	0.999148	-0.002636	0.005368	0.002859	0.999982	
6237														0.055053	0.008166	9.766351	0.999136	0.041193	-0.005498	-0.041208	0.999147	-0.002653	0.005384	0.002878	0.999981	
6238														0.030749	0.055462	9.889059	0.999137	0.041176	-0.005469	-0.041191	0.999148	-0.002657	0.005355	0.002880	0.999982	
6239														0.052288	0.032979	9.668819	0.999136	0.041189	-0.005485	-0.041204	0.999147	-0.002659	0.005371	0.002883	0.999981	
6240														0.081829	0.033218	9.936881	0.999136	0.041186	-0.005488	-0.041202	0.999147	-0.002677	0.005373	0.002901	0.999981	
6241														0.055193	0.008411	9.741938	0.999137	0.041169	-0.005504	-0.041184	0.999148	-0.002664	0.005389	0.002889	0.999981	
6242														0.079879	0.033735	9.814829	0.999137	0.041182	-0.005475	-0.041197	0.999147	-0.002698	0.005360	0.002921	0.999981	
6243														0.082946	0.009078	9.912359	0.999137	0.041180	-0.005507	-0.041195	0.999148	-0.002685	0.005391	0.002909	0.999981	
6244														0.053991	0.032891	9.717634	0.999137	0.041178	-0.005478	-0.041193	0.999148	-0.002672	0.005363	0.002896	0.999981	
6245														0.081076	0.033492	9.863647	0.999138	0.041160	-0.005479	-0.041175	0.999148	-0.002690	0.005364	0.002914	0.999981	
6246														0.055414	0.032630	9.790863	0.999137	0.041173	-0.005466	-0.041188	0.999148	-0.002678	0.005351	0.002901	0.999981	
6247														0.056012	0.032545	9.815272	0.999136	0.041186	-0.005482	-0.041201	0.999147	-0.002695	0.005367	0.002919	0.999981	
6248														0.031401	0.031435	9.791308	0.999137	0.041183	-0.005484	-0.041198	0.999147	-0.002668	0.005369	0.002892	0.999981	
6249														0.030049	0.055764	9.767006	0.999136	0.041196	-0.005500	-0.041211	0.999147	-0.002670	0.005385	0.002895	0.999981	
6250														0.080319	0.057834	9.839339	0.999136	0.041194	-0.005487	-0.041209	0.999147	-0.002689	0.005371	0.002912	0.999981	
6251														0.055179	0.056808	9.790967	0.999137	0.041176	-0.005503	-0.041191	0.999148	-0.002661	0.005388	0.002885	0.999981	
6252														0.081518	0.033395	9.814817	0.999137	0.041174	-0.005535	-0.041189	0.999148	-0.002678	0.005420	0.002904	0.999981	
6253														0.082196	0.033237	9.839225	0.999136	0.041202	-0.005521	-0.041217	0.999147	-0.002650	0.005407	0.002875	0.999981	
6254														0.056980	0.032133	9.790855	0.999136	0.041200	-0.005523	-0.041215	0.999147	-0.002653	0.005409	0.002878	0.999981	
6255														0.084007	0.008616	9.863524	0.999136	0.041183	-0.005524	-0.041198	0.999147	-0.002656	0.005410	0.002881	0.999981	
6256														0.032511	0.031095	9.766895	0.999136	0.041196	-0.005541	-0.041211	0.999147	-0.002658	0.005427	0.002884	0.999981	
6257														0.059617	0.007580	9.839562	0.999136	0.041178	-0.005542	-0.041193	0.999148	-0.002661	0.005428	0.002887	0.999981	
6258														0.059310	0.007671	9.815152	0.999136	0.041193	-0.005544	-0.041208	0.999147	-0.002663	0.005429	0.002889	0.999981	
6259														0.082327	0.033286	9.790397	0.999136	0.041175	-0.005560	-0.041190	0.999148	-0.002665	0.005446	0.002892	0.999981	
6260														0.057122	0.080587	9.864297	0.999137	0.041172	-0.005531	-0.041187	0.999148	-0.002654	0.005418	0.002879	0.999981	
6261														0.083152	0.008915	9.765877	0.999137	0.041170	-0.005548	-0.041185	0.999148	-0.002671	0.005433	0.002898	0.999981	
6262														0.058016	0.056441	9.839776	0.999136	0.041183	-0.005535	-0.041198	0.999147	-0.002690	0.005419	0.002915	0.999981	
6263														0.059221	0.032204	9.839666	0.999136	0.041180	-0.005536	-0.041196	0.999147	-0.002708	0.005420	0.002933	0.999981	
6264														0.058451	0.032456	9.790846	0.999136	0.041192	-0.005538	-0.041207	0.999147	-0.002711	0.005421	0.002937	0.999981	
6265														0.059059	0.032296	9.815255	0.999137	0.041174	-0.005538	-0.041189	0.999148	-0.002698	0.005422	0.002924	0.999981	
6266														0.058673	0.032384	9.790845	0.999136	0.041201	-0.005524	-0.041216	0.999147	-0.002717	0.005408	0.002942	0.999981	
6267														0.083584	0.033589	9.814799	0.999136	0.041198	-0.005526	-0.041214	0.999147	-0.002735	0.005408	0.002960	0.999981	
6268														0.059885	0.032289	9.839662	0.999135	0.041211	-0.005542	-0.041226	0.999146	-0.002707	0.005426	0.002933	0.999981	
6269														0.084640	0.009147	9.790278	0.999135	0.041208	-0.005528	-0.041224	0.999146	-0.002725	0.005411	0.002950	0.999981	
6270														0.059648	0.032304	9.815251	0.999135	0.041206	-0.005530	-0.041222	0.999146	-0.002713	0.005413	0.002938	0.999981	
6271														0.058119	0.056704	9.790950	0.999135	0.041219	-0.005516	-0.041235	0.999146	-0.002715	0.005399	0.002940	0.999981	
6272														0.059719	0.032303	9.815251	0.999135	0.041218	-0.005502	-0.041233	0.999146	-0.002734	0.005385	0.002958	0.999981	
6273														0.084101	0.033449	9.814795	0.999135	0.041215	-0.005488	-0.041230	0.999146	-0.002721	0.005371	0.002945	0.999981	
6274														0.035410	0.031080	9.815706	0.999135	0.041226	-0.005489	-0.041241	0.999146	-0.002725	0.005372	0.002949	0.999981	
6275														0.059481	0.032243	9.790840	0.999135	0.041223	-0.005490	-0.041239	0.999146	-0.002712	0.005373	0.002936	0.999981	
6276														0.059557	0.032169	9.790840	0.999136	0.041206	-0.005475	-0.041221	0.999146	-0.002715	0.005359	0.002938	0.999981	
6277														0.085935	0.008679	9.839094	0.999136	0.041203	-0.005446	-0.041219	0.999146	-0.002703	0.005330	0.002925	0.999982	
6278														0.058563	0.032119	9.742022	0.999137	0.041186	-0.005447	-0.041201	0.999147	-0.002691	0.005331	0.002913	0.999982	
6279														0.084404	0.032931	9.814794	0.999137	0.041168	-0.005432	-0.041184	0.999148	-0.002694	0.005317	0.002915	0.999982	
6280														0.058870	0.056166	9.815361	0.999137	0.041183	-0.005419	-0.041198	0.999147	-0.002696	0.005303	0.002917	0.999982	
6281														0.060020	0.031703	9.815251	0.999136	0.041196	-0.005404	-0.041211	0.999147	-0.002683	0.005289	0.002904	0.999982	
6282														0.060168	0.031705	9.815250	0.999136	0.041195	-0.005422	-0.041210	0.999147	-0.002701	0.005306	0.002922	0.999982	
6283														0.058698	0.056257	9.790950	0.999135	0.041238	-0.005408	-0.041253	0.999145	-0.002703	0.005292	0.002924	0.999982	
6284														0.036079	0.030628	9.815705	0.999137	0.041191	-0.005425	-0.041207	0.999147	-0.002706	0.005309	0.002927	0.999982	
6285														0.060537	0.031711	9.815248	0.999136	0.041204	-0.005395	-0.041219	0.999146	-0.002694	0.005280	0.002914	0.999982	
6286														0.060612	0.031636	9.815247	0.999136	0.041202	-0.005412	-0.041217	0.999147	-0.002696	0.005297	0.002917	0.999982	
6287														0.059754	0.056029	9.815356	0.999136	0.041199	-0.005429	-0.041214	0.999147	-0.002699	0.005313	0.002920	0.999982	
6288														0.085515	0.032805	9.814785	0.999136	0.041196	-0.005431	-0.041211	0.999147	-0.002702	0.005315	0.002923	0.999982	
6289														0.086823	0.008348	9.814673	0.999136	0.041194	-0.005432	-0.041209	0.999147	-0.002689	0.005316	0.002911	0.999982	
6290														0.061824	0.031336	9.839653	0.999137	0.041191	-0.005418	-0.041206	0.999147	-0.002677	0.005303	0.002898	0.999982	
6291														0.061360	0.031349	9.815244	0.999136	0.041204	-0.005404	-0.041219	0.999147	-0.002680	0.005289	0.002900	0.999982	
6292														0.062591	0.007039	9.815132	0.999136	0.041202	-0.005406	-0.041217	0.999147	-0.002697	0.005290	0.002918	0.999982	
6293														0.061654	0.031429	9.815242	0.999136	0.041200	-0.005422	-0.041215	0.999147	-0.002684	0.005307	0.002906	0.999982	
6294														0.061880	0.031284	9.815241	0.999136	0.041213	-0.005423	-0.041228	0.999146	-0.002672	0.005308	0.002893	0.999982	
6295														0.060400	0.055762	9.790942	0.999136	0.041196	-0.005424	-0.041211	0.999147	-0.002690	0.005309	0.002911	0.999982	
6296														0.062177	0.031289	9.815239	0.999137	0.041178	-0.005426	-0.041193	0.999148	-0.002678	0.005311	0.002899	0.999982	
6297														0.061089	0.055602	9.815350	0.999137	0.041175	-0.005412	-0.041190	0.999148	-0.002680	0.005297	0.002901	0.999982	
6298														0.062633	0.006937	9.766307	0.999137	0.041173	-0.005429	-0.041188	0.999148	-0.002668	0.005314	0.002889	0.999982	
6299														0.062553	0.031071	9.815237	0.999137	0.041186	-0.005415	-0.041201	0.999147	-0.002671	0.005300	0.002891	0.999982	
6300														0.062700	0.031073	9.815236	0.999136	0.041200	-0.005431	-0.041215	0.999147	-0.002673	0.005317	0.002894	0.999982	
6301														0.064088	0.006766	9.815122	0.999136	0.041197	-0.005433	-0.041212	0.999147	-0.002690	0.005317	0.002912	0.999982	
6302														0.089011	0.007922	9.839067	0.999136	0.041210	-0.005419	-0.041225	0.999146	-0.002694	0.005303	0.002915	0.999982	
6303														0.064234	0.006842	9.815121	0.999137	0.041192	-0.005420	-0.041207	0.999147	-0.002696	0.005304	0.002917	0.999982	
6304														0.062514	0.055527	9.839754	0.999137	0.041190	-0.005422	-0.041205	0.999147	-0.002699	0.005306	0.002920	0.999982	
6305														0.040151	0.005676	9.815584	0.999137	0.041188	-0.005423	-0.041203	0.999147	-0.002702	0.005307	0.002923	0.999982	
6306														0.087965	0.032486	9.814764	0.999137	0.041185	-0.005440	-0.041200	0.999147	-0.002720	0.005324	0.002941	0.999982	
6307														0.063730	0.031390	9.815228	0.999136	0.041198	-0.005426	-0.041213	0.999147	-0.002722	0.005309	0.002944	0.999982	
6308														0.063727	0.031389	9.815228	0.999136	0.041210	-0.005412	-0.041225	0.999146	-0.002726	0.005295	0.002946	0.999982	
6309														0.039569	0.030217	9.815693	0.999136	0.041208	-0.005444	-0.041223	0.999146	-0.002728	0.005327	0.002950	0.999981	
6310														0.065895	0.006925	9.839522	0.999136	0.041206	-0.005445	-0.041222	0.999146	-0.002730	0.005328	0.002952	0.999981	
6311														0.088232	0.032592	9.790348	0.999136	0.041204	-0.005430	-0.041219	0.999146	-0.002718	0.005314	0.002939	0.999982	
6312														0.064000	0.031343	9.790815	0.999135	0.041217	-0.005447	-0.041232	0.999146	-0.002720	0.005330	0.002943	0.999981	
6313														0.065325	0.006959	9.790701	0.999135	0.041230	-0.005433	-0.041245	0.999145	-0.002723	0.005316	0.002945	0.999982	
6314														0.063592	0.055568	9.815335	0.999135	0.041229	-0.005449	-0.041244	0.999145	-0.002710	0.005333	0.002932	0.999981	
6315														0.089053	0.032312	9.790342	0.999135	0.041226	-0.005481	-0.041241	0.999146	-0.002697	0.005365	0.002920	0.999981	
6316														0.065298	0.030894	9.815220	0.999135	0.041224	-0.005452	-0.041239	0.999146	-0.002685	0.005336	0.002907	0.999982	
6317														0.090935	0.007618	9.814636	0.999134	0.041237	-0.005468	-0.041252	0.999145	-0.002687	0.005352	0.002910	0.999981	
6318														0.063939	0.055300	9.790922	0.999135	0.041235	-0.005470	-0.041250	0.999145	-0.002690	0.005354	0.002913	0.999981	
6319														0.091785	0.007461	9.839042	0.999135	0.041232	-0.005470	-0.041248	0.999145	-0.002677	0.005355	0.002900	0.999981	
6320														0.065896	0.030680	9.815216	0.999135	0.041230	-0.005472	-0.041246	0.999145	-0.002680	0.005357	0.002903	0.999981	
6321														0.041513	0.029493	9.815687	0.999134	0.041243	-0.005443	-0.041258	0.999145	-0.002683	0.005327	0.002905	0.999982	
6322														0.064308	0.055081	9.790921	0.999134	0.041241	-0.005459	-0.041256	0.999145	-0.002670	0.005345	0.002893	0.999982	
6323														0.065243	0.030643	9.766397	0.999136	0.041208	-0.005460	-0.041223	0.999146	-0.002658	0.005346	0.002880	0.999982	
6324														0.066422	0.030390	9.815214	0.999136	0.041191	-0.005478	-0.041206	0.999147	-0.002660	0.005363	0.002884	0.999981	
6325														0.066170	0.030412	9.790803	0.999136	0.041203	-0.005478	-0.041218	0.999147	-0.002647	0.005365	0.002871	0.999981	
6326														0.065609	0.054632	9.815327	0.999135	0.041217	-0.005480	-0.041232	0.999146	-0.002650	0.005366	0.002874	0.999981	
6327														0.066060	0.030510	9.766391	0.999135	0.041215	-0.005497	-0.041230	0.999146	-0.002667	0.005382	0.002892	0.999981	
6328														0.090909	0.055891	9.839258	0.999135	0.041213	-0.005498	-0.041228	0.999146	-0.002670	0.005384	0.002894	0.999981	
6329														0.043719	0.004849	9.791158	0.999135	0.041211	-0.005499	-0.041226	0.999146	-0.002657	0.005385	0.002882	0.999981	
6330														0.091516	0.031474	9.790322	0.999137	0.041178	-0.005516	-0.041193	0.999148	-0.002645	0.005403	0.002870	0.999981	
6331														0.043795	0.028756	9.840091	0.999137	0.041175	-0.005486	-0.041190	0.999148	-0.002633	0.005373	0.002856	0.999981	
6332														0.067292	0.029910	9.790797	0.999136	0.041188	-0.005503	-0.041203	0.999147	-0.002605	0.005391	0.002829	0.999981	
6333														0.069192	0.005287	9.815088	0.999136	0.041186	-0.005504	-0.041201	0.999147	-0.002607	0.005391	0.002832	0.999981	
6334														0.066473	0.054152	9.790912	0.999136	0.041185	-0.005505	-0.041199	0.999148	-0.002610	0.005393	0.002834	0.999981	
6335														0.092678	0.030799	9.814726	0.999136	0.041182	-0.005506	-0.041197	0.999148	-0.002597	0.005394	0.002822	0.999981	
6336														0.068930	0.029437	9.839612	0.999136	0.041194	-0.005508	-0.041208	0.999147	-0.002600	0.005396	0.002825	0.999981	
6337														0.068520	0.029531	9.815202	0.999136	0.041206	-0.005494	-0.041221	0.999147	-0.002603	0.005382	0.002827	0.999982	
6338														0.068743	0.029535	9.815200	0.999136	0.041190	-0.005526	-0.041205	0.999147	-0.002605	0.005414	0.002830	0.999981	
6339														0.044663	0.028267	9.815677	0.999135	0.041218	-0.005527	-0.041233	0.999146	-0.002592	0.005415	0.002818	0.999981	
6340														0.044096	0.052559	9.840203	0.999135	0.041215	-0.005529	-0.041230	0.999146	-0.002610	0.005417	0.002836	0.999981	
6341														0.068855	0.029491	9.790787	0.999135	0.041213	-0.005530	-0.041227	0.999146	-0.002582	0.005419	0.002808	0.999981	
6342														0.045115	0.027973	9.815676	0.999136	0.041196	-0.005532	-0.041211	0.999147	-0.002569	0.005422	0.002795	0.999981	
6343														0.069645	0.029104	9.815195	0.999136	0.041194	-0.005533	-0.041209	0.999147	-0.002572	0.005423	0.002798	0.999981	
6344														0.068668	0.053418	9.815312	0.999136	0.041191	-0.005550	-0.041206	0.999147	-0.002559	0.005440	0.002786	0.999981	
6345														0.069756	0.029137	9.790782	0.999136	0.041174	-0.005582	-0.041189	0.999148	-0.002577	0.005471	0.002805	0.999981	
6346														0.070389	0.029120	9.815190	0.999136	0.041186	-0.005553	-0.041201	0.999148	-0.002580	0.005442	0.002807	0.999981	
6347														0.070389	0.029044	9.815190	0.999135	0.041214	-0.005554	-0.041229	0.999146	-0.002567	0.005443	0.002794	0.999981	
6348														0.046015	0.027536	9.815673	0.999136	0.041180	-0.005524	-0.041195	0.999148	-0.002525	0.005416	0.002751	0.999982	
6349														0.070398	0.028593	9.815191	0.999137	0.041178	-0.005526	-0.041192	0.999148	-0.002543	0.005416	0.002769	0.999981	
6350														0.069982	0.028765	9.790782	0.999137	0.041160	-0.005512	-0.041174	0.999149	-0.002547	0.005403	0.002771	0.999982	
6351														0.070545	0.028595	9.815190	0.999137	0.041172	-0.005513	-0.041187	0.999148	-0.002534	0.005404	0.002759	0.999982	
6352														0.044622	0.051719	9.791384	0.999137	0.041170	-0.005514	-0.041185	0.999148	-0.002521	0.005406	0.002746	0.999982	
6353														0.070431	0.028549	9.790779	0.999138	0.041153	-0.005531	-0.041167	0.999149	-0.002539	0.005422	0.002765	0.999981	
6354														0.070576	0.028702	9.790778	0.999138	0.041149	-0.005518	-0.041164	0.999149	-0.002558	0.005408	0.002783	0.999982	
6355														0.069929	0.052991	9.815306	0.999138	0.041147	-0.005519	-0.041161	0.999149	-0.002545	0.005409	0.002770	0.999982	
6356														0.046987	0.027175	9.815669	0.999137	0.041161	-0.005535	-0.041176	0.999149	-0.002517	0.005427	0.002742	0.999982	
6357														0.071593	0.028242	9.815184	0.999138	0.041143	-0.005536	-0.041158	0.999149	-0.002519	0.005428	0.002745	0.999982	
6358														0.046872	0.027128	9.791259	0.999137	0.041155	-0.005538	-0.041169	0.999149	-0.002522	0.005430	0.002748	0.999981	
6359														0.047511	0.027033	9.815667	0.999138	0.041137	-0.005539	-0.041152	0.999150	-0.002525	0.005430	0.002751	0.999981	
6360														0.071622	0.028349	9.790771	0.999138	0.041134	-0.005556	-0.041148	0.999150	-0.002528	0.005447	0.002755	0.999981	
6361														0.071919	0.028356	9.790769	0.999138	0.041131	-0.005572	-0.041146	0.999150	-0.002531	0.005463	0.002758	0.999981	
6362														0.072141	0.028361	9.790767	0.999138	0.041143	-0.005574	-0.041158	0.999149	-0.002533	0.005465	0.002761	0.999981	
6363														0.047113	0.051431	9.815784	0.999139	0.041126	-0.005560	-0.041140	0.999150	-0.002536	0.005451	0.002763	0.999981	
6364														0.048550	0.027126	9.815662	0.999137	0.041152	-0.005593	-0.041167	0.999149	-0.002554	0.005483	0.002782	0.999981	
6365														0.048205	0.027149	9.791253	0.999138	0.041150	-0.005563	-0.041164	0.999149	-0.002527	0.005454	0.002754	0.999981	
6366														0.048702	0.026901	9.815662	0.999138	0.041148	-0.005565	-0.041163	0.999149	-0.002529	0.005456	0.002756	0.999981	
6367														0.072736	0.028147	9.790763	0.999137	0.041161	-0.005565	-0.041175	0.999149	-0.002517	0.005457	0.002744	0.999981	
6368														0.073305	0.027975	9.815172	0.999137	0.041174	-0.005553	-0.041189	0.999148	-0.002519	0.005444	0.002746	0.999981	
6369														0.073873	0.027879	9.839580	0.999138	0.041142	-0.005554	-0.041156	0.999150	-0.002522	0.005445	0.002749	0.999981	
6370														0.049225	0.026683	9.815660	0.999137	0.041169	-0.005571	-0.041183	0.999148	-0.002510	0.005463	0.002737	0.999981	
6371														0.073830	0.027761	9.815169	0.999137	0.041166	-0.005571	-0.041181	0.999149	-0.002497	0.005464	0.002724	0.999981	
6372														0.049599	0.026539	9.815658	0.999137	0.041164	-0.005573	-0.041178	0.999149	-0.002515	0.005465	0.002743	0.999981	
6373														0.049820	0.026617	9.815657	0.999136	0.041176	-0.005589	-0.041191	0.999148	-0.002517	0.005481	0.002745	0.999981	
6374														0.074423	0.027774	9.815164	0.999136	0.041176	-0.005590	-0.041190	0.999148	-0.002504	0.005483	0.002733	0.999981	
6375														0.074576	0.027627	9.815163	0.999137	0.041158	-0.005591	-0.041173	0.999149	-0.002492	0.005484	0.002720	0.999981	
6376														0.049775	0.026423	9.791247	0.999137	0.041156	-0.005578	-0.041171	0.999149	-0.002495	0.005471	0.002722	0.999981	
6377														0.049119	0.050708	9.815778	0.999137	0.041169	-0.005579	-0.041184	0.999148	-0.002497	0.005471	0.002725	0.999981	
6378														0.074873	0.027557	9.815161	0.999137	0.041150	-0.005581	-0.041165	0.999149	-0.002501	0.005473	0.002728	0.999981	
6379														0.074874	0.027482	9.815161	0.999138	0.041148	-0.005551	-0.041162	0.999149	-0.002489	0.005444	0.002715	0.999981	
6380														0.073573	0.051637	9.815286	0.999137	0.041159	-0.005536	-0.041173	0.999149	-0.002461	0.005430	0.002687	0.999982	
6381														0.050572	0.026024	9.815655	0.999137	0.041172	-0.005553	-0.041187	0.999148	-0.002494	0.005446	0.002721	0.999981	
6382														0.049558	0.050635	9.815776	0.999137	0.041170	-0.005555	-0.041184	0.999148	-0.002512	0.005447	0.002739	0.999981	
6383														0.050861	0.026328	9.815652	0.999138	0.041152	-0.005541	-0.041167	0.999149	-0.002515	0.005433	0.002741	0.999981	
6384														0.075888	0.027468	9.839566	0.999138	0.041150	-0.005558	-0.041165	0.999149	-0.002518	0.005450	0.002744	0.999981	
6385														0.076343	0.003286	9.790624	0.999136	0.041178	-0.005559	-0.041193	0.999148	-0.002520	0.005450	0.002747	0.999981	
6386														0.050146	0.050719	9.815773	0.999137	0.041160	-0.005561	-0.041175	0.999149	-0.002523	0.005453	0.002750	0.999981	
6387														0.051102	0.026438	9.791240	0.999136	0.041173	-0.005577	-0.041188	0.999148	-0.002525	0.005469	0.002753	0.999981	
6388														0.076708	0.027410	9.839560	0.999137	0.041171	-0.005579	-0.041185	0.999148	-0.002513	0.005470	0.002741	0.999981	
6389														0.052713	0.001913	9.791115	0.999137	0.041168	-0.005580	-0.041183	0.999148	-0.002516	0.005471	0.002743	0.999981	
6390														0.076429	0.027437	9.815150	0.999136	0.041181	-0.005566	-0.041195	0.999148	-0.002519	0.005457	0.002746	0.999981	
6391														0.050959	0.050656	9.815769	0.999136	0.041179	-0.005582	-0.041193	0.999148	-0.002536	0.005473	0.002764	0.999981	
6392														0.077377	0.027424	9.839555	0.999136	0.041176	-0.005599	-0.041191	0.999148	-0.002524	0.005490	0.002752	0.999981	
6393														0.077024	0.027450	9.815145	0.999136	0.041176	-0.005599	-0.041191	0.999148	-0.002524	0.005490	0.002752	0.999981	
6394														0.051480	0.050591	9.815767	0.999136	0.041189	-0.005600	-0.041204	0.999148	-0.002527	0.005492	0.002755	0.999981	
6395														0.051629	0.050518	9.815766	0.999136	0.041186	-0.005601	-0.041201	0.999148	-0.002514	0.005493	0.002743	0.999981	
6396														0.054265	0.001606	9.815518	0.999136	0.041185	-0.005603	-0.041199	0.999148	-0.002501	0.005495	0.002730	0.999981	
6397														0.075723	0.051789	9.790857	0.999135	0.041198	-0.005589	-0.041212	0.999147	-0.002534	0.005480	0.002763	0.999981	
6398														0.052658	0.026311	9.791232	0.999136	0.041194	-0.005592	-0.041209	0.999147	-0.002538	0.005482	0.002766	0.999981	
6399														0.052067	0.050598	9.815764	0.999136	0.041192	-0.005593	-0.041207	0.999147	-0.002540	0.005483	0.002768	0.999981	
6400														0.076516	0.051846	9.815263	0.999136	0.041189	-0.005579	-0.041204	0.999148	-0.002543	0.005469	0.002771	0.999981	
6401														0.053381	0.026289	9.815639	0.999135	0.041202	-0.005565	-0.041217	0.999147	-0.002561	0.005455	0.002788	0.999981	
6402														0.052788	0.050575	9.840171	0.999135	0.041201	-0.005581	-0.041216	0.999147	-0.002548	0.005471	0.002776	0.999981	
6403														0.077550	0.027567	9.790728	0.999136	0.041184	-0.005567	-0.041198	0.999148	-0.002551	0.005457	0.002778	0.999981	
6404														0.051924	0.050698	9.791353	0.999137	0.041166	-0.005553	-0.041181	0.999148	-0.002554	0.005443	0.002781	0.999981	
6405														0.078205	0.027472	9.815136	0.999137	0.041164	-0.005569	-0.041179	0.999149	-0.002557	0.005459	0.002784	0.999981	
6406														0.053976	0.026223	9.815636	0.999136	0.041177	-0.005555	-0.041191	0.999148	-0.002560	0.005445	0.002786	0.999981	
6407														0.079092	0.003265	9.790602	0.999137	0.041159	-0.005541	-0.041174	0.999149	-0.002578	0.005431	0.002804	0.999981	
