// Start Time: Unknown: 
// Update Rate: 60.0Hz 
// Filter Profile: human (46.1) 
// Firmware Version: 4.6.0
PacketCounter	SampleTimeFine	Year	Month	Day	Second	UTC_Nano	UTC_Year	UTC_Month	UTC_Day	UTC_Hour	UTC_Minute	UTC_Second	UTC_Valid	Acc_X	Acc_Y	Acc_Z	Mat[1][1]	Mat[2][1]	Mat[3][1]	Mat[1][2]	Mat[2][2]	Mat[3][2]	Mat[1][3]	Mat[2][3]	Mat[3][3] 
13114								0.048897	-0.043551	9.764807	0.995863	-0.090711	-0.005409	0.090733	0.995867	0.004002	0.005023	-0.004476	0.999977	
13115								0.044064	-0.029687	9.762146	0.995866	-0.090667	-0.005422	0.090690	0.995871	0.003978	0.005038	-0.004453	0.999977	
13116								0.050564	-0.054966	9.781691	0.995870	-0.090628	-0.005422	0.090650	0.995875	0.003950	0.005041	-0.004425	0.999978	
13117								0.021643	-0.053193	9.760198	0.995875	-0.090580	-0.005372	0.090602	0.995879	0.003927	0.004994	-0.004398	0.999978	
13118								0.036505	-0.059614	9.779390	0.995879	-0.090536	-0.005350	0.090557	0.995884	0.003898	0.004975	-0.004366	0.999978	
13119								0.049849	-0.054200	9.781699	0.995882	-0.090505	-0.005330	0.090526	0.995886	0.003886	0.004957	-0.004352	0.999978	
13120								0.048022	-0.042156	9.764818	0.995885	-0.090474	-0.005311	0.090495	0.995889	0.003874	0.004939	-0.004339	0.999978	
13121								0.044789	-0.040284	9.779037	0.995889	-0.090428	-0.005293	0.090449	0.995894	0.003862	0.004922	-0.004324	0.999979	
13122								0.038977	-0.060594	9.765179	0.995893	-0.090382	-0.005274	0.090403	0.995898	0.003848	0.004905	-0.004309	0.999979	
13123								0.032659	-0.057014	9.793616	0.995896	-0.090351	-0.005253	0.090372	0.995901	0.003840	0.004885	-0.004299	0.999979	
13124								0.041822	-0.061891	9.750964	0.995900	-0.090308	-0.005242	0.090329	0.995905	0.003813	0.004876	-0.004271	0.999979	
13125								0.053984	-0.066696	9.784374	0.995901	-0.090294	-0.005252	0.090315	0.995906	0.003819	0.004886	-0.004277	0.999979	
13126								0.060940	-0.036009	9.767132	0.995909	-0.090213	-0.005207	0.090234	0.995913	0.003837	0.004840	-0.004291	0.999979	
13127								0.048595	-0.052965	9.781712	0.995911	-0.090195	-0.005139	0.090215	0.995915	0.003835	0.004772	-0.004283	0.999979	
13938								0.043706	-0.048969	9.757288	0.995929	-0.090022	-0.004611	0.090045	0.995925	0.005050	0.004137	-0.005445	0.999977	
13939								0.053386	-0.041229	9.773909	0.995928	-0.090032	-0.004620	0.090055	0.995924	0.005054	0.004147	-0.005449	0.999977	
13940								0.045122	-0.038844	9.726060	0.995927	-0.090041	-0.004630	0.090064	0.995923	0.005057	0.004156	-0.005454	0.999976	
13941								0.028262	-0.063929	9.786025	0.995928	-0.090031	-0.004649	0.090054	0.995924	0.005089	0.004172	-0.005487	0.999976	
13942								0.036139	-0.044583	9.785536	0.995927	-0.090044	-0.004626	0.090067	0.995923	0.005038	0.004154	-0.005435	0.999977	
13943								0.047939	-0.061102	9.760289	0.995927	-0.090040	-0.004647	0.090063	0.995923	0.005022	0.004176	-0.005420	0.999977	
13944								0.032946	-0.055031	9.740680	0.995925	-0.090064	-0.004674	0.090087	0.995921	0.005038	0.004201	-0.005439	0.999976	
13945								0.054124	-0.051500	9.791031	0.995929	-0.090025	-0.004657	0.090048	0.995925	0.005044	0.004184	-0.005443	0.999976	
13946								0.035399	-0.043549	9.785544	0.995928	-0.090037	-0.004663	0.090060	0.995924	0.005034	0.004191	-0.005433	0.999976	
13947								0.036858	-0.054791	9.802658	0.995930	-0.090014	-0.004655	0.090037	0.995926	0.005024	0.004184	-0.005422	0.999977	
13948								0.060300	-0.054368	9.762799	0.995930	-0.090010	-0.004681	0.090033	0.995926	0.005022	0.004210	-0.005423	0.999976	
13949								0.060139	-0.054220	9.762801	0.995926	-0.090048	-0.004674	0.090071	0.995923	0.005033	0.004202	-0.005434	0.999976	
13950								0.026522	-0.061583	9.786045	0.995928	-0.090031	-0.004691	0.090054	0.995924	0.005000	0.004222	-0.005402	0.999976	
13951								0.037870	-0.044206	9.771432	0.995928	-0.090034	-0.004680	0.090058	0.995924	0.005041	0.004207	-0.005442	0.999976	
13952								0.027746	-0.051561	9.754815	0.995929	-0.090016	-0.004683	0.090039	0.995926	0.005012	0.004212	-0.005413	0.999976	
13953								0.037251	-0.043773	9.771437	0.995927	-0.090037	-0.004662	0.090061	0.995924	0.005026	0.004191	-0.005426	0.999977	
13954								0.060499	-0.064683	9.779930	0.995916	-0.090153	-0.004797	0.090176	0.995914	0.004788	0.004346	-0.005201	0.999977	
13955								0.058475	-0.052933	9.762818	0.995916	-0.090153	-0.004779	0.090176	0.995914	0.004797	0.004327	-0.005209	0.999977	
13956								0.037933	-0.054725	9.788558	0.995917	-0.090148	-0.004771	0.090170	0.995915	0.004788	0.004319	-0.005199	0.999977	
13957								0.035840	-0.042981	9.771446	0.995917	-0.090154	-0.004751	0.090176	0.995914	0.004800	0.004299	-0.005209	0.999977	
13958								0.040588	-0.056100	9.774445	0.995916	-0.090163	-0.004738	0.090186	0.995914	0.004779	0.004287	-0.005186	0.999977	
13959								0.048478	-0.036904	9.773952	0.995915	-0.090169	-0.004756	0.090191	0.995913	0.004812	0.004303	-0.005221	0.999977	
13960								0.062022	-0.065420	9.765830	0.995914	-0.090181	-0.004748	0.090204	0.995912	0.004802	0.004296	-0.005211	0.999977	
13961								0.021408	-0.047968	9.768950	0.995912	-0.090206	-0.004743	0.090228	0.995909	0.004811	0.004289	-0.005220	0.999977	
13962								0.052959	-0.049927	9.776955	0.995911	-0.090212	-0.004772	0.090235	0.995909	0.004826	0.004317	-0.005237	0.999977	
13963								0.043000	-0.057343	9.760335	0.995912	-0.090207	-0.004768	0.090230	0.995909	0.004832	0.004313	-0.005242	0.999977	
13964								0.049073	-0.047868	9.791076	0.995909	-0.090235	-0.004763	0.090258	0.995907	0.004841	0.004306	-0.005251	0.999977	
13965								0.052287	-0.049570	9.776960	0.995908	-0.090250	-0.004773	0.090273	0.995905	0.004845	0.004316	-0.005256	0.999977	
13966								0.042060	-0.056818	9.760342	0.995907	-0.090256	-0.004730	0.090278	0.995905	0.004831	0.004274	-0.005239	0.999977	
13967								0.038246	-0.054848	9.774462	0.995910	-0.090225	-0.004750	0.090248	0.995907	0.004860	0.004292	-0.005269	0.999977	
13968								0.043415	-0.068005	9.777463	0.995911	-0.090212	-0.004783	0.090235	0.995909	0.004822	0.004328	-0.005234	0.999977	
13969								0.033019	-0.040978	9.771464	0.995912	-0.090203	-0.004783	0.090226	0.995910	0.004843	0.004327	-0.005254	0.999977	
13970								0.049441	-0.036998	9.759853	0.995911	-0.090210	-0.004774	0.090233	0.995909	0.004836	0.004318	-0.005247	0.999977	
13971								0.042789	-0.067388	9.777471	0.995909	-0.090235	-0.004783	0.090258	0.995907	0.004842	0.004327	-0.005253	0.999977	
13972								0.050738	-0.048184	9.776975	0.995908	-0.090242	-0.004793	0.090265	0.995906	0.004845	0.004336	-0.005258	0.999977	
13973								0.037305	-0.053624	9.774472	0.995908	-0.090241	-0.004800	0.090264	0.995906	0.004832	0.004344	-0.005245	0.999977	
13974								0.040558	-0.055364	9.760357	0.995911	-0.090217	-0.004805	0.090240	0.995908	0.004865	0.004347	-0.005279	0.999977	
13975								0.040277	-0.055298	9.760358	0.995908	-0.090241	-0.004796	0.090264	0.995906	0.004860	0.004337	-0.005273	0.999977	
13976								0.045117	-0.068380	9.763365	0.995912	-0.090207	-0.004789	0.090230	0.995909	0.004847	0.004332	-0.005259	0.999977	
13977								0.062720	-0.041499	9.779493	0.995911	-0.090215	-0.004780	0.090238	0.995908	0.004840	0.004324	-0.005252	0.999977	
13978								0.029642	-0.061919	9.743744	0.995910	-0.090225	-0.004800	0.090248	0.995908	0.004825	0.004345	-0.005239	0.999977	
13979								0.049102	-0.046639	9.776991	0.995911	-0.090216	-0.004796	0.090239	0.995908	0.004831	0.004341	-0.005244	0.999977	
13980								0.048898	-0.046549	9.776993	0.995911	-0.090207	-0.004811	0.090231	0.995909	0.004847	0.004355	-0.005261	0.999977	
13981								0.035545	-0.051972	9.774488	0.995912	-0.090204	-0.004828	0.090227	0.995910	0.004816	0.004374	-0.005232	0.999977	
13982								0.037021	-0.063273	9.791612	0.995913	-0.090194	-0.004814	0.090217	0.995910	0.004840	0.004358	-0.005255	0.999977	
13983								0.048201	-0.045936	9.776999	0.995910	-0.090219	-0.004804	0.090242	0.995908	0.004835	0.004348	-0.005249	0.999977	
13984								0.037997	-0.053280	9.760379	0.995910	-0.090226	-0.004784	0.090250	0.995907	0.004847	0.004327	-0.005259	0.999977	
13985								0.052547	-0.059081	9.780011	0.995912	-0.090204	-0.004771	0.090227	0.995909	0.004870	0.004312	-0.005280	0.999977	
13986								0.033684	-0.051263	9.774498	0.995913	-0.090197	-0.004748	0.090220	0.995910	0.004865	0.004290	-0.005274	0.999977	
13987								0.038508	-0.064279	9.777509	0.995912	-0.090208	-0.004750	0.090231	0.995909	0.004840	0.004294	-0.005248	0.999977	
13988								0.041180	-0.031555	9.774004	0.995911	-0.090215	-0.004745	0.090238	0.995908	0.004848	0.004288	-0.005256	0.999977	
13989								0.037943	-0.063768	9.777515	0.995913	-0.090196	-0.004737	0.090219	0.995910	0.004837	0.004281	-0.005244	0.999977	
13990								0.041097	-0.065386	9.763403	0.995912	-0.090200	-0.004732	0.090223	0.995910	0.004845	0.004276	-0.005252	0.999977	
13991								0.050671	-0.057713	9.780029	0.995912	-0.090209	-0.004742	0.090232	0.995909	0.004849	0.004286	-0.005257	0.999977	
13992								0.045347	-0.044185	9.777021	0.995911	-0.090218	-0.004752	0.090241	0.995908	0.004852	0.004295	-0.005261	0.999977	
13993								0.063451	-0.051579	9.782545	0.995911	-0.090213	-0.004725	0.090235	0.995909	0.004833	0.004269	-0.005239	0.999977	
13994								0.041142	-0.041714	9.791141	0.995910	-0.090222	-0.004716	0.090245	0.995908	0.004826	0.004261	-0.005232	0.999977	
13995								0.067956	-0.064295	9.785564	0.995912	-0.090202	-0.004723	0.090224	0.995910	0.004811	0.004270	-0.005217	0.999977	
13996								0.029231	-0.037152	9.757394	0.995913	-0.090193	-0.004734	0.090216	0.995911	0.004813	0.004281	-0.005220	0.999977	
13997								0.045674	-0.054282	9.794160	0.995914	-0.090186	-0.004726	0.090209	0.995911	0.004804	0.004274	-0.005211	0.999977	
13998								0.048772	-0.055988	9.780049	0.995915	-0.090177	-0.004712	0.090200	0.995912	0.004828	0.004257	-0.005234	0.999977	
13999								0.051890	-0.057859	9.765937	0.995913	-0.090199	-0.004711	0.090221	0.995910	0.004853	0.004254	-0.005258	0.999977	
14000								0.024583	-0.034749	9.771513	0.995914	-0.090180	-0.004714	0.090202	0.995912	0.004823	0.004260	-0.005229	0.999977	
14001								0.061213	-0.049860	9.782568	0.995914	-0.090185	-0.004713	0.090208	0.995911	0.004846	0.004257	-0.005251	0.999977	
14002								0.022877	-0.057062	9.743792	0.995913	-0.090196	-0.004700	0.090219	0.995910	0.004824	0.004245	-0.005228	0.999977	
14003								0.042136	-0.041699	9.777046	0.995914	-0.090189	-0.004696	0.090211	0.995911	0.004830	0.004241	-0.005234	0.999977	
14004								0.052187	-0.068297	9.783079	0.995913	-0.090197	-0.004691	0.090219	0.995910	0.004838	0.004236	-0.005241	0.999977	
14005								0.053582	-0.058477	9.751841	0.995915	-0.090172	-0.004674	0.090194	0.995912	0.004846	0.004217	-0.005247	0.999977	
14006								0.042857	-0.052758	9.794181	0.995910	-0.090228	-0.004677	0.090251	0.995907	0.004840	0.004221	-0.005243	0.999977	
14007								0.049524	-0.056172	9.765959	0.995911	-0.090224	-0.004669	0.090246	0.995908	0.004831	0.004214	-0.005233	0.999977	
14008								0.062437	-0.050400	9.768476	0.995913	-0.090196	-0.004660	0.090218	0.995910	0.004869	0.004202	-0.005269	0.999977	
14009								0.026971	-0.046370	9.774543	0.995912	-0.090209	-0.004657	0.090231	0.995909	0.004829	0.004202	-0.005229	0.999977	
14010								0.048590	-0.055434	9.765968	0.995913	-0.090203	-0.004648	0.090225	0.995910	0.004820	0.004195	-0.005219	0.999978	
14011								0.043092	-0.041773	9.762952	0.995913	-0.090197	-0.004640	0.090219	0.995910	0.004811	0.004187	-0.005210	0.999978	
14012								0.035769	-0.037879	9.791178	0.995914	-0.090188	-0.004622	0.090210	0.995911	0.004821	0.004168	-0.005218	0.999978	
14013								0.049152	-0.066342	9.783108	0.995914	-0.090193	-0.004602	0.090215	0.995911	0.004833	0.004147	-0.005228	0.999978	
14014								0.053308	-0.045224	9.796719	0.995917	-0.090155	-0.004581	0.090177	0.995914	0.004824	0.004127	-0.005218	0.999978	
14015								0.046604	-0.054334	9.765984	0.995915	-0.090180	-0.004571	0.090201	0.995912	0.004819	0.004117	-0.005212	0.999978	
14016								0.064181	-0.027361	9.782111	0.995914	-0.090190	-0.004572	0.090212	0.995911	0.004794	0.004121	-0.005187	0.999978	
14017								0.042612	-0.051912	9.780100	0.995915	-0.090181	-0.004573	0.090203	0.995912	0.004814	0.004120	-0.005207	0.999978	
14018								0.050341	-0.032769	9.779598	0.995917	-0.090157	-0.004555	0.090178	0.995914	0.004822	0.004102	-0.005213	0.999978	
14019								0.047088	-0.065060	9.783127	0.995918	-0.090149	-0.004551	0.090171	0.995915	0.004828	0.004097	-0.005219	0.999978	
14020								0.045086	-0.053401	9.765996	0.995917	-0.090157	-0.004547	0.090179	0.995914	0.004836	0.004092	-0.005226	0.999978	
14021								0.048412	-0.055079	9.751888	0.995918	-0.090152	-0.004573	0.090174	0.995914	0.004833	0.004118	-0.005226	0.999978	
14022								0.041319	-0.051206	9.780109	0.995920	-0.090129	-0.004570	0.090151	0.995916	0.004837	0.004115	-0.005229	0.999978	
14023								0.041037	-0.051140	9.780111	0.995918	-0.090151	-0.004568	0.090173	0.995914	0.004861	0.004112	-0.005254	0.999978	
14024								0.055968	-0.035502	9.751388	0.995919	-0.090135	-0.004601	0.090157	0.995916	0.004824	0.004148	-0.005219	0.999978	
14025								0.047808	-0.054323	9.751895	0.995917	-0.090156	-0.004600	0.090178	0.995914	0.004848	0.004144	-0.005243	0.999978	
14026								0.053802	-0.044793	9.782636	0.995918	-0.090150	-0.004592	0.090172	0.995914	0.004839	0.004137	-0.005233	0.999978	
14027								0.034965	-0.036871	9.777094	0.995917	-0.090158	-0.004569	0.090180	0.995914	0.004836	0.004114	-0.005228	0.999978	
14028								0.043248	-0.051971	9.766012	0.995915	-0.090180	-0.004568	0.090202	0.995912	0.004861	0.004111	-0.005253	0.999978	
14029								0.059754	-0.048052	9.754425	0.995913	-0.090204	-0.004577	0.090226	0.995909	0.004866	0.004119	-0.005259	0.999978	
14030								0.035840	-0.048077	9.794233	0.995915	-0.090180	-0.004574	0.090202	0.995912	0.004870	0.004116	-0.005263	0.999978	
14031								0.044204	-0.063052	9.783154	0.995916	-0.090175	-0.004566	0.090196	0.995912	0.004861	0.004109	-0.005253	0.999978	
14032								0.032398	-0.058822	9.749391	0.995913	-0.090198	-0.004556	0.090220	0.995910	0.004856	0.004100	-0.005248	0.999978	
14033								0.064789	-0.037805	9.785176	0.995913	-0.090205	-0.004537	0.090227	0.995909	0.004868	0.004079	-0.005257	0.999978	
14034								0.033412	-0.070019	9.766531	0.995914	-0.090197	-0.004548	0.090219	0.995910	0.004870	0.004090	-0.005261	0.999978	
14035								0.056205	-0.056588	9.785686	0.995913	-0.090205	-0.004543	0.090227	0.995909	0.004878	0.004085	-0.005268	0.999978	
14036								0.054188	-0.044862	9.768552	0.995914	-0.090198	-0.004535	0.090220	0.995910	0.004869	0.004077	-0.005259	0.999978	
14037								0.025532	-0.065755	9.794754	0.995914	-0.090188	-0.004516	0.090210	0.995911	0.004879	0.004058	-0.005267	0.999978	
14038								0.036904	-0.048295	9.780142	0.995912	-0.090218	-0.004550	0.090240	0.995908	0.004862	0.004093	-0.005253	0.999978	
14039								0.041928	-0.061415	9.783174	0.995914	-0.090193	-0.004533	0.090215	0.995910	0.004870	0.004075	-0.005259	0.999978	
14040								0.041614	-0.061489	9.783175	0.995915	-0.090182	-0.004542	0.090204	0.995911	0.004919	0.004080	-0.005309	0.999978	
14041								0.028064	-0.067080	9.780653	0.995913	-0.090210	-0.004523	0.090231	0.995909	0.004885	0.004064	-0.005273	0.999978	
14042								0.041037	-0.060997	9.783180	0.995913	-0.090204	-0.004534	0.090226	0.995909	0.004887	0.004075	-0.005276	0.999978	
14043								0.039109	-0.049333	9.766043	0.995912	-0.090212	-0.004530	0.090234	0.995909	0.004894	0.004070	-0.005283	0.999978	
14044								0.053925	-0.055030	9.785708	0.995913	-0.090206	-0.004560	0.090228	0.995909	0.004906	0.004099	-0.005298	0.999978	
14045								0.051986	-0.043283	9.768571	0.995913	-0.090200	-0.004533	0.090222	0.995910	0.004887	0.004073	-0.005276	0.999978	
14046								0.038539	-0.048630	9.766049	0.995910	-0.090230	-0.004567	0.090252	0.995907	0.004869	0.004109	-0.005262	0.999978	
14047								0.047044	-0.063615	9.754978	0.995910	-0.090237	-0.004548	0.090259	0.995906	0.004881	0.004089	-0.005271	0.999978	
14048								0.036246	-0.057982	9.797300	0.995916	-0.090166	-0.004551	0.090188	0.995913	0.004894	0.004091	-0.005284	0.999978	
14049								0.042948	-0.061500	9.769089	0.995916	-0.090175	-0.004542	0.090197	0.995912	0.004887	0.004083	-0.005276	0.999978	
14050								0.057607	-0.067134	9.788758	0.995918	-0.090151	-0.004544	0.090173	0.995914	0.004905	0.004083	-0.005295	0.999978	
14051								0.035386	-0.057508	9.797306	0.995917	-0.090160	-0.004534	0.090182	0.995913	0.004898	0.004074	-0.005287	0.999978	
14052								0.048390	-0.051555	9.799834	0.995917	-0.090154	-0.004545	0.090176	0.995914	0.004900	0.004085	-0.005290	0.999978	
14053								0.040291	-0.049368	9.751955	0.995918	-0.090147	-0.004561	0.090169	0.995914	0.004916	0.004099	-0.005307	0.999978	
14054								0.055074	-0.055009	9.771625	0.995913	-0.090204	-0.004564	0.090226	0.995909	0.004911	0.004102	-0.005303	0.999978	
14055								0.049408	-0.041488	9.768593	0.995916	-0.090176	-0.004517	0.090198	0.995912	0.004927	0.004054	-0.005314	0.999978	
14056								0.032371	-0.045239	9.780173	0.995912	-0.090219	-0.004555	0.090241	0.995908	0.004926	0.004092	-0.005317	0.999977	
14057								0.040988	-0.060354	9.769104	0.995912	-0.090210	-0.004556	0.090232	0.995908	0.004947	0.004091	-0.005338	0.999977	
14058								0.040702	-0.060196	9.769106	0.995914	-0.090188	-0.004548	0.090211	0.995910	0.004936	0.004084	-0.005326	0.999977	
14059								0.063445	-0.046579	9.788271	0.995913	-0.090199	-0.004554	0.090221	0.995910	0.004925	0.004091	-0.005316	0.999978	
14060								0.040196	-0.059599	9.769112	0.995913	-0.090208	-0.004544	0.090230	0.995909	0.004918	0.004082	-0.005308	0.999978	
14061								0.049621	-0.051724	9.785749	0.995915	-0.090187	-0.004537	0.090209	0.995911	0.004907	0.004076	-0.005296	0.999978	
14062								0.026327	-0.064816	9.766589	0.995914	-0.090194	-0.004533	0.090216	0.995910	0.004915	0.004071	-0.005304	0.999978	
14063								0.048991	-0.051308	9.785754	0.995912	-0.090219	-0.004523	0.090241	0.995908	0.004910	0.004061	-0.005298	0.999978	
14064								0.057385	-0.066380	9.774692	0.995912	-0.090210	-0.004524	0.090232	0.995909	0.004931	0.004060	-0.005319	0.999978	
14065								0.040436	-0.070092	9.786269	0.995914	-0.090190	-0.004531	0.090212	0.995910	0.004916	0.004069	-0.005305	0.999978	
14066								0.049954	-0.041040	9.754512	0.995917	-0.090166	-0.004509	0.090188	0.995913	0.004910	0.004048	-0.005296	0.999978	
14067								0.029472	-0.042767	9.780193	0.995915	-0.090178	-0.004530	0.090200	0.995912	0.004895	0.004070	-0.005283	0.999978	
14068								0.034499	-0.055898	9.783236	0.995913	-0.090201	-0.004524	0.090223	0.995910	0.004905	0.004064	-0.005293	0.999978	
14069								0.051147	-0.051852	9.771664	0.995912	-0.090214	-0.004564	0.090236	0.995908	0.004900	0.004103	-0.005292	0.999978	
14070								0.030831	-0.053717	9.797342	0.995911	-0.090222	-0.004559	0.090244	0.995908	0.004907	0.004098	-0.005299	0.999978	
14071								0.050700	-0.051546	9.771668	0.995914	-0.090197	-0.004542	0.090219	0.995910	0.004915	0.004080	-0.005305	0.999978	
14072								0.052031	-0.062827	9.788818	0.995914	-0.090191	-0.004533	0.090213	0.995910	0.004906	0.004072	-0.005295	0.999978	
14073								0.036918	-0.056735	9.769142	0.995916	-0.090173	-0.004556	0.090195	0.995912	0.004887	0.004096	-0.005278	0.999978	
14074								0.050015	-0.050811	9.771675	0.995918	-0.090141	-0.004671	0.090163	0.995915	0.004854	0.004215	-0.005255	0.999977	
14075								0.042738	-0.047033	9.799883	0.995919	-0.090131	-0.004668	0.090154	0.995916	0.004860	0.004211	-0.005261	0.999977	
14076								0.042514	-0.046880	9.799885	0.995918	-0.090140	-0.004678	0.090163	0.995915	0.004864	0.004220	-0.005265	0.999977	
14077								0.049306	-0.050502	9.771680	0.995919	-0.090131	-0.004679	0.090153	0.995916	0.004884	0.004219	-0.005286	0.999977	
14078								0.048794	-0.050394	9.771683	0.995920	-0.090118	-0.004627	0.090140	0.995917	0.004888	0.004167	-0.005285	0.999977	
14079								0.029988	-0.042266	9.766109	0.995921	-0.090105	-0.004651	0.090127	0.995919	0.004821	0.004197	-0.005220	0.999978	
14080								0.035221	-0.055188	9.769157	0.995919	-0.090131	-0.004680	0.090154	0.995916	0.004836	0.004225	-0.005239	0.999977	
14081								0.031490	-0.053193	9.783261	0.995920	-0.090121	-0.004657	0.090143	0.995917	0.004832	0.004202	-0.005232	0.999977	
14082								0.047895	-0.049025	9.771695	0.995917	-0.090148	-0.004662	0.090170	0.995915	0.004823	0.004208	-0.005223	0.999978	
14083								0.037905	-0.056334	9.755062	0.995918	-0.090142	-0.004653	0.090164	0.995915	0.004814	0.004201	-0.005214	0.999978	
14084								0.034147	-0.054183	9.769167	0.995917	-0.090152	-0.004659	0.090174	0.995914	0.004803	0.004207	-0.005203	0.999978	
14085								0.033982	-0.053944	9.769169	0.995918	-0.090145	-0.004670	0.090167	0.995915	0.004804	0.004218	-0.005206	0.999978	
14086								0.052121	-0.061322	9.774754	0.995919	-0.090136	-0.004648	0.090158	0.995916	0.004800	0.004196	-0.005199	0.999978	
14087								0.055367	-0.062886	9.760656	0.995916	-0.090163	-0.004668	0.090185	0.995914	0.004787	0.004217	-0.005188	0.999978	
14088								0.028082	-0.039690	9.766125	0.995918	-0.090143	-0.004671	0.090165	0.995915	0.004757	0.004223	-0.005159	0.999978	
14089								0.059575	-0.041135	9.774247	0.995918	-0.090142	-0.004678	0.090164	0.995916	0.004744	0.004231	-0.005146	0.999978	
14090								0.053024	-0.071492	9.791920	0.995917	-0.090148	-0.004673	0.090170	0.995915	0.004752	0.004226	-0.005154	0.999978	
14091								0.045811	-0.046509	9.771717	0.995920	-0.090124	-0.004671	0.090146	0.995917	0.004756	0.004223	-0.005158	0.999978	
14092								0.043870	-0.034785	9.754566	0.995919	-0.090135	-0.004677	0.090158	0.995916	0.004745	0.004230	-0.005147	0.999978	
14093								0.025144	-0.048011	9.797388	0.995918	-0.090146	-0.004683	0.090168	0.995915	0.004734	0.004237	-0.005137	0.999978	
14094								0.037172	-0.064977	9.772241	0.995920	-0.090119	-0.004690	0.090141	0.995918	0.004767	0.004241	-0.005170	0.999978	
14095								0.031705	-0.051713	9.769188	0.995918	-0.090140	-0.004689	0.090163	0.995916	0.004791	0.004238	-0.005194	0.999978	
14096								0.064945	-0.043693	9.746061	0.995920	-0.090119	-0.004692	0.090141	0.995918	0.004762	0.004243	-0.005165	0.999978	
14097								0.049602	-0.058764	9.774783	0.995922	-0.090096	-0.004674	0.090119	0.995920	0.004770	0.004226	-0.005171	0.999978	
14098								0.049326	-0.058689	9.774785	0.995921	-0.090106	-0.004689	0.090128	0.995919	0.004787	0.004238	-0.005190	0.999978	
14099								0.047556	-0.047095	9.757631	0.995921	-0.090102	-0.004715	0.090124	0.995919	0.004785	0.004264	-0.005190	0.999977	
14100								0.043827	-0.045077	9.771733	0.995922	-0.090091	-0.004696	0.090114	0.995920	0.004795	0.004245	-0.005198	0.999977	
14101								0.035441	-0.064059	9.772254	0.995920	-0.090115	-0.004691	0.090137	0.995918	0.004804	0.004239	-0.005208	0.999977	
14102								0.043184	-0.044968	9.771736	0.995923	-0.090090	-0.004697	0.090113	0.995920	0.004837	0.004242	-0.005241	0.999977	
14103								0.043089	-0.045001	9.771737	0.995923	-0.090084	-0.004727	0.090107	0.995920	0.004849	0.004271	-0.005255	0.999977	
14104								0.052723	-0.037116	9.788375	0.995925	-0.090065	-0.004731	0.090088	0.995922	0.004820	0.004277	-0.005226	0.999977	
14105								0.047964	-0.057689	9.774798	0.995924	-0.090073	-0.004722	0.090096	0.995921	0.004813	0.004269	-0.005219	0.999977	
14106								0.060968	-0.051776	9.777338	0.995925	-0.090066	-0.004737	0.090088	0.995922	0.004829	0.004283	-0.005236	0.999977	
14107								0.060676	-0.051627	9.777340	0.995925	-0.090058	-0.004715	0.090081	0.995923	0.004824	0.004261	-0.005229	0.999977	
14108								0.047148	-0.057155	9.774805	0.995927	-0.090036	-0.004727	0.090058	0.995925	0.004824	0.004273	-0.005230	0.999977	
14109								0.043514	-0.055177	9.788905	0.995929	-0.090012	-0.004743	0.090035	0.995927	0.004838	0.004289	-0.005246	0.999977	
14110								0.046795	-0.056798	9.774809	0.995928	-0.090023	-0.004730	0.090045	0.995926	0.004817	0.004277	-0.005223	0.999977	
14111								0.041195	-0.043343	9.771752	0.995928	-0.090026	-0.004720	0.090048	0.995926	0.004858	0.004263	-0.005263	0.999977	
14112								0.046075	-0.056610	9.774813	0.995932	-0.089990	-0.004713	0.090012	0.995929	0.004845	0.004258	-0.005249	0.999977	
14113								0.037011	-0.041121	9.785855	0.995929	-0.090014	-0.004704	0.090036	0.995927	0.004840	0.004249	-0.005244	0.999977	
14114								0.049990	-0.035140	9.788397	0.995930	-0.090008	-0.004715	0.090031	0.995927	0.004841	0.004260	-0.005246	0.999977	
14115								0.028529	-0.059782	9.786379	0.995929	-0.090017	-0.004706	0.090040	0.995926	0.004834	0.004252	-0.005238	0.999977	
14116								0.035226	-0.063230	9.758186	0.995927	-0.090042	-0.004696	0.090065	0.995924	0.004829	0.004242	-0.005232	0.999977	
14117								0.041081	-0.053576	9.788925	0.995924	-0.090079	-0.004690	0.090102	0.995921	0.004841	0.004235	-0.005244	0.999977	
14118								0.051335	-0.059018	9.746634	0.995926	-0.090055	-0.004687	0.090078	0.995923	0.004845	0.004232	-0.005248	0.999977	
14119								0.038768	-0.041736	9.771769	0.995926	-0.090048	-0.004679	0.090071	0.995924	0.004836	0.004224	-0.005238	0.999977	
14120								0.030481	-0.060691	9.772292	0.995927	-0.090039	-0.004680	0.090062	0.995924	0.004857	0.004223	-0.005258	0.999977	
14121								0.043569	-0.054830	9.774835	0.995926	-0.090050	-0.004705	0.090072	0.995923	0.004856	0.004248	-0.005260	0.999977	
14122								0.043418	-0.054664	9.774836	0.995927	-0.090042	-0.004701	0.090065	0.995924	0.004862	0.004244	-0.005265	0.999977	
14123								0.034439	-0.039225	9.785872	0.995929	-0.090022	-0.004709	0.090044	0.995926	0.004847	0.004253	-0.005251	0.999977	
14124								0.042727	-0.054142	9.774842	0.995930	-0.090011	-0.004657	0.090033	0.995927	0.004850	0.004201	-0.005250	0.999977	
14125								0.030599	-0.071150	9.789465	0.995931	-0.090003	-0.004634	0.090025	0.995928	0.004845	0.004179	-0.005243	0.999978	
14126								0.041756	-0.053850	9.774848	0.995930	-0.090008	-0.004639	0.090030	0.995927	0.004882	0.004180	-0.005280	0.999977	
14127								0.045197	-0.055537	9.760753	0.995929	-0.090022	-0.004669	0.090045	0.995926	0.004849	0.004214	-0.005249	0.999977	
14128								0.051184	-0.045745	9.791492	0.995928	-0.090027	-0.004650	0.090050	0.995925	0.004861	0.004193	-0.005260	0.999977	
14129								0.054280	-0.047564	9.777398	0.995929	-0.090017	-0.004636	0.090040	0.995926	0.004885	0.004178	-0.005283	0.999977	
14130								0.025928	-0.047547	9.755148	0.995930	-0.090013	-0.004662	0.090036	0.995927	0.004882	0.004204	-0.005282	0.999977	
14131								0.037165	-0.051150	9.788953	0.995929	-0.090022	-0.004653	0.090044	0.995926	0.004876	0.004195	-0.005275	0.999977	
14132								0.062299	-0.062300	9.766376	0.995930	-0.090011	-0.004639	0.090034	0.995927	0.004900	0.004179	-0.005298	0.999977	
14133								0.048022	-0.033709	9.774339	0.995929	-0.090020	-0.004650	0.090043	0.995926	0.004904	0.004189	-0.005302	0.999977	
14134								0.041434	-0.064079	9.792027	0.995930	-0.090013	-0.004627	0.090035	0.995927	0.004899	0.004167	-0.005295	0.999977	
14135								0.052602	-0.046471	9.777413	0.995929	-0.090025	-0.004628	0.090048	0.995926	0.004873	0.004171	-0.005270	0.999977	
14136								0.064790	-0.063287	9.752293	0.995926	-0.090051	-0.004657	0.090074	0.995923	0.004888	0.004198	-0.005288	0.999977	
14137								0.029377	-0.059581	9.758228	0.995927	-0.090041	-0.004639	0.090064	0.995924	0.004898	0.004179	-0.005296	0.999977	
14138								0.020300	-0.044178	9.769256	0.995926	-0.090052	-0.004644	0.090075	0.995923	0.004887	0.004185	-0.005286	0.999977	
14139								0.046407	-0.032336	9.774351	0.995927	-0.090045	-0.004621	0.090067	0.995924	0.004882	0.004163	-0.005278	0.999977	
14140								0.054876	-0.047388	9.763329	0.995926	-0.090053	-0.004636	0.090075	0.995923	0.004900	0.004176	-0.005298	0.999977	
14141								0.039786	-0.062754	9.792042	0.995925	-0.090063	-0.004666	0.090085	0.995922	0.004914	0.004204	-0.005314	0.999977	
14142								0.051070	-0.045350	9.777426	0.995926	-0.090055	-0.004643	0.090077	0.995923	0.004909	0.004182	-0.005307	0.999977	
14143								0.028898	-0.035536	9.785904	0.995927	-0.090040	-0.004675	0.090062	0.995924	0.004871	0.004218	-0.005272	0.999977	
14144								0.039232	-0.062020	9.792049	0.995927	-0.090043	-0.004665	0.090066	0.995924	0.004912	0.004204	-0.005312	0.999977	
14145								0.037188	-0.050562	9.774884	0.995929	-0.090020	-0.004662	0.090043	0.995926	0.004916	0.004201	-0.005316	0.999977	
14146								0.046485	-0.042720	9.791529	0.995927	-0.090043	-0.004638	0.090065	0.995924	0.004915	0.004176	-0.005313	0.999977	
14147								0.060191	-0.071118	9.783583	0.995926	-0.090051	-0.004653	0.090073	0.995923	0.004933	0.004189	-0.005332	0.999977	
14148								0.053091	-0.046154	9.763345	0.995927	-0.090046	-0.004659	0.090069	0.995923	0.004920	0.004197	-0.005320	0.999977	
14149								0.044072	-0.030748	9.774367	0.995925	-0.090069	-0.004654	0.090091	0.995921	0.004930	0.004191	-0.005329	0.999977	
14150								0.048976	-0.043811	9.777444	0.995924	-0.090079	-0.004641	0.090102	0.995920	0.004908	0.004180	-0.005307	0.999977	
14151								0.040628	-0.062808	9.777971	0.995924	-0.090082	-0.004631	0.090105	0.995920	0.004949	0.004166	-0.005346	0.999977	
14152								0.051842	-0.045407	9.763355	0.995925	-0.090063	-0.004633	0.090086	0.995922	0.004920	0.004171	-0.005317	0.999977	
14153								0.056768	-0.058430	9.766434	0.995926	-0.090054	-0.004615	0.090077	0.995923	0.004930	0.004153	-0.005325	0.999977	
14154								0.032600	-0.037295	9.757735	0.995927	-0.090048	-0.004588	0.090070	0.995923	0.004910	0.004127	-0.005303	0.999977	
14155								0.039151	-0.061817	9.777983	0.995926	-0.090055	-0.004584	0.090078	0.995923	0.004918	0.004122	-0.005311	0.999977	
14156								0.045026	-0.031038	9.760291	0.995927	-0.090047	-0.004561	0.090070	0.995923	0.004913	0.004100	-0.005304	0.999978	
14157								0.034926	-0.059627	9.792081	0.995925	-0.090070	-0.004575	0.090092	0.995921	0.004933	0.004112	-0.005325	0.999977	
14158								0.041910	-0.063098	9.763898	0.995926	-0.090053	-0.004593	0.090076	0.995923	0.004900	0.004133	-0.005293	0.999977	
14159								0.051218	-0.055311	9.780545	0.995927	-0.090053	-0.004553	0.090075	0.995923	0.004949	0.004089	-0.005339	0.999977	
14160								0.032375	-0.047577	9.774916	0.995926	-0.090053	-0.004566	0.090076	0.995923	0.004902	0.004106	-0.005294	0.999978	
14161								0.045300	-0.041341	9.777472	0.995926	-0.090061	-0.004542	0.090083	0.995922	0.004899	0.004082	-0.005288	0.999978	
14162								0.050167	-0.054458	9.780555	0.995928	-0.090038	-0.004539	0.090060	0.995924	0.004903	0.004079	-0.005292	0.999978	
14163								0.041066	-0.039058	9.791569	0.995926	-0.090062	-0.004530	0.090084	0.995922	0.004898	0.004070	-0.005286	0.999978	
14164								0.046059	-0.052083	9.794652	0.995928	-0.090043	-0.004537	0.090065	0.995924	0.004883	0.004079	-0.005271	0.999978	
14165								0.053045	-0.055464	9.766472	0.995928	-0.090040	-0.004558	0.090062	0.995924	0.004865	0.004102	-0.005256	0.999978	
14166								0.032492	-0.057241	9.792103	0.995926	-0.090064	-0.004534	0.090085	0.995922	0.004864	0.004078	-0.005253	0.999978	
14167								0.052327	-0.054990	9.766479	0.995928	-0.090040	-0.004517	0.090062	0.995924	0.004871	0.004060	-0.005258	0.999978	
14168								0.025619	-0.066433	9.761372	0.995927	-0.090049	-0.004528	0.090071	0.995923	0.004875	0.004070	-0.005263	0.999978	
14169								0.031735	-0.035761	9.743671	0.995928	-0.090042	-0.004543	0.090064	0.995924	0.004891	0.004084	-0.005280	0.999978	
14170								0.048217	-0.052696	9.780575	0.995929	-0.090022	-0.004551	0.090044	0.995926	0.004876	0.004093	-0.005266	0.999978	
14171								0.048067	-0.052427	9.780577	0.995931	-0.090000	-0.004562	0.090022	0.995928	0.004875	0.004105	-0.005266	0.999978	
14172								0.039894	-0.071385	9.781108	0.995931	-0.090008	-0.004558	0.090030	0.995927	0.004883	0.004100	-0.005273	0.999978	
14173								0.051086	-0.053907	9.766491	0.995933	-0.089986	-0.004551	0.090008	0.995929	0.004872	0.004094	-0.005262	0.999978	
14174								0.056747	-0.044183	9.797230	0.995932	-0.089991	-0.004518	0.090012	0.995929	0.004888	0.004059	-0.005275	0.999978	
14175								0.033442	-0.057629	9.778030	0.995931	-0.090011	-0.004516	0.090033	0.995927	0.004913	0.004056	-0.005299	0.999978	
14176								0.046356	-0.051679	9.780589	0.995934	-0.089975	-0.004510	0.089996	0.995930	0.004900	0.004051	-0.005286	0.999978	
14177								0.049796	-0.053116	9.766502	0.995934	-0.089975	-0.004542	0.089997	0.995930	0.004864	0.004086	-0.005253	0.999978	
14178								0.051387	-0.064161	9.783682	0.995934	-0.089968	-0.004533	0.089990	0.995931	0.004855	0.004078	-0.005243	0.999978	
14179								0.027400	-0.042953	9.774953	0.995933	-0.089981	-0.004534	0.090003	0.995930	0.004829	0.004082	-0.005217	0.999978	
14180								0.049155	-0.052036	9.766511	0.995934	-0.089973	-0.004531	0.089995	0.995930	0.004834	0.004078	-0.005223	0.999978	
14181								0.030471	-0.044369	9.760867	0.995933	-0.089982	-0.004542	0.090004	0.995930	0.004838	0.004088	-0.005227	0.999978	
14182								0.032013	-0.055582	9.778047	0.995933	-0.089978	-0.004549	0.089999	0.995930	0.004825	0.004096	-0.005215	0.999978	
14183								0.031858	-0.055324	9.778049	0.995935	-0.089956	-0.004561	0.089978	0.995932	0.004825	0.004108	-0.005216	0.999978	
14184								0.046465	-0.039812	9.749342	0.995935	-0.089959	-0.004512	0.089981	0.995932	0.004845	0.004058	-0.005231	0.999978	
14185								0.034512	-0.056886	9.763965	0.995936	-0.089954	-0.004519	0.089976	0.995932	0.004832	0.004066	-0.005219	0.999978	
14186								0.047554	-0.050829	9.766526	0.995936	-0.089948	-0.004530	0.089970	0.995933	0.004833	0.004077	-0.005221	0.999978	
14187								0.047403	-0.050662	9.766527	0.995935	-0.089957	-0.004540	0.089979	0.995932	0.004837	0.004087	-0.005226	0.999978	
14188								0.025223	-0.041047	9.774967	0.995936	-0.089953	-0.004547	0.089975	0.995932	0.004823	0.004095	-0.005213	0.999978	
14189								0.038201	-0.034984	9.777527	0.995939	-0.089914	-0.004545	0.089936	0.995936	0.004825	0.004093	-0.005215	0.999978	
14190								0.045019	-0.038561	9.749354	0.995938	-0.089922	-0.004541	0.089944	0.995935	0.004833	0.004088	-0.005222	0.999978	
14191								0.041247	-0.036531	9.763443	0.995940	-0.089901	-0.004553	0.089923	0.995937	0.004832	0.004100	-0.005222	0.999978	
14192								0.055088	-0.064805	9.755544	0.995938	-0.089926	-0.004543	0.089947	0.995935	0.004827	0.004091	-0.005216	0.999978	
14193								0.037214	-0.034212	9.777534	0.995940	-0.089904	-0.004555	0.089926	0.995937	0.004827	0.004103	-0.005217	0.999978	
14194								0.047513	-0.060597	9.783724	0.995923	-0.090091	-0.004640	0.090113	0.995920	0.004836	0.004185	-0.005234	0.999978	
14195								0.063971	-0.056410	9.772200	0.995926	-0.090053	-0.004638	0.090075	0.995923	0.004837	0.004184	-0.005235	0.999978	
14196								0.047077	-0.060169	9.783729	0.995925	-0.090067	-0.004663	0.090089	0.995922	0.004837	0.004209	-0.005237	0.999977	
14197								0.045299	-0.048625	9.766548	0.995924	-0.090078	-0.004678	0.090101	0.995921	0.004854	0.004222	-0.005256	0.999977	
14198								0.043375	-0.037109	9.749367	0.995923	-0.090085	-0.004674	0.090107	0.995920	0.004862	0.004217	-0.005264	0.999977	
14199								0.064948	-0.067286	9.789390	0.995923	-0.090082	-0.004666	0.090104	0.995921	0.004853	0.004210	-0.005254	0.999977	
14200								0.037483	-0.044284	9.794727	0.995924	-0.090076	-0.004688	0.090098	0.995921	0.004836	0.004233	-0.005239	0.999977	
14201								0.063006	-0.055399	9.772212	0.995924	-0.090069	-0.004707	0.090092	0.995922	0.004867	0.004250	-0.005271	0.999977	
14202								0.022455	-0.038433	9.774984	0.995923	-0.090078	-0.004728	0.090101	0.995921	0.004852	0.004272	-0.005258	0.999977	
14203								0.049566	-0.060797	9.769655	0.995924	-0.090073	-0.004720	0.090096	0.995921	0.004842	0.004265	-0.005248	0.999977	
14204								0.049166	-0.060525	9.769659	0.995923	-0.090080	-0.004697	0.090102	0.995921	0.004840	0.004242	-0.005243	0.999977	
14205								0.039889	-0.045140	9.780650	0.995927	-0.090039	-0.004681	0.090062	0.995924	0.004846	0.004226	-0.005247	0.999977	
14206								0.043298	-0.046741	9.766566	0.995927	-0.090040	-0.004717	0.090062	0.995924	0.004824	0.004263	-0.005229	0.999977	
14207								0.056391	-0.040583	9.769130	0.995927	-0.090035	-0.004709	0.090058	0.995925	0.004815	0.004256	-0.005220	0.999977	
14208								0.046224	-0.048104	9.752485	0.995927	-0.090037	-0.004661	0.090060	0.995925	0.004835	0.004207	-0.005235	0.999977	
14209								0.047398	-0.059384	9.769674	0.995927	-0.090043	-0.004653	0.090065	0.995924	0.004829	0.004199	-0.005228	0.999978	
14210								0.045355	-0.047669	9.752492	0.995926	-0.090052	-0.004644	0.090074	0.995923	0.004822	0.004191	-0.005220	0.999978	
14211								0.033544	-0.064648	9.767117	0.995927	-0.090046	-0.004636	0.090068	0.995924	0.004813	0.004184	-0.005211	0.999978	
14212								0.041168	-0.045375	9.766581	0.995926	-0.090050	-0.004636	0.090072	0.995923	0.004835	0.004182	-0.005233	0.999978	
14213								0.040886	-0.045309	9.766583	0.995927	-0.090044	-0.004633	0.090066	0.995924	0.004841	0.004178	-0.005238	0.999978	
14214								0.044153	-0.047040	9.752500	0.995926	-0.090053	-0.004629	0.090075	0.995923	0.004848	0.004173	-0.005246	0.999978	
14215								0.035086	-0.031717	9.763484	0.995925	-0.090064	-0.004639	0.090086	0.995922	0.004852	0.004183	-0.005250	0.999977	
14216								0.054813	-0.050536	9.786341	0.995925	-0.090066	-0.004591	0.090089	0.995922	0.004872	0.004133	-0.005266	0.999978	
14217								0.035153	-0.065671	9.753045	0.995924	-0.090080	-0.004607	0.090102	0.995921	0.004843	0.004152	-0.005238	0.999978	
14218								0.057708	-0.051763	9.772265	0.995926	-0.090061	-0.004584	0.090083	0.995923	0.004836	0.004130	-0.005229	0.999978	
14219								0.038839	-0.044012	9.766597	0.995923	-0.090086	-0.004575	0.090108	0.995920	0.004830	0.004121	-0.005223	0.999978	
14220								0.053437	-0.049490	9.786354	0.995925	-0.090074	-0.004576	0.090096	0.995921	0.004851	0.004121	-0.005243	0.999978	
14221								0.039917	-0.055320	9.783789	0.995927	-0.090048	-0.004563	0.090070	0.995924	0.004873	0.004106	-0.005265	0.999978	
14222								0.043188	-0.057052	9.769708	0.995925	-0.090073	-0.004569	0.090095	0.995921	0.004864	0.004112	-0.005256	0.999978	
14223								0.046580	-0.058704	9.755627	0.995924	-0.090084	-0.004579	0.090106	0.995920	0.004867	0.004122	-0.005260	0.999978	
14224								0.037547	-0.043222	9.766606	0.995923	-0.090096	-0.004581	0.090118	0.995919	0.004841	0.004126	-0.005234	0.999978	
14225								0.042581	-0.056313	9.769715	0.995922	-0.090102	-0.004581	0.090124	0.995919	0.004864	0.004124	-0.005257	0.999978	
14226								0.037152	-0.042840	9.766609	0.995922	-0.090098	-0.004603	0.090121	0.995919	0.004846	0.004148	-0.005241	0.999978	
14227								0.033421	-0.040719	9.780693	0.995923	-0.090089	-0.004600	0.090111	0.995920	0.004852	0.004144	-0.005247	0.999978	
14228								0.036684	-0.042370	9.766613	0.995924	-0.090083	-0.004592	0.090105	0.995920	0.004843	0.004137	-0.005237	0.999978	
14229								0.054767	-0.049643	9.772292	0.995923	-0.090091	-0.004573	0.090113	0.995920	0.004855	0.004117	-0.005247	0.999978	
14230								0.064061	-0.041743	9.788947	0.995921	-0.090114	-0.004578	0.090136	0.995918	0.004846	0.004123	-0.005239	0.999978	
14231								0.040932	-0.055092	9.769729	0.995920	-0.090121	-0.004560	0.090143	0.995917	0.004857	0.004103	-0.005248	0.999978	
14232								0.040578	-0.055040	9.769730	0.995921	-0.090115	-0.004561	0.090137	0.995917	0.004877	0.004102	-0.005268	0.999978	
14233								0.040208	-0.054915	9.769733	0.995920	-0.090124	-0.004537	0.090146	0.995917	0.004874	0.004079	-0.005263	0.999978	
14234								0.039880	-0.054630	9.769736	0.995921	-0.090119	-0.004544	0.090141	0.995917	0.004861	0.004087	-0.005251	0.999978	
14235								0.049248	-0.046703	9.786390	0.995918	-0.090144	-0.004539	0.090166	0.995915	0.004871	0.004081	-0.005260	0.999978	
14236								0.039401	-0.054280	9.769739	0.995917	-0.090154	-0.004549	0.090176	0.995914	0.004874	0.004091	-0.005265	0.999978	
14237								0.039141	-0.054093	9.769742	0.995912	-0.090210	-0.004538	0.090232	0.995909	0.004873	0.004080	-0.005263	0.999978	
