// Start Time: Unknown: 
// Update Rate: 60.0Hz 
// Filter Profile: human (46.1) 
// Firmware Version: 4.6.0
PacketCounter	SampleTimeFine	Year	Month	Day	Second	UTC_Nano	UTC_Year	UTC_Month	UTC_Day	UTC_Hour	UTC_Minute	UTC_Second	UTC_Valid	Acc_X	Acc_Y	Acc_Z	Mat[1][1]	Mat[2][1]	Mat[3][1]	Mat[1][2]	Mat[2][2]	Mat[3][2]	Mat[1][3]	Mat[2][3]	Mat[3][3] 
3598														-0.098485	0.080514	9.759131	-0.995883	-0.090171	-0.009244	0.090088	-0.995893	0.009027	-0.010020	0.008157	0.999917	
3599														-0.081558	0.053704	9.774807	-0.995881	-0.090194	-0.009258	0.090111	-0.995891	0.009051	-0.010036	0.008179	0.999916	
3600														-0.098528	0.080546	9.729844	-0.995881	-0.090196	-0.009258	0.090113	-0.995891	0.009013	-0.010033	0.008141	0.999917	
3601														-0.082759	0.069320	9.774270	-0.995884	-0.090170	-0.009240	0.090087	-0.995893	0.009065	-0.010019	0.008196	0.999916	
3602														-0.098613	0.082851	9.759111	-0.995885	-0.090146	-0.009270	0.090063	-0.995895	0.009043	-0.010047	0.008171	0.999916	
3603														-0.097419	0.068472	9.759641	-0.995882	-0.090191	-0.009240	0.090108	-0.995891	0.009004	-0.010014	0.008135	0.999917	
3604														-0.098511	0.082893	9.744468	-0.995882	-0.090190	-0.009254	0.090107	-0.995891	0.009012	-0.010029	0.008141	0.999917	
3605														-0.098604	0.085075	9.788379	-0.995881	-0.090199	-0.009237	0.090116	-0.995890	0.009019	-0.010013	0.008150	0.999917	
3606														-0.082664	0.070596	9.744976	-0.995881	-0.090198	-0.009237	0.090115	-0.995891	0.009012	-0.010012	0.008143	0.999917	
3607														-0.112033	0.070461	9.788920	-0.995881	-0.090199	-0.009249	0.090116	-0.995890	0.009051	-0.010028	0.008180	0.999916	
3608														-0.081591	0.057784	9.760141	-0.995878	-0.090236	-0.009234	0.090154	-0.995887	0.009028	-0.010011	0.008158	0.999917	
3609														-0.098496	0.085665	9.744444	-0.995880	-0.090211	-0.009235	0.090128	-0.995889	0.009035	-0.010012	0.008166	0.999917	
3610														-0.082927	0.072780	9.744958	-0.995879	-0.090218	-0.009280	0.090134	-0.995889	0.009030	-0.010057	0.008156	0.999916	
3611														-0.113440	0.086004	9.759087	-0.995879	-0.090219	-0.009249	0.090135	-0.995889	0.009036	-0.010026	0.008165	0.999916	
3612														-0.084135	0.089546	9.773688	-0.995880	-0.090213	-0.009248	0.090130	-0.995889	0.009043	-0.010025	0.008172	0.999916	
3613														-0.098847	0.089387	9.788338	-0.995884	-0.090166	-0.009264	0.090083	-0.995893	0.009035	-0.010040	0.008164	0.999916	
3614														-0.097768	0.074691	9.774235	-0.995885	-0.090152	-0.009278	0.090069	-0.995895	0.009028	-0.010054	0.008156	0.999916	
3615														-0.067287	0.061416	9.730823	-0.995887	-0.090127	-0.009263	0.090044	-0.995897	0.009035	-0.010039	0.008164	0.999916	
3616														-0.098982	0.089984	9.759044	-0.995883	-0.090167	-0.009276	0.090083	-0.995893	0.009074	-0.010056	0.008201	0.999916	
3617														-0.112557	0.075376	9.774235	-0.995887	-0.090126	-0.009291	0.090042	-0.995897	0.009066	-0.010070	0.008193	0.999916	
3618														-0.082301	0.063652	9.774741	-0.995888	-0.090116	-0.009306	0.090032	-0.995898	0.009059	-0.010084	0.008184	0.999916	
3619														-0.083574	0.078205	9.759553	-0.995889	-0.090100	-0.009306	0.090016	-0.995899	0.009066	-0.010085	0.008191	0.999916	
3620														-0.112736	0.076900	9.774221	-0.995889	-0.090100	-0.009290	0.090016	-0.995899	0.009073	-0.010069	0.008200	0.999916	
3621														-0.099299	0.093296	9.773653	-0.995890	-0.090096	-0.009289	0.090013	-0.995899	0.009081	-0.010069	0.008208	0.999916	
3622														-0.096775	0.062919	9.730829	-0.995890	-0.090095	-0.009290	0.090011	-0.995900	0.009059	-0.010068	0.008186	0.999916	
3623														-0.099259	0.093075	9.744368	-0.995890	-0.090096	-0.009289	0.090012	-0.995899	0.009066	-0.010068	0.008193	0.999916	
3624														-0.099329	0.094682	9.773639	-0.995890	-0.090089	-0.009289	0.090005	-0.995900	0.009060	-0.010067	0.008186	0.999916	
3625														-0.082259	0.066700	9.760078	-0.995890	-0.090098	-0.009288	0.090014	-0.995899	0.009067	-0.010067	0.008194	0.999916	
3626														-0.098096	0.080643	9.759541	-0.995891	-0.090084	-0.009287	0.090000	-0.995900	0.009075	-0.010067	0.008201	0.999916	
3627														-0.082250	0.067249	9.745433	-0.995890	-0.090095	-0.009288	0.090011	-0.995899	0.009068	-0.010067	0.008195	0.999916	
3628														-0.098248	0.082691	9.788808	-0.995890	-0.090087	-0.009303	0.090003	-0.995900	0.009061	-0.010081	0.008187	0.999916	
3629														-0.098197	0.082024	9.759529	-0.995893	-0.090062	-0.009287	0.089978	-0.995903	0.009052	-0.010064	0.008179	0.999916	
3630														-0.096867	0.067399	9.745440	-0.995893	-0.090059	-0.009286	0.089976	-0.995903	0.009060	-0.010064	0.008187	0.999916	
3631														-0.096934	0.068944	9.774713	-0.995897	-0.090013	-0.009287	0.089929	-0.995907	0.009037	-0.010062	0.008165	0.999916	
3632														-0.112850	0.082725	9.774172	-0.995894	-0.090043	-0.009301	0.089959	-0.995904	0.009046	-0.010077	0.008172	0.999916	
3633														-0.098381	0.083912	9.759511	-0.995890	-0.090088	-0.009315	0.090005	-0.995900	0.009039	-0.010091	0.008164	0.999916	
3634														-0.105447	0.079967	9.759655	-0.995892	-0.090071	-0.009322	0.089987	-0.995902	0.009032	-0.010097	0.008156	0.999916	
3635														-0.112514	0.076023	9.759799	-0.995893	-0.090053	-0.009330	0.089970	-0.995904	0.009025	-0.010104	0.008149	0.999916	
3636														-0.097492	0.071330	9.774691	-0.995894	-0.090048	-0.009344	0.089964	-0.995904	0.009048	-0.010121	0.008170	0.999915	
3637														-0.098828	0.086571	9.774126	-0.995892	-0.090070	-0.009343	0.089986	-0.995902	0.009056	-0.010120	0.008178	0.999915	
3638														-0.096279	0.056868	9.745965	-0.995892	-0.090062	-0.009342	0.089978	-0.995902	0.009063	-0.010120	0.008185	0.999915	
3639														-0.082960	0.074897	9.789298	-0.995893	-0.090052	-0.009326	0.089968	-0.995903	0.009054	-0.010103	0.008178	0.999916	
3640														-0.097294	0.071921	9.730762	-0.995895	-0.090032	-0.009310	0.089948	-0.995905	0.009061	-0.010087	0.008186	0.999916	
3641														-0.113153	0.085758	9.730214	-0.995895	-0.090033	-0.009324	0.089950	-0.995905	0.009054	-0.010101	0.008178	0.999916	
3642														-0.098626	0.088573	9.759467	-0.995895	-0.090031	-0.009309	0.089947	-0.995905	0.009045	-0.010085	0.008171	0.999916	
3643														-0.097341	0.073788	9.745389	-0.995895	-0.090030	-0.009325	0.089947	-0.995906	0.009023	-0.010099	0.008147	0.999916	
3644														-0.097479	0.075272	9.774661	-0.995896	-0.090018	-0.009325	0.089935	-0.995907	0.009015	-0.010098	0.008139	0.999916	
3645														-0.097422	0.074580	9.745383	-0.995895	-0.090036	-0.009324	0.089953	-0.995905	0.009007	-0.010097	0.008132	0.999916	
3646														-0.097458	0.075580	9.760017	-0.995896	-0.090026	-0.009324	0.089942	-0.995906	0.009000	-0.010096	0.008124	0.999916	
3647														-0.111899	0.075965	9.789308	-0.995896	-0.090031	-0.009277	0.089948	-0.995906	0.009006	-0.010050	0.008134	0.999916	
3648														-0.083705	0.092471	9.759427	-0.995895	-0.090044	-0.009277	0.089961	-0.995905	0.008998	-0.010049	0.008127	0.999916	
3649														-0.095644	0.062972	9.775216	-0.995894	-0.090058	-0.009246	0.089975	-0.995904	0.008974	-0.010016	0.008105	0.999917	
3650														-0.078402	0.034877	9.761694	-0.995892	-0.090076	-0.009262	0.089993	-0.995902	0.008968	-0.010032	0.008097	0.999917	
3651														-0.098168	0.092441	9.759436	-0.995895	-0.090037	-0.009262	0.089954	-0.995905	0.008974	-0.010032	0.008104	0.999917	
3652														-0.098137	0.093597	9.774068	-0.995891	-0.090087	-0.009246	0.090004	-0.995901	0.008982	-0.010017	0.008113	0.999917	
3653														-0.111391	0.078325	9.774653	-0.995891	-0.090088	-0.009246	0.090006	-0.995901	0.008990	-0.010018	0.008121	0.999917	
3654														-0.095291	0.063828	9.731290	-0.995893	-0.090066	-0.009215	0.089984	-0.995903	0.008981	-0.009986	0.008115	0.999917	
3655														-0.096459	0.079423	9.745354	-0.995892	-0.090079	-0.009215	0.089997	-0.995902	0.008974	-0.009985	0.008108	0.999917	
3656														-0.081970	0.083006	9.789240	-0.995893	-0.090071	-0.009213	0.089989	-0.995902	0.008996	-0.009986	0.008130	0.999917	
3657														-0.095175	0.065512	9.731280	-0.995894	-0.090054	-0.009213	0.089972	-0.995904	0.009004	-0.009986	0.008138	0.999917	
3658														-0.094149	0.052004	9.746486	-0.995891	-0.090090	-0.009259	0.090008	-0.995900	0.008998	-0.010031	0.008128	0.999917	
3659														-0.097071	0.083888	9.803880	-0.995892	-0.090078	-0.009259	0.089996	-0.995902	0.008990	-0.010030	0.008120	0.999917	
3660														-0.111472	0.080810	9.745347	-0.995889	-0.090107	-0.009242	0.090024	-0.995899	0.008997	-0.010015	0.008128	0.999917	
3661														-0.080974	0.068743	9.731243	-0.995889	-0.090108	-0.009256	0.090026	-0.995899	0.008989	-0.010028	0.008119	0.999917	
3662														-0.097136	0.084767	9.789229	-0.995889	-0.090105	-0.009271	0.090023	-0.995899	0.008982	-0.010043	0.008111	0.999917	
3663														-0.098378	0.098702	9.759372	-0.995887	-0.090128	-0.009255	0.090046	-0.995897	0.008989	-0.010027	0.008119	0.999917	
3664														-0.111655	0.082831	9.745328	-0.995887	-0.090123	-0.009269	0.090041	-0.995897	0.008998	-0.010042	0.008126	0.999917	
3665														-0.094585	0.056130	9.761100	-0.995883	-0.090169	-0.009267	0.090086	-0.995893	0.009007	-0.010042	0.008135	0.999916	
3666														-0.068009	0.088326	9.759896	-0.995883	-0.090168	-0.009268	0.090085	-0.995894	0.008984	-0.010040	0.008112	0.999917	
3667														-0.111679	0.084278	9.745316	-0.995879	-0.090214	-0.009251	0.090131	-0.995889	0.008991	-0.010024	0.008120	0.999917	
3668														-0.095783	0.072750	9.775147	-0.995876	-0.090255	-0.009250	0.090172	-0.995886	0.009000	-0.010024	0.008129	0.999917	
3669														-0.095696	0.071514	9.731233	-0.995878	-0.090230	-0.009251	0.090147	-0.995888	0.008992	-0.010024	0.008121	0.999917	
3670														-0.095768	0.073189	9.760502	-0.995877	-0.090242	-0.009250	0.090159	-0.995887	0.008999	-0.010024	0.008128	0.999917	
3671														-0.110319	0.072901	9.775157	-0.995877	-0.090246	-0.009235	0.090163	-0.995887	0.008976	-0.010007	0.008106	0.999917	
3672														-0.095664	0.073330	9.745861	-0.995875	-0.090265	-0.009250	0.090183	-0.995885	0.008954	-0.010020	0.008083	0.999917	
3673														-0.081211	0.076098	9.775111	-0.995877	-0.090245	-0.009250	0.090163	-0.995887	0.008930	-0.010018	0.008060	0.999917	
3674														-0.110325	0.073983	9.775149	-0.995877	-0.090246	-0.009233	0.090164	-0.995887	0.008953	-0.010003	0.008083	0.999917	
3675														-0.097141	0.090459	9.774536	-0.995878	-0.090233	-0.009264	0.090151	-0.995888	0.008946	-0.010033	0.008074	0.999917	
3676														-0.081463	0.077628	9.775097	-0.995875	-0.090255	-0.009278	0.090173	-0.995886	0.008940	-0.010047	0.008066	0.999917	
3677														-0.108114	0.046928	9.790947	-0.995874	-0.090269	-0.009277	0.090186	-0.995885	0.008948	-0.010046	0.008074	0.999917	
3678														-0.081447	0.078064	9.760452	-0.995872	-0.090300	-0.009261	0.090217	-0.995882	0.008940	-0.010030	0.008068	0.999917	
3679														-0.095964	0.077106	9.760470	-0.995872	-0.090293	-0.009261	0.090211	-0.995883	0.008917	-0.010028	0.008045	0.999917	
3680														-0.094866	0.062955	9.761055	-0.995870	-0.090311	-0.009305	0.090229	-0.995881	0.008927	-0.010073	0.008051	0.999917	
3681														-0.081775	0.079661	9.760436	-0.995869	-0.090322	-0.009287	0.090239	-0.995880	0.008980	-0.010060	0.008105	0.999917	
3682														-0.096299	0.078847	9.760453	-0.995871	-0.090302	-0.009288	0.090219	-0.995882	0.008926	-0.010056	0.008052	0.999917	
3683														-0.096482	0.079721	9.775086	-0.995871	-0.090299	-0.009318	0.090216	-0.995882	0.008936	-0.010087	0.008058	0.999917	
3684														-0.096500	0.079043	9.745808	-0.995872	-0.090294	-0.009304	0.090212	-0.995883	0.008928	-0.010071	0.008052	0.999917	
3685														-0.081804	0.081415	9.760421	-0.995870	-0.090317	-0.009288	0.090234	-0.995881	0.008920	-0.010055	0.008045	0.999917	
3686														-0.094937	0.066392	9.775672	-0.995871	-0.090307	-0.009274	0.090225	-0.995882	0.008881	-0.010038	0.008007	0.999918	
3687														-0.081650	0.081925	9.760418	-0.995871	-0.090302	-0.009290	0.090220	-0.995882	0.008859	-0.010051	0.007984	0.999918	
3688														-0.108269	0.051348	9.776283	-0.995869	-0.090327	-0.009285	0.090245	-0.995880	0.008913	-0.010052	0.008038	0.999917	
3689														-0.080339	0.068599	9.761005	-0.995870	-0.090312	-0.009272	0.090231	-0.995881	0.008874	-0.010035	0.008000	0.999918	
3690														-0.081609	0.083540	9.760405	-0.995867	-0.090346	-0.009271	0.090264	-0.995878	0.008882	-0.010035	0.008008	0.999918	
3691														-0.096208	0.082780	9.760421	-0.995870	-0.090320	-0.009270	0.090238	-0.995881	0.008889	-0.010035	0.008016	0.999918	
3692														-0.094795	0.068647	9.761018	-0.995871	-0.090310	-0.009256	0.090229	-0.995882	0.008866	-0.010018	0.007994	0.999918	
3693														-0.096224	0.083654	9.760414	-0.995871	-0.090304	-0.009286	0.090223	-0.995882	0.008874	-0.010049	0.008000	0.999918	
3694														-0.110965	0.082732	9.760430	-0.995869	-0.090324	-0.009286	0.090242	-0.995881	0.008852	-0.010048	0.007977	0.999918	
3695														-0.095034	0.069947	9.761006	-0.995870	-0.090310	-0.009286	0.090229	-0.995882	0.008860	-0.010048	0.007985	0.999918	
3696														-0.079033	0.057317	9.761583	-0.995872	-0.090298	-0.009270	0.090216	-0.995883	0.008867	-0.010032	0.007994	0.999918	
3697														-0.094834	0.071054	9.761000	-0.995871	-0.090308	-0.009254	0.090227	-0.995882	0.008859	-0.010016	0.007987	0.999918	
3698														-0.094769	0.071569	9.760997	-0.995871	-0.090304	-0.009253	0.090222	-0.995882	0.008867	-0.010016	0.007995	0.999918	
3699														-0.097530	0.101830	9.774420	-0.995872	-0.090301	-0.009253	0.090220	-0.995882	0.008859	-0.010014	0.007987	0.999918	
3700														-0.094786	0.072591	9.760989	-0.995870	-0.090317	-0.009252	0.090236	-0.995881	0.008867	-0.010015	0.007996	0.999918	
3701														-0.093504	0.059815	9.790862	-0.995870	-0.090321	-0.009251	0.090240	-0.995881	0.008875	-0.010015	0.008003	0.999918	
3702														-0.096182	0.087118	9.731101	-0.995872	-0.090299	-0.009266	0.090217	-0.995882	0.008883	-0.010030	0.008010	0.999918	
3703														-0.080430	0.075097	9.746315	-0.995872	-0.090294	-0.009281	0.090212	-0.995883	0.008891	-0.010046	0.008017	0.999917	
3704														-0.108459	0.059583	9.776234	-0.995866	-0.090356	-0.009295	0.090273	-0.995877	0.008900	-0.010060	0.008024	0.999917	
3705														-0.082036	0.090679	9.745696	-0.995868	-0.090333	-0.009296	0.090251	-0.995879	0.008877	-0.010059	0.008001	0.999917	
3706														-0.095370	0.075854	9.760959	-0.995868	-0.090329	-0.009309	0.090247	-0.995880	0.008900	-0.010074	0.008023	0.999917	
3707														-0.110040	0.075062	9.760975	-0.995868	-0.090332	-0.009307	0.090250	-0.995879	0.008892	-0.010072	0.008016	0.999917	
3708														-0.095385	0.076801	9.760951	-0.995869	-0.090326	-0.009293	0.090244	-0.995880	0.008869	-0.010055	0.007994	0.999917	
3709														-0.095389	0.077164	9.760948	-0.995870	-0.090316	-0.009307	0.090234	-0.995881	0.008862	-0.010069	0.007986	0.999917	
3710														-0.094091	0.063026	9.761557	-0.995867	-0.090343	-0.009306	0.090262	-0.995879	0.008855	-0.010068	0.007979	0.999917	
3711														-0.095584	0.078642	9.775575	-0.995868	-0.090329	-0.009322	0.090248	-0.995880	0.008848	-0.010083	0.007970	0.999917	
3712														-0.108795	0.063202	9.776208	-0.995869	-0.090326	-0.009306	0.090245	-0.995880	0.008855	-0.010068	0.007979	0.999917	
3713														-0.095497	0.079129	9.760931	-0.995869	-0.090326	-0.009305	0.090245	-0.995880	0.008862	-0.010067	0.007986	0.999917	
3714														-0.108855	0.062443	9.732292	-0.995869	-0.090317	-0.009351	0.090235	-0.995881	0.008857	-0.010113	0.007977	0.999917	
3715														-0.094618	0.066252	9.776170	-0.995868	-0.090327	-0.009349	0.090245	-0.995880	0.008880	-0.010113	0.008000	0.999917	
3716														-0.095943	0.081411	9.775549	-0.995867	-0.090342	-0.009333	0.090260	-0.995879	0.008873	-0.010096	0.007993	0.999917	
3717														-0.095726	0.080618	9.746276	-0.995866	-0.090358	-0.009318	0.090276	-0.995877	0.008864	-0.010080	0.007986	0.999917	
3718														-0.081222	0.083682	9.775521	-0.995865	-0.090362	-0.009332	0.090280	-0.995877	0.008857	-0.010094	0.007977	0.999917	
3719														-0.081119	0.083579	9.760881	-0.995863	-0.090388	-0.009300	0.090307	-0.995875	0.008863	-0.010063	0.007987	0.999917	
3720														-0.108822	0.066806	9.761543	-0.995862	-0.090402	-0.009314	0.090320	-0.995873	0.008871	-0.010078	0.007993	0.999917	
3721														-0.101862	0.071742	9.765032	-0.995862	-0.090401	-0.009298	0.090319	-0.995873	0.008878	-0.010062	0.008002	0.999917	
3722														-0.094901	0.076678	9.768521	-0.995862	-0.090400	-0.009282	0.090318	-0.995873	0.008886	-0.010047	0.008010	0.999917	
3723														-0.095419	0.083915	9.746251	-0.995865	-0.090372	-0.009281	0.090290	-0.995876	0.008893	-0.010046	0.008018	0.999917	
3724														-0.094219	0.071875	9.790774	-0.995864	-0.090382	-0.009295	0.090300	-0.995875	0.008917	-0.010062	0.008040	0.999917	
3725														-0.081059	0.087256	9.760850	-0.995862	-0.090406	-0.009294	0.090323	-0.995873	0.008925	-0.010062	0.008048	0.999917	
3726														-0.108753	0.070465	9.761519	-0.995866	-0.090359	-0.009278	0.090277	-0.995877	0.008931	-0.010047	0.008056	0.999917	
3727														-0.094220	0.073011	9.776126	-0.995865	-0.090364	-0.009292	0.090282	-0.995876	0.008924	-0.010061	0.008048	0.999917	
3728														-0.095673	0.087384	9.760859	-0.995866	-0.090358	-0.009293	0.090276	-0.995877	0.008916	-0.010060	0.008040	0.999917	
3729														-0.092746	0.059396	9.776748	-0.995865	-0.090373	-0.009261	0.090291	-0.995875	0.008922	-0.010029	0.008049	0.999917	
3730														-0.109981	0.087080	9.760876	-0.995868	-0.090340	-0.009262	0.090258	-0.995878	0.008930	-0.010031	0.008058	0.999917	
3731														-0.094033	0.075069	9.776112	-0.995865	-0.090369	-0.009261	0.090287	-0.995876	0.008923	-0.010029	0.008050	0.999917	
3732														-0.077823	0.061178	9.747446	-0.995869	-0.090335	-0.009231	0.090253	-0.995879	0.008929	-0.009999	0.008059	0.999918	
3733														-0.093750	0.076033	9.776108	-0.995868	-0.090344	-0.009231	0.090262	-0.995878	0.008906	-0.009997	0.008036	0.999918	
3734														-0.108228	0.074495	9.761494	-0.995869	-0.090334	-0.009214	0.090252	-0.995879	0.008928	-0.009983	0.008059	0.999918	
3735														-0.092127	0.062577	9.776734	-0.995871	-0.090316	-0.009199	0.090234	-0.995881	0.008919	-0.009966	0.008052	0.999918	
3736														-0.092066	0.063168	9.776731	-0.995873	-0.090289	-0.009198	0.090208	-0.995883	0.008942	-0.009967	0.008075	0.999918	
3737														-0.092153	0.063752	9.776726	-0.995873	-0.090294	-0.009212	0.090213	-0.995882	0.008935	-0.009981	0.008067	0.999918	
3738														-0.108097	0.076205	9.746843	-0.995873	-0.090286	-0.009195	0.090204	-0.995883	0.008957	-0.009966	0.008090	0.999918	
3739														-0.093836	0.078351	9.746808	-0.995871	-0.090301	-0.009269	0.090218	-0.995881	0.008983	-0.010042	0.008110	0.999917	
3740														-0.079855	0.081392	9.776045	-0.995872	-0.090287	-0.009302	0.090205	-0.995883	0.008930	-0.010070	0.008054	0.999917	
3741														-0.091551	0.050676	9.777346	-0.995878	-0.090222	-0.009276	0.090141	-0.995890	0.008846	-0.010036	0.007973	0.999918	
3742														-0.089820	0.036053	9.777987	-0.995897	-0.090022	-0.009251	0.089941	-0.995908	0.008806	-0.010006	0.007938	0.999918	
3743														-0.344073	-0.519911	9.757581	-0.995950	-0.089438	-0.009202	0.089358	-0.995961	0.008782	-0.009951	0.007924	0.999919	
3744														-0.262752	0.298698	9.766120	-0.995713	-0.092029	-0.009269	0.091949	-0.995725	0.008747	-0.010034	0.007857	0.999919	
3745														-0.030935	0.188621	9.756846	-0.995569	-0.093587	-0.009100	0.093509	-0.995581	0.008672	-0.009871	0.007782	0.999921	
3746														0.107988	0.275867	9.753396	-0.995587	-0.093404	-0.009125	0.093326	-0.995599	0.008543	-0.009883	0.007653	0.999922	
3747														-0.153480	-0.192645	9.773080	-0.995713	-0.092042	-0.009113	0.091966	-0.995726	0.008442	-0.009851	0.007568	0.999923	
3748														-0.022891	0.263483	9.782920	-0.995891	-0.090097	-0.009183	0.090020	-0.995904	0.008499	-0.009911	0.007637	0.999922	
3749														0.041869	-0.098309	9.769528	-0.996127	-0.087441	-0.009241	0.087363	-0.996140	0.008492	-0.009948	0.007652	0.999921	
3750														-0.105388	0.049088	9.762741	-0.996332	-0.085067	-0.009297	0.084990	-0.996347	0.008348	-0.009973	0.007527	0.999922	
3751														-0.109972	0.253133	9.739173	-0.996397	-0.084296	-0.009288	0.084221	-0.996413	0.008219	-0.009947	0.007407	0.999923	
3752														-0.084237	0.137609	9.744247	-0.996427	-0.083941	-0.009281	0.083867	-0.996444	0.008165	-0.009933	0.007357	0.999924	
3753														-0.094875	0.094827	9.790080	-0.996444	-0.083742	-0.009299	0.083667	-0.996460	0.008189	-0.009952	0.007382	0.999923	
3754														-0.084893	0.139917	9.773496	-0.996461	-0.083528	-0.009394	0.083452	-0.996478	0.008201	-0.010046	0.007388	0.999922	
3755														-0.094726	0.079001	9.732154	-0.996474	-0.083372	-0.009457	0.083295	-0.996491	0.008226	-0.010109	0.007409	0.999921	
3756														-0.088694	0.008082	9.764610	-0.996522	-0.082784	-0.009529	0.082706	-0.996540	0.008237	-0.010178	0.007420	0.999921	
3757														-0.047283	0.028022	9.778531	-0.996650	-0.081212	-0.009654	0.081134	-0.996669	0.008263	-0.010292	0.007452	0.999919	
3758														-0.113237	0.094715	9.746127	-0.996751	-0.079951	-0.009759	0.079873	-0.996771	0.008213	-0.010384	0.007407	0.999919	
3759														-0.098374	0.082207	9.761372	-0.996804	-0.079270	-0.009880	0.079191	-0.996826	0.008178	-0.010497	0.007369	0.999918	
3760														-0.102083	0.112779	9.789346	-0.996831	-0.078919	-0.009979	0.078840	-0.996854	0.008142	-0.010591	0.007329	0.999917	
3761														-0.131751	0.108597	9.745463	-0.996822	-0.079026	-0.010007	0.078946	-0.996846	0.008151	-0.010619	0.007335	0.999917	
3762														-0.115113	0.081719	9.761358	-0.996822	-0.079024	-0.010084	0.078943	-0.996846	0.008115	-0.010694	0.007293	0.999916	
3763														-0.098401	0.054856	9.777257	-0.996822	-0.079017	-0.010099	0.078937	-0.996847	0.008123	-0.010709	0.007300	0.999916	
3764														-0.101160	0.083297	9.746694	-0.996821	-0.079021	-0.010128	0.078941	-0.996846	0.008131	-0.010739	0.007306	0.999916	
3765														-0.101545	0.083938	9.746685	-0.996818	-0.079058	-0.010172	0.078976	-0.996843	0.008157	-0.010785	0.007328	0.999915	
3766														-0.084901	0.057374	9.762588	-0.996807	-0.079190	-0.010229	0.079109	-0.996833	0.008167	-0.010844	0.007332	0.999914	
3767														-0.085575	0.057414	9.747944	-0.996780	-0.079522	-0.010310	0.079440	-0.996806	0.008207	-0.010929	0.007362	0.999913	
3768														-0.042769	0.062848	9.762533	-0.996729	-0.080149	-0.010401	0.080065	-0.996756	0.008249	-0.011028	0.007389	0.999912	
3769														-0.071354	0.046921	9.777829	-0.996640	-0.081243	-0.010436	0.081159	-0.996667	0.008259	-0.011072	0.007385	0.999911	
3770														-0.103381	0.072249	9.747276	-0.996533	-0.082540	-0.010437	0.082456	-0.996561	0.008207	-0.011079	0.007318	0.999912	
3771														0.043551	0.072538	9.762463	-0.996380	-0.084365	-0.010455	0.084281	-0.996408	0.008263	-0.011115	0.007352	0.999911	
3772														-0.077310	0.105778	9.760576	-0.996229	-0.086138	-0.010399	0.086055	-0.996256	0.008254	-0.011071	0.007328	0.999912	
3773														-0.062495	0.106977	9.745929	-0.996080	-0.087851	-0.010375	0.087767	-0.996107	0.008262	-0.011061	0.007319	0.999912	
3774														-0.030460	0.081719	9.761846	-0.995867	-0.090234	-0.010352	0.090151	-0.995894	0.008224	-0.011052	0.007257	0.999913	
3775														-0.012965	0.055316	9.777774	-0.995619	-0.092932	-0.010335	0.092848	-0.995646	0.008280	-0.011059	0.007284	0.999912	
3776														-0.105255	0.089632	9.761235	-0.995327	-0.095998	-0.010373	0.095915	-0.995355	0.008261	-0.011118	0.007228	0.999912	
3777														-0.186780	0.155187	9.772629	-0.995017	-0.099158	-0.010408	0.099075	-0.995045	0.008288	-0.011178	0.007216	0.999911	
3778														-0.019597	0.234180	9.784483	-0.994671	-0.102575	-0.010418	0.102490	-0.994699	0.008360	-0.011220	0.007248	0.999911	
3779														0.035125	0.136873	9.759784	-0.994296	-0.106141	-0.010428	0.106057	-0.994325	0.008326	-0.011253	0.007172	0.999911	
3780														0.061788	0.036555	9.749754	-0.993863	-0.110135	-0.010370	0.110052	-0.993891	0.008274	-0.011218	0.007082	0.999912	
3781														-0.061849	0.081969	9.776467	-0.993408	-0.114163	-0.010384	0.114080	-0.993437	0.008285	-0.011262	0.007046	0.999912	
3782														-0.141408	0.012373	9.764544	-0.992958	-0.118021	-0.010295	0.117938	-0.992986	0.008293	-0.011201	0.007020	0.999913	
3783														-0.174978	0.155504	9.757944	-0.992495	-0.121852	-0.010300	0.121770	-0.992524	0.008291	-0.011233	0.006975	0.999913	
3784														-0.100805	0.150960	9.758536	-0.992018	-0.125677	-0.010241	0.125594	-0.992047	0.008316	-0.011204	0.006963	0.999913	
3785														-0.171546	0.125845	9.744625	-0.991496	-0.129736	-0.010238	0.129654	-0.991524	0.008329	-0.011232	0.006931	0.999913	
3786														-0.045627	0.070449	9.762468	-0.990894	-0.134253	-0.010246	0.134172	-0.990924	0.008236	-0.011259	0.006786	0.999914	
3787														0.022803	0.006491	9.765734	-0.990141	-0.139700	-0.010278	0.139619	-0.990171	0.008192	-0.011321	0.006676	0.999914	
3788														-0.090966	-0.025771	9.766503	-0.989416	-0.144740	-0.010301	0.144659	-0.989448	0.008193	-0.011378	0.006616	0.999913	
3789														-0.112123	0.104322	9.760518	-0.988643	-0.149930	-0.010303	0.149850	-0.988675	0.008210	-0.011417	0.006573	0.999913	
3790														-0.180110	0.153075	9.772535	-0.987856	-0.155035	-0.010259	0.154955	-0.987887	0.008221	-0.011409	0.006532	0.999914	
3791														-0.221251	0.130432	9.758604	-0.987001	-0.160391	-0.010205	0.160310	-0.987032	0.008280	-0.011401	0.006536	0.999914	
3792														-0.146116	0.039796	9.763215	-0.986132	-0.165646	-0.010218	0.165565	-0.986164	0.008325	-0.011456	0.006518	0.999913	
3793														-0.198827	0.001159	9.779242	-0.985170	-0.171275	-0.010205	0.171194	-0.985202	0.008371	-0.011488	0.006500	0.999913	
3794														0.131246	-0.011422	9.767643	-0.984059	-0.177545	-0.010276	0.177463	-0.984092	0.008335	-0.011592	0.006378	0.999912	
3795														0.151534	-0.113079	9.713818	-0.982914	-0.183781	-0.010233	0.183700	-0.982947	0.008398	-0.011602	0.006374	0.999912	
3796														-0.125198	0.149435	9.787709	-0.981759	-0.189852	-0.010217	0.189772	-0.981793	0.008357	-0.011618	0.006265	0.999913	
3797														-0.114360	0.090982	9.761120	-0.980441	-0.196541	-0.010321	0.196458	-0.980475	0.008510	-0.011792	0.006316	0.999911	
3798														-0.011202	0.025078	9.779711	-0.979067	-0.203275	-0.010328	0.203193	-0.979102	0.008519	-0.011844	0.006243	0.999910	
3799														0.048615	0.023066	9.751069	-0.977769	-0.209425	-0.010433	0.209341	-0.977805	0.008582	-0.011999	0.006207	0.999909	
3800														-0.207360	0.086752	9.789733	-0.976484	-0.215339	-0.010434	0.215256	-0.976520	0.008546	-0.012030	0.006099	0.999909	
3801														-0.143740	0.068570	9.747143	-0.974904	-0.222381	-0.010455	0.222298	-0.974942	0.008483	-0.012079	0.005945	0.999909	
3802														-0.151246	0.097548	9.775053	-0.973346	-0.229107	-0.010370	0.229025	-0.973384	0.008486	-0.012038	0.005885	0.999910	
3803														-0.116868	0.075904	9.776375	-0.971681	-0.236061	-0.010553	0.235978	-0.971721	0.008519	-0.012265	0.005787	0.999908	
3804														0.074754	0.033174	9.751050	-0.969964	-0.243021	-0.010495	0.242941	-0.970005	0.008339	-0.012207	0.005539	0.999910	
3805														-0.189978	0.114441	9.759068	-0.968178	-0.250039	-0.010533	0.249959	-0.968220	0.008421	-0.012304	0.005521	0.999909	
3806														-0.152568	0.141223	9.787607	-0.966349	-0.257025	-0.010426	0.256945	-0.966389	0.008420	-0.012240	0.005458	0.999910	
3807														-0.087697	0.019788	9.749824	-0.964558	-0.263669	-0.010357	0.263591	-0.964599	0.008303	-0.012179	0.005279	0.999912	
3808														-0.170023	0.040858	9.762494	-0.962847	-0.269849	-0.010345	0.269773	-0.962889	0.008189	-0.012171	0.005094	0.999913	
3809														-0.333848	-0.024561	9.778002	-0.961217	-0.275603	-0.010253	0.275529	-0.961259	0.008082	-0.012083	0.004943	0.999915	
3810														-0.240926	0.121841	9.728551	-0.959694	-0.280860	-0.010278	0.280787	-0.959737	0.008002	-0.012111	0.004794	0.999915	
3811														-0.280142	0.097068	9.802436	-0.958378	-0.285318	-0.010276	0.285245	-0.958421	0.008042	-0.012143	0.004776	0.999915	
3812														-0.142366	0.046397	9.762472	-0.957008	-0.289877	-0.010377	0.289803	-0.957052	0.008096	-0.012278	0.004740	0.999913	
3813														-0.256117	-0.034267	9.793889	-0.955675	-0.294238	-0.010475	0.294162	-0.955720	0.008212	-0.012428	0.004767	0.999911	
3814														-0.080281	-0.008382	9.765814	-0.954253	-0.298815	-0.010492	0.298737	-0.954299	0.008317	-0.012497	0.004802	0.999910	
3815														-0.094431	0.033056	9.763756	-0.952888	-0.303139	-0.010551	0.303063	-0.952935	0.008164	-0.012530	0.004581	0.999911	
3816														-0.132177	0.142872	9.743639	-0.951538	-0.307348	-0.010566	0.307272	-0.951586	0.008236	-0.012586	0.004590	0.999910	
3817														-0.235639	0.216940	9.753516	-0.950168	-0.311560	-0.010526	0.311484	-0.950215	0.008255	-0.012574	0.004565	0.999911	
3818														-0.010558	-0.031523	9.738555	-0.948728	-0.315916	-0.010577	0.315840	-0.948777	0.008258	-0.012644	0.004494	0.999910	
3819														-0.102146	-0.078195	9.768607	-0.947419	-0.319824	-0.010459	0.319750	-0.947467	0.008141	-0.012513	0.004368	0.999912	
3820														-0.255932	0.007228	9.791826	-0.946057	-0.323835	-0.010383	0.323762	-0.946104	0.008122	-0.012454	0.004322	0.999913	
3821														-0.328933	-0.005663	9.776607	-0.944777	-0.327551	-0.010360	0.327479	-0.944824	0.008018	-0.012414	0.004183	0.999914	
3822														-0.197331	0.102974	9.759049	-0.943655	-0.330769	-0.010352	0.330699	-0.943703	0.007992	-0.012413	0.004119	0.999914	
3823														-0.158589	0.040177	9.777097	-0.942763	-0.333302	-0.010334	0.333231	-0.942811	0.008039	-0.012422	0.004136	0.999914	
3824														-0.197325	-0.022498	9.749976	-0.941993	-0.335477	-0.010261	0.335406	-0.942040	0.007999	-0.012350	0.004093	0.999915	
3825														-0.219222	0.078925	9.759785	-0.941326	-0.337343	-0.010217	0.337274	-0.941373	0.007931	-0.012294	0.004020	0.999916	
3826														-0.174623	0.127461	9.772969	-0.940750	-0.338950	-0.010174	0.338881	-0.940796	0.007894	-0.012247	0.003978	0.999917	
3827														-0.137518	0.030278	9.748528	-0.940182	-0.340521	-0.010167	0.340453	-0.940229	0.007831	-0.012226	0.003901	0.999918	
3828														-0.124302	0.036879	9.777771	-0.939638	-0.342018	-0.010180	0.341950	-0.939685	0.007847	-0.012250	0.003893	0.999917	
3829														-0.078837	-0.040187	9.767252	-0.939127	-0.343419	-0.010157	0.343351	-0.939175	0.007812	-0.012222	0.003849	0.999918	
3830														-0.116421	-0.023409	9.765920	-0.938677	-0.344648	-0.010156	0.344582	-0.938724	0.007765	-0.012210	0.003789	0.999918	
3831														-0.093657	0.080043	9.761689	-0.938256	-0.345791	-0.010171	0.345724	-0.938304	0.007828	-0.012250	0.003828	0.999918	
3832														-0.058437	0.109721	9.746287	-0.937785	-0.347066	-0.010231	0.346998	-0.937833	0.007868	-0.012326	0.003829	0.999917	
3833														-0.075553	0.072216	9.747708	-0.937254	-0.348498	-0.010235	0.348430	-0.937302	0.007853	-0.012330	0.003794	0.999917	
3834														-0.098615	0.040232	9.756109	-0.936689	-0.350008	-0.010287	0.349940	-0.936738	0.007862	-0.012388	0.003765	0.999916	
3835														-0.121676	0.008248	9.764510	-0.936124	-0.351518	-0.010339	0.351450	-0.936174	0.007871	-0.012446	0.003735	0.999916	
3836														-0.099173	0.050319	9.792328	-0.935507	-0.353157	-0.010303	0.353090	-0.935557	0.007788	-0.012390	0.003648	0.999917	
3837														-0.166068	0.020620	9.748549	-0.934929	-0.354686	-0.010308	0.354620	-0.934979	0.007666	-0.012357	0.003511	0.999917	
3838														-0.125239	0.037280	9.763120	-0.934428	-0.356005	-0.010285	0.355940	-0.934478	0.007645	-0.012333	0.003483	0.999918	
3839														-0.138438	0.031593	9.763148	-0.933881	-0.357436	-0.010260	0.357373	-0.933931	0.007533	-0.012274	0.003368	0.999919	
3840														-0.139626	0.034997	9.766637	-0.933301	-0.358946	-0.010242	0.358883	-0.933351	0.007499	-0.012251	0.003323	0.999919	
3841														-0.140813	0.038401	9.770126	-0.932720	-0.360455	-0.010225	0.360393	-0.932771	0.007465	-0.012228	0.003278	0.999920	
3842														-0.146428	0.091155	9.760360	-0.931992	-0.362335	-0.010230	0.362273	-0.932042	0.007468	-0.012241	0.003254	0.999920	
3843														-0.092328	0.113268	9.745621	-0.931337	-0.364014	-0.010232	0.363951	-0.931388	0.007515	-0.012266	0.003275	0.999919	
3844														-0.095638	0.082684	9.776288	-0.930720	-0.365588	-0.010252	0.365524	-0.930771	0.007567	-0.012308	0.003295	0.999919	
3845														-0.094933	0.004028	9.765180	-0.930160	-0.367012	-0.010288	0.366947	-0.930210	0.007635	-0.012372	0.003327	0.999918	
3846														-0.097371	-0.028696	9.751965	-0.929630	-0.368350	-0.010321	0.368286	-0.929681	0.007641	-0.012410	0.003302	0.999918	
3847														-0.106052	-0.046821	9.767316	-0.929050	-0.369809	-0.010407	0.369744	-0.929102	0.007688	-0.012512	0.003295	0.999916	
3848														-0.094376	0.037436	9.749104	-0.928345	-0.371574	-0.010442	0.371509	-0.928397	0.007712	-0.012560	0.003280	0.999916	
3849														-0.192743	0.044714	9.761769	-0.927607	-0.373413	-0.010382	0.373347	-0.927659	0.007734	-0.012520	0.003298	0.999916	
3850														-0.157702	0.075577	9.760999	-0.926788	-0.375443	-0.010346	0.375378	-0.926840	0.007685	-0.012475	0.003238	0.999917	
3851														-0.159185	0.042818	9.762438	-0.925850	-0.377752	-0.010285	0.377688	-0.925901	0.007647	-0.012412	0.003195	0.999918	
3852														-0.118573	0.060209	9.762363	-0.924867	-0.380152	-0.010281	0.380089	-0.924919	0.007620	-0.012406	0.003140	0.999918	
3853														-0.117003	0.092674	9.760930	-0.923822	-0.382683	-0.010310	0.382620	-0.923875	0.007568	-0.012421	0.003047	0.999918	
3854														-0.092223	0.071459	9.762308	-0.922698	-0.385384	-0.010347	0.385321	-0.922752	0.007535	-0.012451	0.002966	0.999918	
3855														-0.086586	0.057987	9.763009	-0.921559	-0.388101	-0.010350	0.388039	-0.921612	0.007511	-0.012454	0.002906	0.999918	
3856														-0.113750	0.046846	9.777692	-0.920423	-0.390787	-0.010348	0.390726	-0.920477	0.007517	-0.012463	0.002876	0.999918	
3857														-0.075181	0.032525	9.779044	-0.919254	-0.393529	-0.010343	0.393467	-0.919308	0.007540	-0.012475	0.002861	0.999918	
3858														-0.139037	0.066562	9.747038	-0.918040	-0.396352	-0.010358	0.396291	-0.918094	0.007519	-0.012490	0.002798	0.999918	
3859														-0.100679	0.052677	9.763025	-0.916813	-0.399183	-0.010358	0.399122	-0.916867	0.007496	-0.012489	0.002738	0.999918	
3860														-0.054485	0.056537	9.734383	-0.915494	-0.402197	-0.010410	0.402136	-0.915549	0.007500	-0.012547	0.002679	0.999918	
3861														-0.042731	0.030751	9.750426	-0.914140	-0.405266	-0.010407	0.405206	-0.914195	0.007461	-0.012538	0.002604	0.999918	
3862														-0.076163	-0.000631	9.751217	-0.912809	-0.408255	-0.010355	0.408194	-0.912864	0.007522	-0.012524	0.002639	0.999918	
3863														-0.319820	-0.033421	9.777392	-0.911669	-0.410794	-0.010399	0.410733	-0.911725	0.007476	-0.012552	0.002544	0.999918	
3864														-0.180819	0.014724	9.748550	-0.910687	-0.412967	-0.010392	0.412906	-0.910743	0.007495	-0.012560	0.002535	0.999918	
3865														-0.181156	0.015572	9.763180	-0.909733	-0.415064	-0.010391	0.415004	-0.909789	0.007500	-0.012566	0.002511	0.999918	
3866														-0.148248	0.082095	9.790189	-0.908732	-0.417251	-0.010399	0.417191	-0.908788	0.007524	-0.012590	0.002499	0.999918	
3867														-0.115497	0.047788	9.763029	-0.907636	-0.419630	-0.010398	0.419570	-0.907692	0.007484	-0.012579	0.002430	0.999918	
3868														-0.089555	0.028092	9.764422	-0.906493	-0.422092	-0.010399	0.422032	-0.906550	0.007507	-0.012596	0.002416	0.999918	
3869														-0.096768	0.009585	9.779792	-0.905426	-0.424375	-0.010419	0.424315	-0.905483	0.007534	-0.012631	0.002400	0.999917	
3870														-0.129386	0.042062	9.763046	-0.904409	-0.426539	-0.010430	0.426479	-0.904466	0.007542	-0.012650	0.002373	0.999917	
3871														-0.089967	0.060933	9.748323	-0.903451	-0.428564	-0.010461	0.428505	-0.903509	0.007476	-0.012656	0.002272	0.999917	
3872														-0.083807	0.048649	9.763667	-0.902505	-0.430552	-0.010441	0.430493	-0.902563	0.007509	-0.012656	0.002282	0.999917	
3873														-0.071032	0.088659	9.762168	-0.901548	-0.432554	-0.010435	0.432494	-0.901605	0.007544	-0.012671	0.002288	0.999917	
3874														0.040421	0.063799	9.765559	-0.900438	-0.434859	-0.010403	0.434800	-0.900496	0.007513	-0.012635	0.002241	0.999918	
3875														-0.044369	0.003726	9.751864	-0.899346	-0.437111	-0.010519	0.437051	-0.899405	0.007530	-0.012752	0.002174	0.999916	
3876														-0.117133	-0.015977	9.765926	-0.898138	-0.439587	-0.010536	0.439528	-0.898197	0.007542	-0.012779	0.002143	0.999916	
3877														0.019131	0.071645	9.764866	-0.896930	-0.442047	-0.010505	0.441987	-0.896989	0.007559	-0.012765	0.002137	0.999916	
3878														-0.244471	0.100849	9.772748	-0.895620	-0.444693	-0.010612	0.444633	-0.895680	0.007639	-0.012902	0.002124	0.999915	
3879														-0.144829	0.035829	9.748403	-0.894054	-0.447835	-0.010570	0.447776	-0.894114	0.007549	-0.012832	0.002016	0.999916	
3880														0.042756	0.119798	9.763319	-0.892260	-0.451399	-0.010595	0.451339	-0.892320	0.007601	-0.012885	0.002000	0.999915	
3881														-0.208967	-0.030813	9.764665	-0.890154	-0.455537	-0.010558	0.455477	-0.890215	0.007643	-0.012880	0.001994	0.999915	
3882														-0.107891	0.089753	9.746818	-0.888144	-0.459443	-0.010583	0.459384	-0.888205	0.007651	-0.012915	0.001934	0.999915	
3883														-0.126601	0.062099	9.747612	-0.886134	-0.463308	-0.010571	0.463251	-0.886195	0.007477	-0.012832	0.001729	0.999916	
3884														-0.203368	0.018703	9.747813	-0.884252	-0.466890	-0.010585	0.466833	-0.884314	0.007498	-0.012861	0.001688	0.999916	
3885														-0.128821	0.095110	9.775399	-0.882341	-0.470492	-0.010561	0.470436	-0.882403	0.007415	-0.012808	0.001574	0.999917	
3886														0.111553	0.145842	9.749213	-0.880015	-0.474829	-0.010540	0.474772	-0.880077	0.007495	-0.012835	0.001591	0.999916	
3887														0.065362	0.021080	9.783051	-0.877478	-0.479502	-0.010477	0.479447	-0.877540	0.007377	-0.012732	0.001450	0.999918	
3888														-0.174334	-0.031917	9.794621	-0.875021	-0.483970	-0.010506	0.483914	-0.875083	0.007486	-0.012817	0.001466	0.999917	
3889														-0.005354	-0.002327	9.753240	-0.872323	-0.488816	-0.010547	0.488759	-0.872386	0.007569	-0.012901	0.001448	0.999916	
3890														-0.038653	-0.088414	9.770965	-0.869274	-0.494221	-0.010459	0.494164	-0.869335	0.007593	-0.012845	0.001431	0.999916	
3891														-0.024951	-0.080161	9.770938	-0.865929	-0.500059	-0.010399	0.500004	-0.865990	0.007580	-0.012796	0.001364	0.999917	
3892														-0.202891	0.015790	9.762466	-0.862448	-0.506040	-0.010327	0.505986	-0.862509	0.007473	-0.012689	0.001219	0.999919	
3893														-0.264817	0.114776	9.771274	-0.859150	-0.511620	-0.010305	0.511566	-0.859211	0.007515	-0.012699	0.001185	0.999919	
3894														-0.269238	0.092265	9.742780	-0.856138	-0.516645	-0.010288	0.516592	-0.856199	0.007476	-0.012671	0.001086	0.999919	
3895														-0.212041	0.110028	9.743359	-0.853186	-0.521506	-0.010264	0.521454	-0.853247	0.007372	-0.012602	0.000937	0.999920	
