// Start Time: Unknown: 
// Update Rate: 60.0Hz 
// Filter Profile: human (46.1) 
// Firmware Version: 4.6.0
PacketCounter	SampleTimeFine	Year	Month	Day	Second	UTC_Nano	UTC_Year	UTC_Month	UTC_Day	UTC_Hour	UTC_Minute	UTC_Second	UTC_Valid	Acc_X	Acc_Y	Acc_Z	Mat[1][1]	Mat[2][1]	Mat[3][1]	Mat[1][2]	Mat[2][2]	Mat[3][2]	Mat[1][3]	Mat[2][3]	Mat[3][3] 
13114								0.062124	0.001620	9.769212	0.999088	-0.042228	-0.006354	0.042226	0.999108	-0.000456	0.006367	0.000188	0.999980	
13115								0.055661	-0.008415	9.709950	0.999087	-0.042244	-0.006354	0.042242	0.999107	-0.000442	0.006367	0.000173	0.999980	
13116								0.075531	0.000579	9.753378	0.999086	-0.042264	-0.006381	0.042262	0.999106	-0.000419	0.006393	0.000149	0.999980	
13117								0.045699	0.005036	9.741378	0.999085	-0.042278	-0.006412	0.042276	0.999106	-0.000419	0.006424	0.000148	0.999979	
13118								0.075238	-0.015414	9.766889	0.999083	-0.042325	-0.006398	0.042324	0.999104	-0.000391	0.006409	0.000120	0.999979	
13119								0.077200	-0.000992	9.767929	0.999083	-0.042323	-0.006444	0.042321	0.999104	-0.000404	0.006456	0.000131	0.999979	
13120								0.077413	-0.001226	9.767928	0.999082	-0.042341	-0.006446	0.042339	0.999103	-0.000343	0.006454	0.000069	0.999979	
13121								0.062979	0.000046	9.769207	0.999081	-0.042372	-0.006465	0.042371	0.999102	-0.000312	0.006472	0.000038	0.999979	
13122								0.078682	-0.003083	9.782482	0.999081	-0.042372	-0.006468	0.042371	0.999102	-0.000295	0.006475	0.000021	0.999979	
13123								0.061966	0.000788	9.754651	0.999080	-0.042388	-0.006489	0.042387	0.999101	-0.000263	0.006494	-0.000012	0.999979	
13124								0.076672	-0.001233	9.753369	0.999079	-0.042419	-0.006525	0.042418	0.999100	-0.000232	0.006529	-0.000045	0.999979	
13125								0.076295	-0.017231	9.766878	0.999078	-0.042434	-0.006563	0.042434	0.999099	-0.000200	0.006565	-0.000079	0.999978	
13126								0.063681	-0.001169	9.769202	0.999078	-0.042419	-0.006556	0.042419	0.999100	-0.000195	0.006559	-0.000083	0.999978	
13127								0.079318	-0.004005	9.782476	0.999078	-0.042418	-0.006581	0.042418	0.999100	-0.000205	0.006583	-0.000074	0.999978	
13938								0.070857	-0.000446	9.754183	0.999071	-0.042542	-0.006825	0.042545	0.999095	0.000258	0.006808	-0.000549	0.999977	
13939								0.056558	0.001401	9.755585	0.999071	-0.042555	-0.006816	0.042558	0.999094	0.000258	0.006799	-0.000548	0.999977	
13940								0.056554	0.001186	9.755585	0.999071	-0.042553	-0.006806	0.042555	0.999094	0.000274	0.006788	-0.000564	0.999977	
13941								0.041361	-0.012939	9.770324	0.999070	-0.042580	-0.006813	0.042582	0.999093	0.000274	0.006795	-0.000564	0.999977	
13942								0.085675	-0.003107	9.752777	0.999071	-0.042546	-0.006817	0.042549	0.999094	0.000292	0.006798	-0.000582	0.999977	
13943								0.082474	-0.016479	9.737047	0.999069	-0.042604	-0.006810	0.042607	0.999092	0.000306	0.006791	-0.000595	0.999977	
13944								0.057072	0.000373	9.755582	0.999069	-0.042583	-0.006846	0.042586	0.999093	0.000278	0.006828	-0.000569	0.999977	
13945								0.062877	0.010696	9.800374	0.999070	-0.042582	-0.006806	0.042585	0.999093	0.000278	0.006788	-0.000567	0.999977	
13946								0.056330	-0.015749	9.768916	0.999068	-0.042610	-0.006828	0.042613	0.999092	0.000309	0.006809	-0.000599	0.999977	
13947								0.075171	0.011078	9.769905	0.999069	-0.042605	-0.006850	0.042607	0.999092	0.000280	0.006832	-0.000572	0.999976	
13948								0.073366	-0.003311	9.768705	0.999068	-0.042616	-0.006857	0.042619	0.999091	0.000266	0.006839	-0.000558	0.999976	
13949								0.071064	-0.000702	9.739641	0.999067	-0.042643	-0.006864	0.042646	0.999090	0.000281	0.006846	-0.000573	0.999976	
13950								0.068275	-0.031211	9.751776	0.999068	-0.042625	-0.006854	0.042628	0.999091	0.000282	0.006835	-0.000574	0.999976	
13951								0.059138	-0.001823	9.770109	0.999068	-0.042621	-0.006844	0.042624	0.999091	0.000268	0.006827	-0.000559	0.999977	
13952								0.055523	0.002236	9.726514	0.999069	-0.042603	-0.006849	0.042606	0.999092	0.000270	0.006832	-0.000561	0.999977	
13953								0.072511	-0.002523	9.754171	0.999068	-0.042615	-0.006841	0.042618	0.999091	0.000255	0.006824	-0.000546	0.999977	
13954								0.071779	-0.018426	9.767503	0.999081	-0.042291	-0.006935	0.042294	0.999105	0.000352	0.006914	-0.000645	0.999976	
13955								0.058360	-0.000894	9.755575	0.999081	-0.042282	-0.006956	0.042286	0.999105	0.000369	0.006934	-0.000663	0.999976	
13956								0.070982	-0.017511	9.752968	0.999082	-0.042281	-0.006962	0.042285	0.999106	0.000371	0.006940	-0.000665	0.999976	
13957								0.061184	-0.004109	9.784635	0.999080	-0.042305	-0.006969	0.042309	0.999105	0.000386	0.006947	-0.000680	0.999976	
13958								0.071949	-0.002037	9.739634	0.999081	-0.042299	-0.006945	0.042303	0.999105	0.000371	0.006923	-0.000665	0.999976	
13959								0.058742	-0.001405	9.755572	0.999080	-0.042311	-0.006953	0.042315	0.999104	0.000342	0.006932	-0.000635	0.999976	
13960								0.060129	-0.002790	9.770103	0.999082	-0.042274	-0.006958	0.042278	0.999106	0.000343	0.006937	-0.000637	0.999976	
13961								0.072679	-0.019329	9.767495	0.999081	-0.042290	-0.006965	0.042293	0.999105	0.000344	0.006944	-0.000638	0.999976	
13962								0.074875	-0.005097	9.768693	0.999081	-0.042303	-0.006971	0.042306	0.999105	0.000360	0.006949	-0.000655	0.999976	
13963								0.076250	-0.006704	9.783223	0.999081	-0.042295	-0.006977	0.042299	0.999105	0.000362	0.006956	-0.000657	0.999976	
13964								0.071893	-0.018474	9.752959	0.999080	-0.042301	-0.006984	0.042305	0.999105	0.000347	0.006963	-0.000642	0.999976	
13965								0.057521	-0.016614	9.754367	0.999081	-0.042298	-0.006975	0.042301	0.999105	0.000348	0.006954	-0.000643	0.999976	
13966								0.060868	-0.003764	9.770098	0.999081	-0.042298	-0.006981	0.042302	0.999105	0.000365	0.006959	-0.000659	0.999976	
13967								0.060705	-0.004117	9.770099	0.999080	-0.042320	-0.006926	0.042324	0.999104	0.000394	0.006903	-0.000687	0.999976	
13968								0.073028	-0.020714	9.767489	0.999080	-0.042320	-0.006948	0.042324	0.999104	0.000380	0.006926	-0.000674	0.999976	
13969								0.060843	-0.004489	9.770098	0.999081	-0.042301	-0.006953	0.042305	0.999105	0.000398	0.006930	-0.000692	0.999976	
13970								0.074200	-0.005269	9.754157	0.999081	-0.042300	-0.006959	0.042304	0.999105	0.000399	0.006936	-0.000693	0.999976	
13971								0.074350	-0.005420	9.754156	0.999080	-0.042308	-0.006966	0.042312	0.999104	0.000400	0.006942	-0.000695	0.999976	
13972								0.078117	-0.009720	9.797748	0.999081	-0.042298	-0.006956	0.042302	0.999105	0.000402	0.006933	-0.000695	0.999976	
13973								0.071125	-0.018931	9.738421	0.999080	-0.042308	-0.006947	0.042312	0.999104	0.000432	0.006922	-0.000726	0.999976	
13974								0.076522	0.008368	9.755358	0.999082	-0.042272	-0.006952	0.042276	0.999106	0.000420	0.006928	-0.000713	0.999976	
13975								0.059513	-0.019930	9.768890	0.999080	-0.042314	-0.006992	0.042318	0.999104	0.000390	0.006969	-0.000685	0.999975	
13976								0.073786	-0.004718	9.739620	0.999080	-0.042308	-0.006982	0.042311	0.999104	0.000406	0.006958	-0.000701	0.999976	
13977								0.072488	-0.003392	9.725089	0.999079	-0.042335	-0.006960	0.042339	0.999103	0.000375	0.006938	-0.000669	0.999976	
13978								0.072918	-0.020602	9.752947	0.999079	-0.042351	-0.006967	0.042354	0.999103	0.000375	0.006944	-0.000670	0.999976	
13979								0.060599	-0.004284	9.755560	0.999079	-0.042348	-0.006958	0.042351	0.999103	0.000361	0.006936	-0.000656	0.999976	
13980								0.074314	-0.022056	9.767477	0.999078	-0.042359	-0.006965	0.042362	0.999102	0.000347	0.006944	-0.000642	0.999976	
13981								0.070700	-0.017899	9.723884	0.999078	-0.042358	-0.006956	0.042361	0.999102	0.000333	0.006936	-0.000627	0.999976	
13982								0.061679	0.011566	9.742231	0.999077	-0.042382	-0.006964	0.042385	0.999101	0.000318	0.006944	-0.000613	0.999976	
13983								0.058628	-0.001508	9.726496	0.999078	-0.042370	-0.006985	0.042373	0.999102	0.000305	0.006966	-0.000600	0.999976	
13984								0.060418	-0.020270	9.768883	0.999078	-0.042360	-0.006976	0.042363	0.999102	0.000321	0.006956	-0.000616	0.999976	
13985								0.075762	-0.006518	9.754144	0.999078	-0.042355	-0.006982	0.042358	0.999102	0.000307	0.006963	-0.000603	0.999976	
13986								0.048320	-0.004041	9.771497	0.999079	-0.042334	-0.007003	0.042337	0.999103	0.000294	0.006985	-0.000591	0.999975	
13987								0.061759	-0.004680	9.755553	0.999079	-0.042330	-0.007010	0.042333	0.999104	0.000296	0.006991	-0.000593	0.999975	
13988								0.076208	-0.006831	9.754141	0.999078	-0.042359	-0.006986	0.042363	0.999102	0.000311	0.006967	-0.000607	0.999976	
13989								0.064566	0.025196	9.743431	0.999078	-0.042366	-0.006977	0.042369	0.999102	0.000311	0.006958	-0.000607	0.999976	
13990								0.060522	-0.003930	9.741022	0.999078	-0.042364	-0.006983	0.042368	0.999102	0.000328	0.006963	-0.000624	0.999976	
13991								0.074283	-0.022083	9.752934	0.999077	-0.042380	-0.006989	0.042384	0.999101	0.000360	0.006968	-0.000655	0.999976	
13992								0.079111	-0.010564	9.783197	0.999077	-0.042386	-0.007027	0.042389	0.999101	0.000331	0.007007	-0.000628	0.999975	
13993								0.062425	-0.005857	9.755548	0.999077	-0.042381	-0.007018	0.042385	0.999101	0.000332	0.006997	-0.000629	0.999975	
13994								0.076805	-0.007930	9.754135	0.999076	-0.042407	-0.006995	0.042410	0.999100	0.000331	0.006974	-0.000627	0.999975	
13995								0.076819	-0.007920	9.754135	0.999076	-0.042405	-0.007002	0.042409	0.999100	0.000302	0.006983	-0.000598	0.999975	
13996								0.076898	-0.007992	9.754134	0.999075	-0.042425	-0.006993	0.042428	0.999099	0.000317	0.006974	-0.000614	0.999975	
13997								0.059914	-0.003333	9.726488	0.999075	-0.042438	-0.006971	0.042441	0.999099	0.000287	0.006952	-0.000582	0.999976	
13998								0.074643	-0.022549	9.752930	0.999073	-0.042494	-0.006949	0.042497	0.999097	0.000300	0.006930	-0.000595	0.999976	
13999								0.066713	0.005389	9.785815	0.999074	-0.042461	-0.006939	0.042464	0.999098	0.000287	0.006920	-0.000581	0.999976	
14000								0.076558	-0.008296	9.754137	0.999074	-0.042473	-0.006915	0.042476	0.999097	0.000287	0.006896	-0.000580	0.999976	
14001								0.047662	-0.004547	9.756963	0.999073	-0.042483	-0.006921	0.042486	0.999097	0.000288	0.006903	-0.000582	0.999976	
14002								0.077797	-0.009964	9.768666	0.999074	-0.042480	-0.006897	0.042483	0.999097	0.000288	0.006878	-0.000581	0.999976	
14003								0.073270	-0.021776	9.738399	0.999072	-0.042506	-0.006904	0.042509	0.999096	0.000288	0.006886	-0.000581	0.999976	
14004								0.064190	0.007691	9.756756	0.999073	-0.042486	-0.006880	0.042489	0.999097	0.000259	0.006863	-0.000551	0.999976	
14005								0.063367	-0.008217	9.770079	0.999072	-0.042514	-0.006887	0.042517	0.999096	0.000275	0.006869	-0.000567	0.999976	
14006								0.091029	-0.010861	9.752723	0.999074	-0.042483	-0.006862	0.042486	0.999097	0.000261	0.006845	-0.000552	0.999976	
14007								0.074268	-0.006070	9.725075	0.999073	-0.042489	-0.006900	0.042491	0.999097	0.000232	0.006884	-0.000525	0.999976	
14008								0.062522	-0.006981	9.755547	0.999072	-0.042518	-0.006892	0.042520	0.999096	0.000247	0.006875	-0.000540	0.999976	
14009								0.078966	0.005393	9.755340	0.999072	-0.042516	-0.006868	0.042518	0.999096	0.000233	0.006852	-0.000525	0.999976	
14010								0.062383	-0.007174	9.755547	0.999072	-0.042527	-0.006859	0.042530	0.999095	0.000233	0.006843	-0.000524	0.999976	
14011								0.074697	-0.023705	9.752927	0.999071	-0.042542	-0.006836	0.042545	0.999095	0.000233	0.006820	-0.000523	0.999977	
14012								0.049100	-0.006959	9.771491	0.999070	-0.042568	-0.006843	0.042571	0.999093	0.000248	0.006826	-0.000539	0.999977	
14013								0.063384	0.008321	9.742224	0.999070	-0.042561	-0.006866	0.042564	0.999094	0.000205	0.006851	-0.000497	0.999976	
14014								0.076469	-0.025543	9.767451	0.999068	-0.042602	-0.006887	0.042605	0.999092	0.000265	0.006870	-0.000559	0.999976	
14015								0.077449	-0.010064	9.754128	0.999067	-0.042628	-0.006880	0.042631	0.999091	0.000250	0.006863	-0.000543	0.999976	
14016								0.078691	-0.011451	9.768658	0.999069	-0.042596	-0.006870	0.042599	0.999092	0.000237	0.006853	-0.000529	0.999976	
14017								0.061919	-0.006800	9.741012	0.999068	-0.042605	-0.006892	0.042608	0.999092	0.000239	0.006875	-0.000532	0.999976	
14018								0.064538	-0.009735	9.770070	0.999068	-0.042601	-0.006883	0.042604	0.999092	0.000240	0.006866	-0.000533	0.999976	
14019								0.066609	0.004647	9.771279	0.999069	-0.042596	-0.006874	0.042598	0.999092	0.000225	0.006858	-0.000518	0.999976	
14020								0.066614	0.004581	9.771279	0.999068	-0.042609	-0.006866	0.042611	0.999092	0.000226	0.006850	-0.000518	0.999976	
14021								0.062084	-0.007149	9.741010	0.999068	-0.042620	-0.006858	0.042623	0.999091	0.000211	0.006843	-0.000503	0.999976	
14022								0.063460	-0.008770	9.755539	0.999068	-0.042601	-0.006878	0.042604	0.999092	0.000244	0.006861	-0.000537	0.999976	
14023								0.078963	0.004964	9.740802	0.999068	-0.042609	-0.006885	0.042612	0.999092	0.000215	0.006870	-0.000508	0.999976	
14024								0.063832	-0.009077	9.755536	0.999067	-0.042624	-0.006892	0.042627	0.999091	0.000246	0.006875	-0.000540	0.999976	
14025								0.067356	0.003678	9.771274	0.999067	-0.042638	-0.006914	0.042640	0.999090	0.000247	0.006897	-0.000542	0.999976	
14026								0.046519	-0.020637	9.741210	0.999066	-0.042648	-0.006921	0.042651	0.999090	0.000248	0.006904	-0.000543	0.999976	
14027								0.078866	-0.011783	9.754115	0.999066	-0.042661	-0.006927	0.042664	0.999089	0.000279	0.006909	-0.000575	0.999976	
14028								0.065802	-0.011447	9.770060	0.999065	-0.042671	-0.006934	0.042674	0.999089	0.000265	0.006917	-0.000561	0.999976	
14029								0.064572	-0.010047	9.755531	0.999066	-0.042654	-0.006910	0.042657	0.999090	0.000251	0.006893	-0.000546	0.999976	
14030								0.051361	-0.009629	9.771477	0.999065	-0.042683	-0.006917	0.042686	0.999089	0.000267	0.006899	-0.000562	0.999976	
14031								0.080243	-0.013901	9.768642	0.999066	-0.042667	-0.006892	0.042670	0.999089	0.000299	0.006873	-0.000592	0.999976	
14032								0.065775	-0.012244	9.770059	0.999066	-0.042648	-0.006897	0.042651	0.999090	0.000301	0.006878	-0.000595	0.999976	
14033								0.063447	-0.009606	9.741000	0.999066	-0.042659	-0.006904	0.042662	0.999090	0.000302	0.006884	-0.000596	0.999976	
14034								0.066061	-0.012627	9.770057	0.999067	-0.042642	-0.006909	0.042645	0.999090	0.000320	0.006889	-0.000614	0.999976	
14035								0.066970	0.003072	9.756740	0.999066	-0.042653	-0.006901	0.042656	0.999090	0.000305	0.006881	-0.000599	0.999976	
14036								0.078112	-0.012003	9.739580	0.999066	-0.042650	-0.006892	0.042653	0.999090	0.000306	0.006872	-0.000600	0.999976	
14037								0.053762	0.003420	9.772687	0.999067	-0.042646	-0.006882	0.042649	0.999090	0.000307	0.006863	-0.000601	0.999976	
14038								0.067125	0.002854	9.756739	0.999067	-0.042624	-0.006904	0.042627	0.999091	0.000280	0.006885	-0.000574	0.999976	
14039								0.063970	-0.010132	9.740996	0.999068	-0.042619	-0.006895	0.042622	0.999091	0.000265	0.006877	-0.000559	0.999976	
14040								0.081654	0.000899	9.755320	0.999069	-0.042600	-0.006869	0.042603	0.999092	0.000267	0.006852	-0.000559	0.999976	
14041								0.067682	-0.014465	9.784583	0.999068	-0.042610	-0.006892	0.042612	0.999092	0.000252	0.006875	-0.000546	0.999976	
14042								0.068745	0.001297	9.771265	0.999069	-0.042591	-0.006897	0.042594	0.999092	0.000254	0.006880	-0.000548	0.999976	
14043								0.081263	-0.015263	9.768631	0.999068	-0.042604	-0.006905	0.042606	0.999092	0.000255	0.006887	-0.000549	0.999976	
14044								0.082190	0.000590	9.755315	0.999068	-0.042616	-0.006897	0.042618	0.999091	0.000225	0.006882	-0.000519	0.999976	
14045								0.063202	-0.009028	9.726463	0.999068	-0.042616	-0.006897	0.042618	0.999091	0.000225	0.006882	-0.000519	0.999976	
14046								0.066898	-0.013588	9.770050	0.999067	-0.042630	-0.006888	0.042633	0.999091	0.000286	0.006869	-0.000579	0.999976	
14047								0.066484	0.003295	9.742206	0.999067	-0.042626	-0.006879	0.042629	0.999091	0.000271	0.006861	-0.000564	0.999976	
14048								0.063806	-0.026936	9.754305	0.999067	-0.042633	-0.006916	0.042636	0.999091	0.000243	0.006900	-0.000538	0.999976	
14049								0.055063	0.002511	9.772680	0.999066	-0.042644	-0.006923	0.042647	0.999090	0.000244	0.006907	-0.000539	0.999976	
14050								0.067510	-0.014111	9.770045	0.999065	-0.042672	-0.006915	0.042675	0.999089	0.000259	0.006898	-0.000554	0.999976	
14051								0.067586	-0.014326	9.770044	0.999065	-0.042683	-0.006922	0.042685	0.999089	0.000260	0.006904	-0.000555	0.999976	
14052								0.054051	0.003333	9.758150	0.999066	-0.042664	-0.006912	0.042667	0.999089	0.000261	0.006894	-0.000556	0.999976	
14053								0.084107	-0.002124	9.769838	0.999065	-0.042677	-0.006888	0.042680	0.999089	0.000261	0.006871	-0.000555	0.999976	
14054								0.052741	0.004530	9.743622	0.999065	-0.042672	-0.006895	0.042675	0.999089	0.000248	0.006878	-0.000542	0.999976	
14055								0.082246	-0.016804	9.768621	0.999067	-0.042638	-0.006915	0.042641	0.999090	0.000266	0.006897	-0.000560	0.999976	
14056								0.055161	0.018507	9.744836	0.999067	-0.042637	-0.006905	0.042640	0.999090	0.000282	0.006887	-0.000576	0.999976	
14057								0.079893	-0.014454	9.739562	0.999067	-0.042633	-0.006897	0.042636	0.999091	0.000268	0.006879	-0.000562	0.999976	
14058								0.067461	0.001897	9.742200	0.999066	-0.042660	-0.006874	0.042663	0.999089	0.000267	0.006856	-0.000560	0.999976	
14059								0.067863	-0.015493	9.770040	0.999066	-0.042657	-0.006880	0.042660	0.999090	0.000269	0.006862	-0.000562	0.999976	
14060								0.068864	0.000355	9.756727	0.999066	-0.042667	-0.006887	0.042669	0.999089	0.000239	0.006871	-0.000533	0.999976	
14061								0.053656	-0.013534	9.771460	0.999066	-0.042649	-0.006878	0.042652	0.999090	0.000240	0.006861	-0.000534	0.999976	
14062								0.066844	-0.014391	9.755510	0.999067	-0.042632	-0.006867	0.042635	0.999091	0.000273	0.006849	-0.000565	0.999976	
14063								0.068227	-0.016019	9.770037	0.999066	-0.042657	-0.006890	0.042660	0.999090	0.000258	0.006873	-0.000552	0.999976	
14064								0.071314	0.014281	9.757941	0.999066	-0.042653	-0.006882	0.042656	0.999090	0.000244	0.006865	-0.000537	0.999976	
14065								0.081350	0.000595	9.726244	0.999066	-0.042648	-0.006903	0.042650	0.999090	0.000246	0.006887	-0.000540	0.999976	
14066								0.055144	0.001476	9.758145	0.999068	-0.042615	-0.006908	0.042617	0.999091	0.000264	0.006891	-0.000559	0.999976	
14067								0.069730	-0.000786	9.756721	0.999066	-0.042657	-0.006916	0.042660	0.999090	0.000279	0.006898	-0.000574	0.999976	
14068								0.086803	-0.005851	9.784353	0.999066	-0.042654	-0.006922	0.042657	0.999090	0.000297	0.006903	-0.000592	0.999976	
14069								0.053492	-0.013719	9.756924	0.999066	-0.042648	-0.006928	0.042651	0.999090	0.000283	0.006910	-0.000578	0.999976	
14070								0.085789	-0.004674	9.769823	0.999066	-0.042661	-0.006920	0.042664	0.999089	0.000283	0.006902	-0.000578	0.999976	
14071								0.053643	-0.013939	9.756923	0.999066	-0.042641	-0.006926	0.042644	0.999090	0.000285	0.006907	-0.000580	0.999976	
14072								0.066934	-0.014564	9.740970	0.999064	-0.042698	-0.006920	0.042701	0.999088	0.000268	0.006902	-0.000563	0.999976	
14073								0.072599	-0.004528	9.785774	0.999064	-0.042698	-0.006879	0.042701	0.999088	0.000299	0.006860	-0.000592	0.999976	
14074								0.083562	-0.019743	9.768604	0.999071	-0.042532	-0.006889	0.042535	0.999095	0.000312	0.006870	-0.000605	0.999976	
14075								0.054424	0.001295	9.743614	0.999071	-0.042544	-0.006911	0.042547	0.999094	0.000329	0.006891	-0.000622	0.999976	
14076								0.070803	-0.019569	9.784552	0.999070	-0.042553	-0.006933	0.042557	0.999094	0.000330	0.006913	-0.000625	0.999976	
14077								0.057355	-0.001898	9.772667	0.999070	-0.042566	-0.006925	0.042569	0.999093	0.000330	0.006905	-0.000625	0.999976	
14078								0.065905	-0.014307	9.726439	0.999071	-0.042534	-0.006899	0.042538	0.999095	0.000348	0.006878	-0.000641	0.999976	
14079								0.071489	-0.004207	9.771245	0.999070	-0.042566	-0.006862	0.042570	0.999093	0.000332	0.006841	-0.000623	0.999976	
14080								0.054659	0.000656	9.743612	0.999069	-0.042577	-0.006900	0.042580	0.999093	0.000303	0.006881	-0.000596	0.999976	
14081								0.071741	-0.004202	9.771243	0.999070	-0.042570	-0.006875	0.042573	0.999093	0.000319	0.006855	-0.000611	0.999976	
14082								0.067167	-0.015979	9.740966	0.999070	-0.042562	-0.006882	0.042565	0.999094	0.000305	0.006862	-0.000598	0.999976	
14083								0.056276	-0.001055	9.758138	0.999070	-0.042558	-0.006903	0.042561	0.999094	0.000307	0.006884	-0.000601	0.999976	
14084								0.068865	-0.017550	9.755491	0.999069	-0.042586	-0.006911	0.042589	0.999093	0.000292	0.006893	-0.000586	0.999976	
14085								0.085483	-0.005141	9.755286	0.999069	-0.042580	-0.006902	0.042583	0.999093	0.000294	0.006883	-0.000587	0.999976	
14086								0.074443	0.009649	9.772459	0.999068	-0.042608	-0.006909	0.042611	0.999092	0.000309	0.006890	-0.000603	0.999976	
14087								0.072414	-0.005095	9.771237	0.999069	-0.042575	-0.006899	0.042579	0.999093	0.000327	0.006879	-0.000620	0.999976	
14088								0.069144	-0.018359	9.755487	0.999069	-0.042585	-0.006906	0.042589	0.999093	0.000328	0.006885	-0.000622	0.999976	
14089								0.072557	-0.005393	9.771236	0.999069	-0.042583	-0.006898	0.042586	0.999093	0.000313	0.006878	-0.000607	0.999976	
14090								0.052695	-0.030903	9.755690	0.999070	-0.042575	-0.006889	0.042578	0.999093	0.000300	0.006870	-0.000593	0.999976	
14091								0.072562	-0.005460	9.771236	0.999070	-0.042557	-0.006879	0.042560	0.999094	0.000302	0.006860	-0.000594	0.999976	
14092								0.070003	-0.002708	9.742182	0.999070	-0.042560	-0.006856	0.042563	0.999094	0.000287	0.006837	-0.000578	0.999976	
14093								0.057973	-0.003617	9.772663	0.999070	-0.042576	-0.006848	0.042579	0.999093	0.000287	0.006830	-0.000579	0.999977	
14094								0.054643	-0.016792	9.756913	0.999069	-0.042588	-0.006840	0.042591	0.999093	0.000288	0.006821	-0.000579	0.999977	
14095								0.071334	-0.004393	9.756708	0.999069	-0.042581	-0.006862	0.042584	0.999093	0.000275	0.006844	-0.000567	0.999976	
14096								0.069312	-0.019060	9.755485	0.999069	-0.042594	-0.006837	0.042597	0.999092	0.000306	0.006818	-0.000597	0.999977	
14097								0.071334	-0.004746	9.756708	0.999069	-0.042603	-0.006830	0.042606	0.999092	0.000276	0.006812	-0.000566	0.999977	
14098								0.070259	-0.003334	9.742179	0.999067	-0.042630	-0.006852	0.042632	0.999091	0.000276	0.006834	-0.000568	0.999976	
14099								0.087335	-0.008350	9.769806	0.999068	-0.042624	-0.006843	0.042627	0.999091	0.000292	0.006824	-0.000584	0.999977	
14100								0.070469	-0.003781	9.742178	0.999069	-0.042605	-0.006848	0.042608	0.999092	0.000294	0.006830	-0.000586	0.999977	
14101								0.060820	0.009654	9.773882	0.999069	-0.042598	-0.006870	0.042601	0.999092	0.000296	0.006851	-0.000589	0.999976	
14102								0.072225	-0.005516	9.756701	0.999068	-0.042609	-0.006892	0.042612	0.999092	0.000298	0.006873	-0.000591	0.999976	
14103								0.071451	-0.021517	9.770003	0.999068	-0.042622	-0.006868	0.042625	0.999091	0.000298	0.006849	-0.000590	0.999976	
14104								0.059023	-0.005307	9.772656	0.999068	-0.042620	-0.006859	0.042623	0.999091	0.000314	0.006839	-0.000606	0.999976	
14105								0.059096	-0.005384	9.772655	0.999069	-0.042599	-0.006865	0.042602	0.999092	0.000286	0.006847	-0.000578	0.999976	
14106								0.071451	-0.021799	9.770003	0.999068	-0.042612	-0.006842	0.042615	0.999092	0.000286	0.006823	-0.000577	0.999977	
14107								0.055844	-0.018484	9.756903	0.999068	-0.042607	-0.006864	0.042610	0.999092	0.000273	0.006846	-0.000565	0.999976	
14108								0.058161	-0.004125	9.758126	0.999069	-0.042587	-0.006869	0.042590	0.999093	0.000275	0.006851	-0.000567	0.999976	
14109								0.089601	-0.011054	9.784323	0.999070	-0.042569	-0.006860	0.042572	0.999093	0.000277	0.006842	-0.000569	0.999976	
14110								0.058223	-0.004422	9.758126	0.999070	-0.042581	-0.006851	0.042584	0.999093	0.000277	0.006833	-0.000569	0.999976	
14111								0.088277	-0.009924	9.769796	0.999070	-0.042563	-0.006826	0.042566	0.999094	0.000279	0.006808	-0.000569	0.999977	
14112								0.058145	-0.004560	9.758126	0.999071	-0.042542	-0.006833	0.042545	0.999095	0.000250	0.006816	-0.000541	0.999977	
14113								0.073975	-0.008105	9.771224	0.999071	-0.042540	-0.006838	0.042543	0.999095	0.000282	0.006820	-0.000573	0.999977	
14114								0.052985	-0.032496	9.741145	0.999071	-0.042536	-0.006845	0.042539	0.999095	0.000284	0.006826	-0.000575	0.999977	
14115								0.076350	0.005880	9.772448	0.999072	-0.042517	-0.006850	0.042519	0.999096	0.000286	0.006832	-0.000577	0.999976	
14116								0.058633	-0.005327	9.758123	0.999073	-0.042512	-0.006841	0.042515	0.999096	0.000287	0.006822	-0.000578	0.999977	
14117								0.074392	-0.008866	9.771220	0.999073	-0.042507	-0.006847	0.042510	0.999096	0.000289	0.006828	-0.000580	0.999977	
14118								0.071979	-0.006183	9.742166	0.999072	-0.042519	-0.006838	0.042522	0.999095	0.000290	0.006820	-0.000580	0.999977	
14119								0.056221	-0.002923	9.729069	0.999072	-0.042530	-0.006815	0.042533	0.999095	0.000290	0.006796	-0.000579	0.999977	
14120								0.073067	-0.007945	9.756693	0.999073	-0.042497	-0.006804	0.042500	0.999096	0.000308	0.006785	-0.000596	0.999977	
14121								0.061255	-0.009025	9.787175	0.999072	-0.042538	-0.006827	0.042542	0.999095	0.000308	0.006808	-0.000598	0.999977	
14122								0.061024	0.008178	9.759349	0.999072	-0.042538	-0.006827	0.042541	0.999095	0.000307	0.006808	-0.000598	0.999977	
14123								0.061022	0.008034	9.759349	0.999071	-0.042551	-0.006819	0.042554	0.999094	0.000323	0.006799	-0.000613	0.999977	
14124								0.062724	-0.010880	9.801700	0.999071	-0.042546	-0.006825	0.042549	0.999094	0.000325	0.006805	-0.000615	0.999977	
14125								0.076850	0.004199	9.772445	0.999071	-0.042558	-0.006816	0.042561	0.999094	0.000340	0.006795	-0.000630	0.999977	
14126								0.057736	-0.005574	9.743593	0.999072	-0.042523	-0.006791	0.042526	0.999095	0.000327	0.006771	-0.000616	0.999977	
14127								0.074211	0.006759	9.743393	0.999070	-0.042581	-0.006784	0.042585	0.999093	0.000341	0.006764	-0.000630	0.999977	
14128								0.062260	0.005766	9.773876	0.999072	-0.042546	-0.006774	0.042550	0.999094	0.000329	0.006754	-0.000617	0.999977	
14129								0.061098	0.007184	9.759349	0.999070	-0.042573	-0.006782	0.042576	0.999093	0.000313	0.006763	-0.000602	0.999977	
14130								0.087966	-0.011290	9.755258	0.999071	-0.042569	-0.006773	0.042572	0.999093	0.000314	0.006754	-0.000602	0.999977	
14131								0.059306	-0.007483	9.758117	0.999069	-0.042593	-0.006812	0.042596	0.999092	0.000316	0.006792	-0.000606	0.999977	
14132								0.059538	-0.007563	9.758116	0.999070	-0.042589	-0.006803	0.042592	0.999093	0.000301	0.006784	-0.000591	0.999977	
14133								0.072742	-0.008192	9.742158	0.999069	-0.042600	-0.006795	0.042603	0.999092	0.000302	0.006776	-0.000591	0.999977	
14134								0.075309	-0.011244	9.771210	0.999068	-0.042627	-0.006802	0.042630	0.999091	0.000317	0.006782	-0.000607	0.999977	
14135								0.075311	-0.011454	9.771210	0.999068	-0.042639	-0.006779	0.042643	0.999090	0.000317	0.006759	-0.000606	0.999977	
14136								0.064232	0.003564	9.788398	0.999067	-0.042649	-0.006786	0.042652	0.999090	0.000287	0.006768	-0.000576	0.999977	
14137								0.057150	-0.005273	9.729062	0.999068	-0.042632	-0.006761	0.042635	0.999091	0.000304	0.006742	-0.000592	0.999977	
14138								0.059623	-0.008405	9.758115	0.999068	-0.042628	-0.006766	0.042631	0.999091	0.000321	0.006747	-0.000609	0.999977	
14139								0.073354	-0.026403	9.769977	0.999068	-0.042638	-0.006774	0.042641	0.999090	0.000306	0.006755	-0.000595	0.999977	
14140								0.057367	-0.005714	9.729061	0.999068	-0.042634	-0.006765	0.042637	0.999091	0.000292	0.006747	-0.000580	0.999977	
14141								0.061182	-0.010045	9.772639	0.999067	-0.042645	-0.006772	0.042648	0.999090	0.000293	0.006753	-0.000581	0.999977	
14142								0.077969	0.002409	9.772436	0.999067	-0.042654	-0.006795	0.042657	0.999090	0.000263	0.006778	-0.000553	0.999977	
14143								0.060263	-0.008625	9.758111	0.999066	-0.042666	-0.006771	0.042668	0.999089	0.000263	0.006754	-0.000552	0.999977	
14144								0.073381	-0.009399	9.742153	0.999067	-0.042663	-0.006762	0.042666	0.999089	0.000280	0.006744	-0.000568	0.999977	
14145								0.060265	-0.008834	9.758110	0.999067	-0.042657	-0.006770	0.042660	0.999090	0.000236	0.006753	-0.000524	0.999977	
14146								0.061601	-0.010177	9.772636	0.999066	-0.042668	-0.006761	0.042671	0.999089	0.000236	0.006745	-0.000524	0.999977	
14147								0.060357	-0.008826	9.758110	0.999066	-0.042668	-0.006761	0.042671	0.999089	0.000236	0.006745	-0.000524	0.999977	
14148								0.076113	-0.012384	9.771203	0.999067	-0.042665	-0.006767	0.042667	0.999089	0.000253	0.006750	-0.000541	0.999977	
14149								0.078213	0.001842	9.772434	0.999067	-0.042662	-0.006743	0.042664	0.999089	0.000254	0.006726	-0.000541	0.999977	
14150								0.074951	-0.011173	9.756676	0.999065	-0.042701	-0.006767	0.042703	0.999088	0.000223	0.006751	-0.000512	0.999977	
14151								0.078385	0.001706	9.772433	0.999066	-0.042684	-0.006741	0.042687	0.999088	0.000255	0.006724	-0.000543	0.999977	
14152								0.046996	0.008231	9.746247	0.999065	-0.042695	-0.006748	0.042698	0.999088	0.000256	0.006731	-0.000544	0.999977	
14153								0.060714	-0.009849	9.758107	0.999066	-0.042677	-0.006754	0.042680	0.999089	0.000274	0.006736	-0.000562	0.999977	
14154								0.064137	0.002949	9.773865	0.999066	-0.042688	-0.006745	0.042691	0.999088	0.000274	0.006727	-0.000562	0.999977	
14155								0.073190	-0.026646	9.755438	0.999065	-0.042699	-0.006752	0.042701	0.999088	0.000275	0.006734	-0.000563	0.999977	
14156								0.064059	0.019937	9.746045	0.999065	-0.042693	-0.006773	0.042696	0.999088	0.000277	0.006755	-0.000566	0.999977	
14157								0.061233	-0.010451	9.758103	0.999066	-0.042689	-0.006765	0.042692	0.999088	0.000263	0.006747	-0.000552	0.999977	
14158								0.062412	-0.011863	9.772629	0.999066	-0.042686	-0.006741	0.042688	0.999088	0.000249	0.006724	-0.000536	0.999977	
14159								0.061247	-0.010440	9.758103	0.999066	-0.042680	-0.006763	0.042683	0.999089	0.000236	0.006747	-0.000524	0.999977	
14160								0.063886	-0.013441	9.787153	0.999066	-0.042678	-0.006754	0.042680	0.999089	0.000252	0.006737	-0.000540	0.999977	
14161								0.091216	0.001147	9.741940	0.999066	-0.042688	-0.006761	0.042691	0.999088	0.000237	0.006745	-0.000526	0.999977	
14162								0.049210	0.005544	9.760769	0.999066	-0.042670	-0.006751	0.042673	0.999089	0.000255	0.006734	-0.000542	0.999977	
14163								0.062699	-0.012527	9.772626	0.999067	-0.042667	-0.006727	0.042670	0.999089	0.000255	0.006710	-0.000542	0.999977	
14164								0.060206	-0.009819	9.743575	0.999066	-0.042678	-0.006734	0.042681	0.999089	0.000256	0.006717	-0.000543	0.999977	
14165								0.078157	0.001057	9.757899	0.999066	-0.042674	-0.006740	0.042677	0.999089	0.000257	0.006723	-0.000545	0.999977	
14166								0.061742	-0.011623	9.758098	0.999066	-0.042671	-0.006746	0.042673	0.999089	0.000274	0.006728	-0.000562	0.999977	
14167								0.061731	-0.011843	9.758098	0.999067	-0.042653	-0.006721	0.042655	0.999090	0.000275	0.006703	-0.000561	0.999977	
14168								0.078145	0.000624	9.757900	0.999067	-0.042664	-0.006699	0.042666	0.999089	0.000245	0.006682	-0.000530	0.999978	
14169								0.048009	0.005886	9.746244	0.999068	-0.042630	-0.006702	0.042633	0.999091	0.000278	0.006684	-0.000563	0.999978	
14170								0.063903	0.002159	9.759333	0.999068	-0.042640	-0.006725	0.042643	0.999090	0.000279	0.006707	-0.000566	0.999977	
14171								0.061938	-0.012435	9.758096	0.999068	-0.042637	-0.006715	0.042640	0.999090	0.000280	0.006697	-0.000567	0.999977	
14172								0.065385	0.000584	9.773857	0.999068	-0.042647	-0.006723	0.042649	0.999090	0.000251	0.006706	-0.000537	0.999977	
14173								0.064237	0.002164	9.759331	0.999067	-0.042657	-0.006716	0.042660	0.999090	0.000221	0.006701	-0.000507	0.999977	
14174								0.060953	-0.010923	9.743569	0.999067	-0.042654	-0.006722	0.042656	0.999090	0.000238	0.006706	-0.000524	0.999977	
14175								0.064247	0.001960	9.759331	0.999066	-0.042680	-0.006684	0.042683	0.999089	0.000222	0.006668	-0.000507	0.999978	
14176								0.062848	0.003254	9.744807	0.999068	-0.042647	-0.006673	0.042650	0.999090	0.000239	0.006657	-0.000524	0.999978	
14177								0.047680	-0.010777	9.759530	0.999067	-0.042657	-0.006696	0.042660	0.999090	0.000225	0.006680	-0.000511	0.999978	
14178								0.074595	-0.029286	9.755420	0.999068	-0.042638	-0.006686	0.042640	0.999090	0.000227	0.006670	-0.000512	0.999978	
14179								0.078041	-0.016271	9.771182	0.999068	-0.042648	-0.006694	0.042650	0.999090	0.000197	0.006679	-0.000483	0.999978	
14180								0.063694	-0.014197	9.772618	0.999067	-0.042659	-0.006686	0.042661	0.999090	0.000182	0.006672	-0.000468	0.999978	
14181								0.062457	-0.012762	9.758092	0.999068	-0.042654	-0.006678	0.042656	0.999090	0.000169	0.006664	-0.000453	0.999978	
14182								0.078939	-0.000454	9.757893	0.999068	-0.042652	-0.006653	0.042654	0.999090	0.000185	0.006639	-0.000468	0.999978	
14183								0.046762	-0.009626	9.745003	0.999068	-0.042646	-0.006675	0.042648	0.999090	0.000172	0.006661	-0.000456	0.999978	
14184								0.064957	0.001448	9.759327	0.999067	-0.042655	-0.006713	0.042657	0.999090	0.000143	0.006701	-0.000429	0.999977	
14185								0.063943	0.002939	9.744800	0.999067	-0.042654	-0.006713	0.042656	0.999090	0.000143	0.006701	-0.000429	0.999977	
14186								0.052155	0.002003	9.775287	0.999066	-0.042680	-0.006736	0.042682	0.999089	0.000144	0.006724	-0.000431	0.999977	
14187								0.065811	-0.015928	9.787137	0.999066	-0.042692	-0.006713	0.042693	0.999088	0.000128	0.006701	-0.000415	0.999977	
14188								0.064269	0.002727	9.744798	0.999065	-0.042702	-0.006735	0.042704	0.999088	0.000130	0.006723	-0.000417	0.999977	
14189								0.051301	0.003140	9.760760	0.999065	-0.042698	-0.006741	0.042699	0.999088	0.000131	0.006729	-0.000419	0.999977	
14190								0.048081	-0.009952	9.744996	0.999065	-0.042693	-0.006748	0.042695	0.999088	0.000117	0.006737	-0.000405	0.999977	
14191								0.078292	-0.015376	9.756644	0.999066	-0.042689	-0.006739	0.042690	0.999088	0.000103	0.006729	-0.000391	0.999977	
14192								0.063942	-0.013301	9.758082	0.999065	-0.042699	-0.006747	0.042700	0.999088	0.000073	0.006738	-0.000361	0.999977	
14193								0.066213	0.000989	9.759318	0.999065	-0.042696	-0.006753	0.042698	0.999088	0.000105	0.006742	-0.000394	0.999977	
14194								0.067598	-0.000742	9.773842	0.999067	-0.042634	-0.006898	0.042637	0.999091	0.000245	0.006881	-0.000539	0.999976	
14195								0.062175	-0.028344	9.756841	0.999067	-0.042631	-0.006889	0.042634	0.999091	0.000246	0.006872	-0.000540	0.999976	
14196								0.050809	0.003823	9.746231	0.999066	-0.042653	-0.006897	0.042656	0.999090	0.000247	0.006880	-0.000541	0.999976	
14197								0.082272	-0.003104	9.772401	0.999066	-0.042649	-0.006888	0.042651	0.999090	0.000233	0.006872	-0.000526	0.999976	
14198								0.048999	-0.010697	9.744991	0.999067	-0.042640	-0.006925	0.042642	0.999090	0.000221	0.006910	-0.000516	0.999976	
14199								0.079283	-0.016203	9.756634	0.999066	-0.042652	-0.006902	0.042654	0.999090	0.000220	0.006886	-0.000515	0.999976	
14200								0.067123	0.000232	9.759312	0.999067	-0.042627	-0.006939	0.042630	0.999091	0.000194	0.006924	-0.000489	0.999976	
14201								0.067736	-0.017004	9.787122	0.999067	-0.042638	-0.006931	0.042640	0.999090	0.000179	0.006917	-0.000474	0.999976	
14202								0.050869	-0.012290	9.759512	0.999067	-0.042637	-0.006937	0.042639	0.999091	0.000196	0.006922	-0.000492	0.999976	
14203								0.067498	-0.000145	9.759309	0.999066	-0.042653	-0.006929	0.042656	0.999090	0.000212	0.006913	-0.000507	0.999976	
14204								0.070003	-0.003215	9.788359	0.999065	-0.042677	-0.006921	0.042679	0.999089	0.000212	0.006906	-0.000507	0.999976	
14205								0.053066	0.001510	9.760750	0.999065	-0.042675	-0.006913	0.042677	0.999089	0.000213	0.006897	-0.000508	0.999976	
14206								0.067506	-0.000633	9.759309	0.999065	-0.042686	-0.006904	0.042689	0.999088	0.000214	0.006889	-0.000508	0.999976	
14207								0.067519	-0.000694	9.759309	0.999064	-0.042711	-0.006897	0.042713	0.999087	0.000198	0.006883	-0.000493	0.999976	
14208								0.066496	0.000655	9.744783	0.999064	-0.042691	-0.006934	0.042693	0.999088	0.000202	0.006919	-0.000498	0.999976	
14209								0.082476	-0.003019	9.757864	0.999064	-0.042703	-0.006941	0.042706	0.999088	0.000218	0.006925	-0.000514	0.999976	
14210								0.051538	-0.013743	9.759507	0.999063	-0.042715	-0.006933	0.042717	0.999087	0.000234	0.006916	-0.000530	0.999976	
14211								0.065593	0.001340	9.730256	0.999064	-0.042693	-0.006923	0.042696	0.999088	0.000236	0.006907	-0.000532	0.999976	
14212								0.066035	-0.016188	9.758064	0.999064	-0.042706	-0.006930	0.042709	0.999088	0.000253	0.006913	-0.000549	0.999976	
14213								0.068159	-0.001963	9.759305	0.999064	-0.042703	-0.006906	0.042706	0.999088	0.000254	0.006889	-0.000548	0.999976	
14214								0.052477	0.001412	9.746223	0.999063	-0.042725	-0.006914	0.042728	0.999087	0.000239	0.006898	-0.000534	0.999976	
14215								0.067445	-0.017976	9.772586	0.999064	-0.042706	-0.006920	0.042709	0.999088	0.000241	0.006903	-0.000537	0.999976	
14216								0.066984	-0.000884	9.744780	0.999064	-0.042702	-0.006880	0.042705	0.999088	0.000257	0.006863	-0.000551	0.999976	
14217								0.070670	-0.005319	9.788353	0.999063	-0.042725	-0.006888	0.042727	0.999087	0.000243	0.006871	-0.000537	0.999976	
14218								0.066128	-0.016882	9.758062	0.999063	-0.042733	-0.006880	0.042736	0.999086	0.000228	0.006864	-0.000522	0.999976	
14219								0.068261	-0.002512	9.759304	0.999064	-0.042716	-0.006870	0.042719	0.999087	0.000230	0.006854	-0.000523	0.999976	
14220								0.067006	-0.001220	9.744780	0.999063	-0.042730	-0.006862	0.042733	0.999087	0.000231	0.006846	-0.000524	0.999976	
14221								0.068257	-0.002867	9.759304	0.999063	-0.042741	-0.006854	0.042744	0.999086	0.000247	0.006837	-0.000539	0.999976	
14222								0.055080	-0.002358	9.775271	0.999062	-0.042755	-0.006847	0.042757	0.999085	0.000217	0.006831	-0.000509	0.999977	
14223								0.067458	-0.018953	9.772584	0.999063	-0.042740	-0.006852	0.042742	0.999086	0.000249	0.006835	-0.000542	0.999976	
14224								0.068401	-0.003305	9.759303	0.999063	-0.042737	-0.006843	0.042740	0.999086	0.000235	0.006827	-0.000528	0.999977	
14225								0.068481	-0.003377	9.759302	0.999062	-0.042748	-0.006851	0.042751	0.999086	0.000236	0.006834	-0.000529	0.999977	
14226								0.080862	-0.019898	9.756615	0.999062	-0.042748	-0.006851	0.042750	0.999086	0.000236	0.006834	-0.000529	0.999977	
14227								0.055371	-0.002878	9.775269	0.999062	-0.042750	-0.006851	0.042752	0.999086	0.000236	0.006834	-0.000529	0.999977	
14228								0.048603	-0.028953	9.743734	0.999062	-0.042761	-0.006843	0.042764	0.999085	0.000237	0.006826	-0.000530	0.999977	
14229								0.069807	-0.005171	9.773825	0.999062	-0.042760	-0.006833	0.042763	0.999085	0.000254	0.006816	-0.000546	0.999977	
14230								0.068467	-0.004021	9.759302	0.999062	-0.042760	-0.006809	0.042762	0.999085	0.000270	0.006792	-0.000561	0.999977	
14231								0.054035	-0.002078	9.760745	0.999062	-0.042772	-0.006818	0.042775	0.999085	0.000240	0.006801	-0.000531	0.999977	
14232								0.067236	-0.002640	9.744778	0.999061	-0.042783	-0.006794	0.042786	0.999084	0.000240	0.006777	-0.000531	0.999977	
14233								0.069666	-0.005649	9.773826	0.999061	-0.042781	-0.006785	0.042784	0.999084	0.000241	0.006769	-0.000531	0.999977	
14234								0.066349	-0.018871	9.758057	0.999061	-0.042793	-0.006792	0.042796	0.999084	0.000258	0.006775	-0.000548	0.999977	
14235								0.080558	-0.003796	9.728809	0.999062	-0.042771	-0.006797	0.042774	0.999085	0.000260	0.006780	-0.000551	0.999977	
14236								0.068844	-0.004820	9.759299	0.999061	-0.042779	-0.006820	0.042782	0.999084	0.000262	0.006802	-0.000554	0.999977	
14237								0.066935	-0.019413	9.758052	0.999061	-0.042789	-0.006827	0.042792	0.999084	0.000263	0.006809	-0.000555	0.999977	
14238								0.038058	-0.015461	9.760940	0.999062	-0.042755	-0.006801	0.042758	0.999085	0.000250	0.006785	-0.000541	0.999977	
