// Start Time: Unknown: 
// Update Rate: 60.0Hz 
// Filter Profile: human (46.1) 
// Firmware Version: 4.6.0
PacketCounter	SampleTimeFine	Year	Month	Day	Second	UTC_Nano	UTC_Year	UTC_Month	UTC_Day	UTC_Hour	UTC_Minute	UTC_Second	UTC_Valid	Acc_X	Acc_Y	Acc_Z	Mat[1][1]	Mat[2][1]	Mat[3][1]	Mat[1][2]	Mat[2][2]	Mat[3][2]	Mat[1][3]	Mat[2][3]	Mat[3][3] 
3598														-0.124197	0.003545	9.786615	-0.797053	0.603824	-0.010102	-0.603788	-0.797117	-0.006695	-0.012094	0.000763	0.999927	
3599														-0.109371	0.003971	9.757445	-0.797062	0.603814	-0.010090	-0.603777	-0.797125	-0.006688	-0.012082	0.000762	0.999927	
3600														-0.094757	0.004787	9.742918	-0.797052	0.603827	-0.010113	-0.603790	-0.797115	-0.006689	-0.012100	0.000775	0.999926	
3601														-0.124365	0.004321	9.771966	-0.797060	0.603816	-0.010099	-0.603780	-0.797123	-0.006661	-0.012072	0.000788	0.999927	
3602														-0.109954	0.005923	9.786729	-0.797059	0.603816	-0.010131	-0.603780	-0.797123	-0.006650	-0.012090	0.000817	0.999927	
3603														-0.125291	0.019823	9.771639	-0.797058	0.603818	-0.010098	-0.603782	-0.797122	-0.006645	-0.012062	0.000800	0.999927	
3604														-0.110599	0.020494	9.757113	-0.797067	0.603807	-0.010111	-0.603770	-0.797130	-0.006658	-0.012080	0.000798	0.999927	
3605														-0.124665	0.005629	9.771962	-0.797066	0.603808	-0.010078	-0.603772	-0.797129	-0.006654	-0.012051	0.000782	0.999927	
3606														-0.110534	0.020608	9.742467	-0.797065	0.603810	-0.010079	-0.603773	-0.797128	-0.006657	-0.012054	0.000780	0.999927	
3607														-0.125163	0.006772	9.801247	-0.797055	0.603823	-0.010092	-0.603787	-0.797118	-0.006670	-0.012072	0.000777	0.999927	
3608														-0.109360	-0.007991	9.743116	-0.797063	0.603812	-0.010090	-0.603776	-0.797126	-0.006651	-0.012059	0.000791	0.999927	
3609														-0.110617	0.008360	9.801366	-0.797052	0.603826	-0.010077	-0.603790	-0.797116	-0.006624	-0.012032	0.000805	0.999927	
3610														-0.109366	-0.007182	9.743116	-0.797052	0.603827	-0.010090	-0.603791	-0.797115	-0.006636	-0.012050	0.000803	0.999927	
3611														-0.125341	0.007439	9.771952	-0.797050	0.603829	-0.010084	-0.603792	-0.797114	-0.006673	-0.012067	0.000770	0.999927	
3612														-0.110934	0.008359	9.772071	-0.797049	0.603830	-0.010084	-0.603794	-0.797113	-0.006676	-0.012069	0.000768	0.999927	
3613														-0.125848	0.008186	9.786591	-0.797058	0.603819	-0.010085	-0.603782	-0.797121	-0.006679	-0.012072	0.000765	0.999927	
3614														-0.114728	0.005093	9.775780	-0.797052	0.603826	-0.010092	-0.603790	-0.797116	-0.006687	-0.012082	0.000763	0.999927	
3615														-0.103607	0.001999	9.764969	-0.797047	0.603833	-0.010099	-0.603797	-0.797110	-0.006695	-0.012092	0.000761	0.999927	
3616														-0.111175	-0.004466	9.801680	-0.797064	0.603811	-0.010099	-0.603774	-0.797127	-0.006698	-0.012094	0.000759	0.999927	
3617														-0.126448	0.009414	9.786582	-0.797054	0.603824	-0.010086	-0.603788	-0.797117	-0.006670	-0.012067	0.000773	0.999927	
3618														-0.126092	0.008985	9.757295	-0.797053	0.603826	-0.010055	-0.603789	-0.797116	-0.006688	-0.012053	0.000741	0.999927	
3619														-0.110957	-0.003981	9.787037	-0.797052	0.603828	-0.010054	-0.603791	-0.797115	-0.006670	-0.012041	0.000754	0.999927	
3620														-0.097845	0.026173	9.771849	-0.797060	0.603816	-0.010064	-0.603780	-0.797123	-0.006661	-0.012044	0.000768	0.999927	
3621														-0.111757	0.011048	9.772058	-0.797059	0.603818	-0.010044	-0.603782	-0.797122	-0.006666	-0.012031	0.000751	0.999927	
3622														-0.125808	-0.003752	9.786912	-0.797058	0.603819	-0.010054	-0.603783	-0.797121	-0.006657	-0.012034	0.000765	0.999927	
3623														-0.111192	-0.002920	9.772389	-0.797048	0.603833	-0.010055	-0.603796	-0.797111	-0.006660	-0.012037	0.000763	0.999927	
3624														-0.126547	0.010945	9.757287	-0.797056	0.603822	-0.010054	-0.603786	-0.797119	-0.006642	-0.012025	0.000776	0.999927	
3625														-0.141464	0.010836	9.771806	-0.797073	0.603799	-0.010066	-0.603763	-0.797136	-0.006654	-0.012042	0.000774	0.999927	
3626														-0.111856	-0.001578	9.787027	-0.797053	0.603825	-0.010079	-0.603788	-0.797117	-0.006667	-0.012060	0.000772	0.999927	
3627														-0.112735	0.013004	9.772045	-0.797061	0.603814	-0.010080	-0.603778	-0.797125	-0.006670	-0.012063	0.000770	0.999927	
3628														-0.113027	0.013622	9.786687	-0.797060	0.603816	-0.010081	-0.603779	-0.797124	-0.006673	-0.012065	0.000768	0.999927	
3629														-0.113036	0.013656	9.772040	-0.797059	0.603817	-0.010091	-0.603780	-0.797123	-0.006665	-0.012068	0.000780	0.999927	
3630														-0.111372	-0.015479	9.758070	-0.797058	0.603818	-0.010089	-0.603782	-0.797122	-0.006647	-0.012056	0.000794	0.999927	
3631														-0.112251	-0.000417	9.757732	-0.797057	0.603820	-0.010100	-0.603784	-0.797121	-0.006638	-0.012059	0.000807	0.999927	
3632														-0.113343	0.014751	9.772035	-0.797056	0.603821	-0.010082	-0.603785	-0.797120	-0.006664	-0.012060	0.000775	0.999927	
3633														-0.113198	0.014637	9.757391	-0.797064	0.603810	-0.010068	-0.603774	-0.797128	-0.006636	-0.012033	0.000790	0.999927	
3634														-0.128777	0.028739	9.756925	-0.797073	0.603799	-0.010083	-0.603763	-0.797136	-0.006670	-0.012065	0.000772	0.999927	
3635														-0.098283	0.001731	9.772495	-0.797062	0.603813	-0.010082	-0.603777	-0.797126	-0.006652	-0.012053	0.000786	0.999927	
3636														-0.113792	0.015910	9.772028	-0.797071	0.603802	-0.010083	-0.603766	-0.797134	-0.006655	-0.012056	0.000784	0.999927	
3637														-0.112915	0.001245	9.757724	-0.797060	0.603816	-0.010072	-0.603780	-0.797124	-0.006648	-0.012043	0.000782	0.999927	
3638														-0.113348	0.002052	9.787010	-0.797068	0.603805	-0.010066	-0.603769	-0.797132	-0.006685	-0.012060	0.000749	0.999927	
3639														-0.113570	0.001851	9.772362	-0.797077	0.603794	-0.010090	-0.603757	-0.797140	-0.006707	-0.012093	0.000746	0.999927	
3640														-0.128938	0.015688	9.757249	-0.797085	0.603783	-0.010065	-0.603747	-0.797148	-0.006670	-0.012050	0.000760	0.999927	
3641														-0.114460	0.017205	9.772018	-0.797084	0.603785	-0.010077	-0.603748	-0.797147	-0.006682	-0.012068	0.000758	0.999927	
3642														-0.128351	0.001790	9.757588	-0.797092	0.603774	-0.010088	-0.603737	-0.797155	-0.006673	-0.012071	0.000771	0.999927	
3643														-0.114760	0.017856	9.772014	-0.797100	0.603763	-0.010067	-0.603727	-0.797163	-0.006679	-0.012057	0.000754	0.999927	
3644														-0.113195	-0.011247	9.772700	-0.797200	0.603633	-0.009976	-0.603598	-0.797262	-0.006563	-0.011915	0.000790	0.999929	
3645														-0.128639	0.002504	9.757584	-0.797199	0.603634	-0.009986	-0.603599	-0.797261	-0.006554	-0.011918	0.000803	0.999929	
3646														-0.099678	0.005041	9.787125	-0.797211	0.603619	-0.009944	-0.603584	-0.797272	-0.006561	-0.011889	0.000772	0.999929	
3647														-0.114515	0.005112	9.816287	-0.797227	0.603598	-0.009943	-0.603563	-0.797289	-0.006542	-0.011876	0.000786	0.999929	
3648														-0.114528	0.018607	9.757369	-0.797226	0.603601	-0.009877	-0.603566	-0.797286	-0.006530	-0.011816	0.000755	0.999930	
3649														-0.098855	0.004620	9.743197	-0.797247	0.603572	-0.009889	-0.603537	-0.797308	-0.006542	-0.011833	0.000753	0.999930	
3650														-0.113457	-0.009264	9.801990	-0.797232	0.603592	-0.009880	-0.603557	-0.797293	-0.006557	-0.011836	0.000736	0.999930	
3651														-0.113844	0.004561	9.757712	-0.797232	0.603593	-0.009858	-0.603558	-0.797292	-0.006541	-0.011808	0.000735	0.999930	
3652														-0.100338	0.020909	9.786779	-0.797216	0.603614	-0.009849	-0.603579	-0.797277	-0.006557	-0.011810	0.000718	0.999930	
3653														-0.099514	0.006240	9.772481	-0.797226	0.603601	-0.009859	-0.603566	-0.797286	-0.006547	-0.011813	0.000731	0.999930	
3654														-0.113995	0.005509	9.757710	-0.797233	0.603592	-0.009846	-0.603557	-0.797293	-0.006519	-0.011785	0.000745	0.999930	
3655														-0.114755	0.020153	9.742717	-0.797250	0.603569	-0.009858	-0.603534	-0.797310	-0.006531	-0.011802	0.000743	0.999930	
3656														-0.114804	0.007105	9.801637	-0.797239	0.603583	-0.009861	-0.603548	-0.797300	-0.006556	-0.011819	0.000725	0.999930	
3657														-0.113238	-0.009348	9.714121	-0.797239	0.603583	-0.009850	-0.603548	-0.797300	-0.006549	-0.011806	0.000724	0.999930	
3658														-0.129208	0.005674	9.757575	-0.797248	0.603571	-0.009841	-0.603536	-0.797309	-0.006564	-0.011808	0.000707	0.999930	
3659														-0.086909	0.024467	9.816180	-0.797258	0.603558	-0.009852	-0.603523	-0.797319	-0.006555	-0.011811	0.000720	0.999930	
3660														-0.115720	0.021782	9.757348	-0.797248	0.603572	-0.009853	-0.603537	-0.797308	-0.006558	-0.011814	0.000718	0.999930	
3661														-0.099350	-0.006942	9.728887	-0.797269	0.603544	-0.009874	-0.603509	-0.797329	-0.006558	-0.011831	0.000731	0.999930	
3662														-0.114638	-0.006469	9.772688	-0.797268	0.603544	-0.009866	-0.603509	-0.797329	-0.006573	-0.011833	0.000714	0.999930	
3663														-0.102607	0.038377	9.771760	-0.797268	0.603545	-0.009845	-0.603509	-0.797329	-0.006578	-0.011820	0.000697	0.999930	
3664														-0.114704	-0.006531	9.758042	-0.797256	0.603561	-0.009848	-0.603525	-0.797316	-0.006602	-0.011837	0.000680	0.999930	
3665														-0.100456	-0.004556	9.787457	-0.797262	0.603554	-0.009854	-0.603518	-0.797322	-0.006550	-0.011810	0.000725	0.999930	
3666														-0.129334	-0.006569	9.757914	-0.797241	0.603581	-0.009824	-0.603546	-0.797301	-0.006567	-0.011797	0.000693	0.999930	
3667														-0.116914	0.024198	9.786621	-0.797241	0.603581	-0.009829	-0.603545	-0.797301	-0.006613	-0.011828	0.000660	0.999930	
3668														-0.101044	-0.003711	9.802096	-0.797238	0.603586	-0.009830	-0.603550	-0.797298	-0.006616	-0.011831	0.000658	0.999930	
3669														-0.115914	0.008619	9.728394	-0.797246	0.603574	-0.009831	-0.603538	-0.797307	-0.006619	-0.011833	0.000656	0.999930	
3670														-0.117435	0.024562	9.771967	-0.797245	0.603576	-0.009843	-0.603540	-0.797305	-0.006631	-0.011851	0.000654	0.999930	
3671														-0.116339	-0.003200	9.816605	-0.797273	0.603539	-0.009851	-0.603503	-0.797333	-0.006600	-0.011838	0.000683	0.999930	
3672														-0.102106	0.011301	9.772449	-0.797282	0.603528	-0.009792	-0.603491	-0.797342	-0.006653	-0.011823	0.000605	0.999930	
3673														-0.116717	0.010015	9.757674	-0.797281	0.603528	-0.009804	-0.603492	-0.797342	-0.006665	-0.011840	0.000603	0.999930	
3674														-0.117396	0.011418	9.801602	-0.797271	0.603542	-0.009814	-0.603506	-0.797331	-0.006656	-0.011843	0.000616	0.999930	
3675														-0.118101	0.025705	9.771956	-0.797287	0.603521	-0.009815	-0.603484	-0.797347	-0.006659	-0.011845	0.000614	0.999930	
3676														-0.131232	-0.004182	9.772535	-0.797295	0.603511	-0.009818	-0.603474	-0.797355	-0.006683	-0.011862	0.000596	0.999929	
3677														-0.102286	-0.001825	9.787439	-0.797293	0.603512	-0.009816	-0.603476	-0.797353	-0.006664	-0.011849	0.000610	0.999930	
3678														-0.117692	0.011950	9.772306	-0.797292	0.603514	-0.009817	-0.603477	-0.797352	-0.006667	-0.011851	0.000609	0.999930	
3679														-0.117913	0.012366	9.786949	-0.797291	0.603516	-0.009777	-0.603480	-0.797350	-0.006696	-0.011837	0.000562	0.999930	
3680														-0.103055	0.012599	9.757792	-0.797290	0.603517	-0.009778	-0.603480	-0.797350	-0.006699	-0.011839	0.000560	0.999930	
3681														-0.132373	0.010807	9.742883	-0.797271	0.603542	-0.009791	-0.603505	-0.797331	-0.006712	-0.011857	0.000558	0.999930	
3682														-0.102502	-0.001216	9.758147	-0.797262	0.603554	-0.009796	-0.603518	-0.797322	-0.006660	-0.011830	0.000603	0.999930	
3683														-0.118449	0.013751	9.786940	-0.797270	0.603543	-0.009821	-0.603506	-0.797330	-0.006682	-0.011863	0.000600	0.999929	
3684														-0.118445	0.013407	9.757649	-0.797250	0.603569	-0.009832	-0.603532	-0.797311	-0.006673	-0.011866	0.000614	0.999929	
3685														-0.104280	0.014988	9.772421	-0.797239	0.603583	-0.009856	-0.603546	-0.797300	-0.006695	-0.011899	0.000611	0.999929	
3686														-0.119439	0.015187	9.801572	-0.797230	0.603595	-0.009855	-0.603558	-0.797291	-0.006677	-0.011887	0.000625	0.999929	
3687														-0.132882	-0.000999	9.757868	-0.797239	0.603583	-0.009867	-0.603546	-0.797300	-0.006689	-0.011904	0.000623	0.999929	
3688														-0.104801	0.015571	9.757769	-0.797248	0.603572	-0.009870	-0.603535	-0.797308	-0.006713	-0.011921	0.000606	0.999929	
3689														-0.117831	-0.014323	9.758359	-0.797229	0.603597	-0.009859	-0.603560	-0.797290	-0.006706	-0.011909	0.000604	0.999929	
3690														-0.118940	0.001374	9.787284	-0.797236	0.603587	-0.009846	-0.603550	-0.797297	-0.006678	-0.011881	0.000619	0.999929	
3691														-0.119733	0.016002	9.772276	-0.797237	0.603586	-0.009858	-0.603549	-0.797298	-0.006690	-0.011898	0.000616	0.999929	
3692														-0.119957	0.016288	9.772272	-0.797245	0.603575	-0.009859	-0.603538	-0.797306	-0.006693	-0.011901	0.000614	0.999929	
3693														-0.120029	0.016503	9.772271	-0.797244	0.603577	-0.009839	-0.603540	-0.797305	-0.006698	-0.011888	0.000598	0.999929	
3694														-0.120104	0.016720	9.772270	-0.797233	0.603591	-0.009840	-0.603554	-0.797294	-0.006701	-0.011890	0.000596	0.999929	
3695														-0.120404	0.017078	9.772265	-0.797251	0.603567	-0.009874	-0.603530	-0.797312	-0.006711	-0.011923	0.000609	0.999929	
3696														-0.120622	0.017214	9.772263	-0.797260	0.603556	-0.009834	-0.603519	-0.797320	-0.006740	-0.011909	0.000561	0.999929	
3697														-0.105117	0.003549	9.772764	-0.797240	0.603582	-0.009823	-0.603545	-0.797300	-0.006733	-0.011896	0.000560	0.999929	
3698														-0.118936	-0.011586	9.772994	-0.797248	0.603571	-0.009833	-0.603534	-0.797309	-0.006724	-0.011899	0.000574	0.999929	
3699														-0.120040	0.003318	9.772625	-0.797239	0.603584	-0.009836	-0.603546	-0.797299	-0.006749	-0.011916	0.000557	0.999929	
3700														-0.105564	0.004344	9.772758	-0.797236	0.603587	-0.009816	-0.603550	-0.797297	-0.006754	-0.011903	0.000540	0.999929	
3701														-0.120183	0.003676	9.772623	-0.797236	0.603588	-0.009805	-0.603551	-0.797296	-0.006747	-0.011890	0.000539	0.999929	
3702														-0.106751	0.019754	9.787032	-0.797245	0.603577	-0.009808	-0.603539	-0.797305	-0.006771	-0.011907	0.000521	0.999929	
3703														-0.106975	0.020041	9.787029	-0.797243	0.603579	-0.009819	-0.603541	-0.797303	-0.006762	-0.011910	0.000535	0.999929	
3704														-0.135904	0.017909	9.757470	-0.797242	0.603581	-0.009796	-0.603543	-0.797302	-0.006746	-0.011882	0.000534	0.999929	
3705														-0.105029	-0.009478	9.758478	-0.797250	0.603570	-0.009791	-0.603532	-0.797310	-0.006803	-0.011913	0.000486	0.999929	
3706														-0.121721	0.018998	9.757600	-0.797240	0.603582	-0.009802	-0.603544	-0.797301	-0.006794	-0.011916	0.000499	0.999929	
3707														-0.121067	0.005180	9.772611	-0.797277	0.603534	-0.009800	-0.603496	-0.797337	-0.006775	-0.011902	0.000513	0.999929	
3708														-0.121142	0.005617	9.772610	-0.797285	0.603523	-0.009810	-0.603486	-0.797345	-0.006765	-0.011905	0.000526	0.999929	
3709														-0.106758	0.007242	9.787389	-0.797275	0.603536	-0.009799	-0.603499	-0.797335	-0.006759	-0.011892	0.000525	0.999929	
3710														-0.106908	0.007532	9.787387	-0.797284	0.603525	-0.009811	-0.603487	-0.797344	-0.006771	-0.011910	0.000523	0.999929	
3711														-0.106885	0.007090	9.758097	-0.797292	0.603513	-0.009824	-0.603476	-0.797353	-0.006783	-0.011927	0.000520	0.999929	
3712														-0.122709	0.021384	9.772228	-0.797281	0.603528	-0.009803	-0.603490	-0.797342	-0.006789	-0.011914	0.000504	0.999929	
3713														-0.121887	0.007058	9.772600	-0.797290	0.603516	-0.009813	-0.603478	-0.797351	-0.006780	-0.011916	0.000517	0.999929	
3714														-0.106357	-0.006731	9.758466	-0.797280	0.603530	-0.009805	-0.603492	-0.797340	-0.006794	-0.011919	0.000500	0.999929	
3715														-0.137195	0.007233	9.801743	-0.797297	0.603507	-0.009798	-0.603469	-0.797357	-0.006830	-0.011935	0.000467	0.999929	
3716														-0.106954	-0.006017	9.773105	-0.797296	0.603508	-0.009819	-0.603470	-0.797357	-0.006809	-0.011938	0.000496	0.999929	
3717														-0.123458	0.022749	9.772216	-0.797295	0.603510	-0.009808	-0.603471	-0.797356	-0.006802	-0.011926	0.000495	0.999929	
3718														-0.093788	0.010894	9.802152	-0.797286	0.603522	-0.009811	-0.603484	-0.797346	-0.006827	-0.011943	0.000478	0.999929	
3719														-0.122620	0.008346	9.757944	-0.797285	0.603523	-0.009807	-0.603485	-0.797345	-0.006787	-0.011916	0.000508	0.999929	
3720														-0.092875	-0.003351	9.787883	-0.797294	0.603512	-0.009810	-0.603474	-0.797354	-0.006811	-0.011933	0.000490	0.999929	
3721														-0.122026	-0.005248	9.772961	-0.797285	0.603524	-0.009797	-0.603486	-0.797345	-0.006783	-0.011905	0.000505	0.999929	
3722														-0.093695	0.011485	9.772863	-0.797292	0.603514	-0.009788	-0.603476	-0.797352	-0.006797	-0.011907	0.000487	0.999929	
3723														-0.109208	0.025034	9.757701	-0.797301	0.603502	-0.009789	-0.603464	-0.797361	-0.006800	-0.011909	0.000485	0.999929	
3724														-0.122080	-0.004820	9.758316	-0.797300	0.603504	-0.009777	-0.603466	-0.797360	-0.006793	-0.011896	0.000484	0.999929	
3725														-0.124140	0.025068	9.772201	-0.797309	0.603493	-0.009778	-0.603455	-0.797368	-0.006796	-0.011898	0.000482	0.999929	
3726														-0.123454	0.010813	9.772577	-0.797308	0.603493	-0.009800	-0.603455	-0.797368	-0.006796	-0.011916	0.000495	0.999929	
3727														-0.109387	0.012757	9.801999	-0.797308	0.603494	-0.009791	-0.603455	-0.797368	-0.006811	-0.011918	0.000478	0.999929	
3728														-0.124231	0.012126	9.801856	-0.797298	0.603507	-0.009814	-0.603468	-0.797358	-0.006812	-0.011936	0.000491	0.999929	
3729														-0.109329	0.011845	9.743421	-0.797306	0.603496	-0.009829	-0.603457	-0.797366	-0.006845	-0.011968	0.000474	0.999928	
3730														-0.109822	0.013251	9.787349	-0.797313	0.603486	-0.009792	-0.603448	-0.797373	-0.006798	-0.011910	0.000489	0.999929	
3731														-0.109345	0.012880	9.758064	-0.797331	0.603463	-0.009793	-0.603424	-0.797391	-0.006800	-0.011912	0.000487	0.999929	
3732														-0.124038	0.012246	9.757922	-0.797321	0.603477	-0.009782	-0.603439	-0.797381	-0.006794	-0.011900	0.000486	0.999929	
3733														-0.123523	-0.001258	9.787589	-0.797329	0.603465	-0.009792	-0.603427	-0.797389	-0.006785	-0.011903	0.000499	0.999929	
3734														-0.094349	0.000584	9.773225	-0.797301	0.603503	-0.009805	-0.603465	-0.797361	-0.006798	-0.011921	0.000497	0.999929	
3735														-0.108950	-0.000428	9.758440	-0.797337	0.603454	-0.009794	-0.603416	-0.797397	-0.006791	-0.011907	0.000495	0.999929	
3736														-0.110421	0.015217	9.787339	-0.797391	0.603383	-0.009817	-0.603344	-0.797452	-0.006812	-0.011939	0.000492	0.999929	
3737														-0.110380	0.014675	9.758050	-0.797400	0.603372	-0.009808	-0.603333	-0.797460	-0.006826	-0.011940	0.000475	0.999929	
3738														-0.095243	0.002110	9.787861	-0.797399	0.603372	-0.009816	-0.603334	-0.797459	-0.006795	-0.011928	0.000504	0.999929	
3739														-0.124632	0.000681	9.787575	-0.797407	0.603362	-0.009829	-0.603324	-0.797467	-0.006808	-0.011946	0.000502	0.999929	
3740														-0.109922	0.001605	9.773073	-0.797415	0.603351	-0.009815	-0.603313	-0.797476	-0.006779	-0.011918	0.000516	0.999929	
3741														-0.126554	0.030184	9.772156	-0.797414	0.603352	-0.009831	-0.603314	-0.797475	-0.006813	-0.011950	0.000498	0.999928	
3742														-0.110774	0.002781	9.802353	-0.797414	0.603353	-0.009833	-0.603315	-0.797474	-0.006837	-0.011967	0.000481	0.999928	
3743														-0.111596	0.016926	9.772678	-0.797431	0.603330	-0.009844	-0.603291	-0.797492	-0.006828	-0.011970	0.000494	0.999928	
3744														-0.095708	0.002865	9.743923	-0.797430	0.603331	-0.009821	-0.603293	-0.797491	-0.006811	-0.011941	0.000493	0.999929	
3745														-0.110605	0.003360	9.787710	-0.797429	0.603333	-0.009786	-0.603295	-0.797489	-0.006785	-0.011898	0.000493	0.999929	
3746														-0.110296	0.003430	9.773069	-0.797410	0.603359	-0.009795	-0.603321	-0.797470	-0.006755	-0.011887	0.000523	0.999929	
3747														-0.110694	0.004247	9.787709	-0.797409	0.603360	-0.009819	-0.603322	-0.797469	-0.006777	-0.011919	0.000520	0.999929	
3748														-0.109956	-0.010465	9.773452	-0.797427	0.603336	-0.009832	-0.603298	-0.797487	-0.006789	-0.011937	0.000518	0.999929	
3749														-0.125659	0.003488	9.772916	-0.797454	0.603300	-0.009820	-0.603262	-0.797514	-0.006782	-0.011923	0.000516	0.999929	
3750														-0.125565	0.003544	9.758273	-0.797471	0.603277	-0.009840	-0.603239	-0.797532	-0.006761	-0.011926	0.000544	0.999929	
3751														-0.097675	0.020945	9.772808	-0.797470	0.603278	-0.009862	-0.603240	-0.797531	-0.006761	-0.011944	0.000558	0.999929	
3752														-0.111480	0.005434	9.758410	-0.797460	0.603291	-0.009884	-0.603253	-0.797521	-0.006761	-0.011962	0.000570	0.999928	
3753														-0.113513	0.034784	9.742976	-0.797441	0.603316	-0.009916	-0.603278	-0.797502	-0.006750	-0.011981	0.000599	0.999928	
3754														-0.098717	0.023028	9.802083	-0.797357	0.603427	-0.009885	-0.603389	-0.797418	-0.006747	-0.011954	0.000584	0.999928	
3755														-0.044412	0.098969	9.756763	-0.797181	0.603660	-0.009875	-0.603622	-0.797242	-0.006744	-0.011944	0.000585	0.999928	
3756														0.107236	0.476857	9.777903	-0.796451	0.604622	-0.009901	-0.604585	-0.796512	-0.006717	-0.011948	0.000637	0.999928	
3757														-0.035855	0.424802	9.792248	-0.795452	0.605935	-0.009929	-0.605899	-0.795514	-0.006673	-0.011942	0.000707	0.999928	
3758														-0.183167	-0.025114	9.758473	-0.794618	0.607029	-0.009871	-0.606993	-0.794679	-0.006657	-0.011885	0.000702	0.999929	
3759														-0.258037	-0.249069	9.778198	-0.794080	0.607732	-0.009894	-0.607695	-0.794142	-0.006722	-0.011943	0.000674	0.999928	
3760														-0.272278	-0.264511	9.778438	-0.794136	0.607660	-0.009875	-0.607623	-0.794197	-0.006748	-0.011943	0.000642	0.999928	
3761														-0.196934	-0.234377	9.771189	-0.794293	0.607455	-0.009862	-0.607418	-0.794354	-0.006737	-0.011927	0.000639	0.999929	
3762														-0.121589	-0.204243	9.763941	-0.794449	0.607251	-0.009850	-0.607214	-0.794510	-0.006727	-0.011911	0.000637	0.999929	
3763														-0.127090	0.008556	9.758250	-0.794467	0.607227	-0.009851	-0.607190	-0.794528	-0.006729	-0.011913	0.000635	0.999929	
3764														-0.141771	0.007799	9.758103	-0.794541	0.607132	-0.009820	-0.607094	-0.794601	-0.006744	-0.011898	0.000603	0.999929	
3765														-0.171371	0.006592	9.787096	-0.794873	0.606697	-0.009779	-0.606659	-0.794933	-0.006787	-0.011892	0.000538	0.999929	
3766														-0.142115	0.008251	9.787388	-0.795326	0.606104	-0.009754	-0.606066	-0.795386	-0.006782	-0.011869	0.000517	0.999929	
3767														-0.110672	-0.019838	9.759192	-0.795853	0.605412	-0.009739	-0.605374	-0.795912	-0.006786	-0.011860	0.000495	0.999930	
3768														-0.124457	-0.035145	9.759444	-0.796323	0.604793	-0.009756	-0.604755	-0.796383	-0.006776	-0.011868	0.000504	0.999929	
3769														-0.184462	-0.023166	9.787743	-0.796756	0.604222	-0.009785	-0.604184	-0.796816	-0.006777	-0.011892	0.000512	0.999929	
3770														-0.276044	0.029198	9.770617	-0.797456	0.603298	-0.009771	-0.603260	-0.797516	-0.006799	-0.011894	0.000473	0.999929	
3771														-0.231092	0.016490	9.742167	-0.798522	0.601886	-0.009773	-0.601848	-0.798582	-0.006810	-0.011904	0.000444	0.999929	
3772														-0.146806	0.067341	9.771127	-0.799834	0.600142	-0.009785	-0.600105	-0.799893	-0.006728	-0.011865	0.000491	0.999929	
3773														-0.131240	0.054085	9.771673	-0.801333	0.598138	-0.009783	-0.598101	-0.801393	-0.006730	-0.011865	0.000458	0.999929	
3774														-0.232081	0.017018	9.771437	-0.802973	0.595934	-0.009843	-0.595895	-0.803034	-0.006819	-0.011968	0.000389	0.999928	
3775														-0.230680	-0.012667	9.772224	-0.804789	0.593479	-0.009882	-0.593440	-0.804849	-0.006831	-0.012007	0.000367	0.999928	
3776														-0.237984	0.074878	9.784443	-0.806687	0.590896	-0.009841	-0.590857	-0.806747	-0.006817	-0.011967	0.000316	0.999928	
3777														-0.182226	0.108199	9.784232	-0.808847	0.587937	-0.009815	-0.587897	-0.808907	-0.006849	-0.011966	0.000230	0.999928	
3778														-0.219203	0.191354	9.722926	-0.811282	0.584571	-0.009908	-0.584531	-0.811342	-0.006817	-0.012024	0.000261	0.999928	
3779														-0.047372	0.061877	9.801816	-0.813979	0.580811	-0.009865	-0.580771	-0.814038	-0.006849	-0.012009	0.000155	0.999928	
3780														-0.006145	0.014315	9.788967	-0.816320	0.577500	-0.009929	-0.577459	-0.816381	-0.006832	-0.012052	0.000156	0.999927	
3781														0.035081	-0.033246	9.776119	-0.818662	0.574189	-0.009992	-0.574148	-0.818723	-0.006815	-0.012094	0.000158	0.999927	
3782														0.153899	-0.182359	9.752380	-0.821032	0.570794	-0.009985	-0.570753	-0.821093	-0.006838	-0.012101	0.000085	0.999927	
3783														-0.099824	0.115525	9.770424	-0.824047	0.566432	-0.010057	-0.566391	-0.824108	-0.006856	-0.012172	0.000046	0.999926	
3784														-0.246723	0.098534	9.754232	-0.826763	0.562458	-0.010185	-0.562416	-0.826826	-0.006863	-0.012281	0.000054	0.999925	
3785														-0.326253	0.133270	9.766841	-0.829607	0.558254	-0.010235	-0.558212	-0.829670	-0.006865	-0.012324	0.000018	0.999924	
3786														-0.324013	-0.014326	9.800065	-0.832776	0.553515	-0.010260	-0.553472	-0.832839	-0.006861	-0.012342	-0.000035	0.999924	
3787														-0.292532	-0.027521	9.771503	-0.835920	0.548757	-0.010190	-0.548714	-0.835982	-0.006880	-0.012294	-0.000160	0.999924	
3788														-0.136864	-0.082201	9.760469	-0.838695	0.544506	-0.010146	-0.544463	-0.838757	-0.006906	-0.012270	-0.000267	0.999925	
3789														-0.204503	0.084179	9.725780	-0.841590	0.540021	-0.010174	-0.539977	-0.841651	-0.006906	-0.012293	-0.000318	0.999924	
3790														-0.239218	0.109167	9.768562	-0.844584	0.535326	-0.010183	-0.535282	-0.844645	-0.006928	-0.012309	-0.000401	0.999924	
3791														-0.304601	0.142502	9.766696	-0.847691	0.530393	-0.010174	-0.530348	-0.847752	-0.006916	-0.012293	-0.000466	0.999924	
3792														-0.272893	0.028100	9.755488	-0.850865	0.525282	-0.010374	-0.525238	-0.850928	-0.006847	-0.012424	-0.000377	0.999923	
3793														-0.108300	-0.077714	9.790058	-0.854074	0.520048	-0.010386	-0.520003	-0.854137	-0.006903	-0.012461	-0.000494	0.999922	
3794														-0.035034	-0.243637	9.795530	-0.857267	0.514767	-0.010452	-0.514721	-0.857330	-0.006884	-0.012504	-0.000521	0.999922	
3795														-0.171069	-0.060322	9.773940	-0.860568	0.509227	-0.010475	-0.509180	-0.860632	-0.006944	-0.012551	-0.000642	0.999921	
3796														0.040544	0.006600	9.731560	-0.863998	0.503388	-0.010409	-0.503341	-0.864060	-0.006937	-0.012486	-0.000754	0.999922	
3797														-0.235709	0.044548	9.770122	-0.867510	0.497309	-0.010475	-0.497262	-0.867573	-0.006872	-0.012505	-0.000753	0.999922	
3798														-0.121271	0.066906	9.771382	-0.870778	0.491565	-0.010462	-0.491518	-0.870840	-0.006847	-0.012477	-0.000820	0.999922	
3799														-0.317464	0.070935	9.768046	-0.873643	0.486454	-0.010556	-0.486406	-0.873706	-0.006848	-0.012554	-0.000848	0.999921	
3800														-0.043088	-0.096109	9.791539	-0.876841	0.480667	-0.010445	-0.480619	-0.876903	-0.006885	-0.012468	-0.001017	0.999922	
3801														-0.182333	-0.007204	9.786898	-0.880111	0.474651	-0.010553	-0.474603	-0.880173	-0.006868	-0.012549	-0.001036	0.999921	
3802														-0.162342	0.100826	9.755131	-0.883679	0.467975	-0.010516	-0.467926	-0.883741	-0.006910	-0.012527	-0.001185	0.999921	
3803														-0.139199	-0.000308	9.743443	-0.887446	0.460792	-0.010528	-0.460742	-0.887507	-0.006869	-0.012509	-0.001245	0.999921	
3804														-0.204212	0.014442	9.785876	-0.891233	0.453423	-0.010567	-0.453372	-0.891294	-0.006918	-0.012555	-0.001375	0.999920	
3805														-0.052183	0.066445	9.772569	-0.894981	0.445978	-0.010586	-0.445926	-0.895043	-0.006971	-0.012584	-0.001518	0.999920	
3806														-0.035816	0.116059	9.756973	-0.898473	0.438899	-0.010642	-0.438847	-0.898535	-0.006923	-0.012601	-0.001550	0.999919	
3807														0.004825	-0.038869	9.761641	-0.901731	0.432163	-0.010749	-0.432110	-0.901794	-0.006948	-0.012696	-0.001621	0.999918	
3808														0.031497	-0.029016	9.820534	-0.904738	0.425833	-0.010766	-0.425780	-0.904800	-0.006954	-0.012702	-0.001707	0.999918	
3809														-0.009768	-0.042192	9.761480	-0.907397	0.420136	-0.010780	-0.420082	-0.907459	-0.006982	-0.012716	-0.001807	0.999918	
3810														0.081705	0.061556	9.775297	-0.909728	0.415066	-0.010774	-0.415011	-0.909789	-0.007003	-0.012709	-0.001899	0.999917	
3811														0.092485	-0.025931	9.763060	-0.911790	0.410514	-0.010868	-0.410460	-0.911853	-0.006912	-0.012748	-0.001841	0.999917	
3812														-0.138650	0.028274	9.786611	-0.913636	0.406388	-0.010874	-0.406334	-0.913699	-0.006913	-0.012745	-0.001897	0.999917	
3813														-0.107822	-0.070696	9.760340	-0.915346	0.402522	-0.010835	-0.402467	-0.915408	-0.006906	-0.012699	-0.001961	0.999917	
3814														-0.242644	-0.082031	9.787286	-0.917059	0.398604	-0.010840	-0.398548	-0.917121	-0.006945	-0.012710	-0.002049	0.999917	
3815														-0.064953	0.035548	9.773214	-0.918658	0.394903	-0.010928	-0.394849	-0.918721	-0.006858	-0.012748	-0.001985	0.999917	
3816														-0.111162	0.082604	9.756504	-0.920176	0.391352	-0.010955	-0.391297	-0.920239	-0.006842	-0.012759	-0.002009	0.999917	
3817														-0.046713	0.119107	9.742243	-0.921740	0.387651	-0.011020	-0.387596	-0.921804	-0.006848	-0.012813	-0.002041	0.999916	
3818														-0.293751	-0.023378	9.770116	-0.923326	0.383858	-0.011033	-0.383803	-0.923390	-0.006820	-0.012806	-0.002063	0.999916	
3819														-0.191853	-0.143783	9.789772	-0.924933	0.379970	-0.011055	-0.379915	-0.924996	-0.006833	-0.012822	-0.002120	0.999916	
3820														-0.108629	-0.069409	9.789624	-0.926541	0.376032	-0.011046	-0.375977	-0.926604	-0.006808	-0.012795	-0.002155	0.999916	
3821														0.025852	-0.054404	9.777347	-0.927965	0.372502	-0.011068	-0.372446	-0.928029	-0.006860	-0.012827	-0.002243	0.999915	
3822														0.080384	0.011193	9.762228	-0.929194	0.369426	-0.011105	-0.369369	-0.929257	-0.006872	-0.012858	-0.002283	0.999915	
3823														0.053103	-0.044130	9.763047	-0.930134	0.367050	-0.011159	-0.366993	-0.930198	-0.006847	-0.012893	-0.002274	0.999914	
3824														-0.062163	-0.069267	9.761276	-0.930945	0.364990	-0.011110	-0.364933	-0.931008	-0.006853	-0.012845	-0.002325	0.999915	
3825														-0.106460	0.009849	9.802396	-0.931661	0.363158	-0.011150	-0.363101	-0.931725	-0.006807	-0.012861	-0.002294	0.999915	
3826														-0.107167	0.055400	9.757313	-0.932329	0.361439	-0.011185	-0.361382	-0.932393	-0.006832	-0.012898	-0.002327	0.999914	
3827														-0.152530	0.007807	9.757523	-0.932960	0.359807	-0.011161	-0.359749	-0.933024	-0.006839	-0.012874	-0.002365	0.999914	
3828														-0.110519	-0.022922	9.788463	-0.933644	0.358028	-0.011133	-0.357970	-0.933708	-0.006878	-0.012857	-0.002436	0.999914	
3829														0.028269	-0.144712	9.765034	-0.934287	0.356349	-0.011106	-0.356291	-0.934349	-0.006918	-0.012842	-0.002507	0.999914	
3830														-0.019811	-0.099320	9.777579	-0.934750	0.355132	-0.011142	-0.355074	-0.934813	-0.006895	-0.012865	-0.002489	0.999914	
3831														-0.055361	-0.002819	9.759847	-0.935134	0.354117	-0.011170	-0.354060	-0.935198	-0.006833	-0.012866	-0.002435	0.999914	
3832														-0.141503	0.059797	9.771156	-0.935441	0.353305	-0.011179	-0.353247	-0.935505	-0.006869	-0.012885	-0.002476	0.999914	
3833														-0.194867	-0.006587	9.771648	-0.935862	0.352188	-0.011188	-0.352131	-0.935926	-0.006776	-0.012858	-0.002402	0.999914	
3834														-0.179493	-0.047271	9.772983	-0.936369	0.350838	-0.011200	-0.350781	-0.936433	-0.006790	-0.012870	-0.002429	0.999914	
3835														-0.198734	-0.038356	9.787010	-0.936988	0.349182	-0.011191	-0.349125	-0.937052	-0.006771	-0.012851	-0.002437	0.999914	
3836														-0.102494	-0.002561	9.773538	-0.937615	0.347495	-0.011157	-0.347437	-0.937678	-0.006824	-0.012833	-0.002522	0.999914	
3837														-0.128445	-0.058714	9.789015	-0.938239	0.345806	-0.011226	-0.345749	-0.938303	-0.006762	-0.012872	-0.002463	0.999914	
3838														-0.091762	-0.030078	9.745148	-0.938844	0.344161	-0.011173	-0.344103	-0.938907	-0.006788	-0.012827	-0.002528	0.999915	
3839														-0.185498	-0.033105	9.801814	-0.939388	0.342674	-0.011185	-0.342616	-0.939451	-0.006800	-0.012838	-0.002556	0.999914	
3840														-0.157497	-0.023416	9.758222	-0.939908	0.341244	-0.011220	-0.341186	-0.939971	-0.006773	-0.012858	-0.002538	0.999914	
3841														-0.214925	0.002178	9.771010	-0.940436	0.339784	-0.011226	-0.339727	-0.940500	-0.006765	-0.012857	-0.002548	0.999914	
3842														-0.124917	0.053012	9.771729	-0.940900	0.338499	-0.011203	-0.338441	-0.940963	-0.006812	-0.012847	-0.002617	0.999914	
3843														-0.059988	0.047353	9.773294	-0.941430	0.337022	-0.011245	-0.336964	-0.941493	-0.006771	-0.012869	-0.002585	0.999914	
3844														-0.044414	0.007059	9.774642	-0.941988	0.335456	-0.011298	-0.335398	-0.942052	-0.006771	-0.012915	-0.002589	0.999913	
3845														-0.072057	-0.082222	9.776230	-0.942560	0.333846	-0.011277	-0.333788	-0.942624	-0.006744	-0.012881	-0.002593	0.999914	
3846														-0.169131	-0.074594	9.744589	-0.943093	0.332337	-0.011267	-0.332279	-0.943157	-0.006761	-0.012874	-0.002633	0.999914	
3847														-0.249046	-0.073925	9.786762	-0.943701	0.330607	-0.011275	-0.330548	-0.943765	-0.006803	-0.012890	-0.002694	0.999913	
3848														-0.257466	-0.014362	9.785114	-0.944413	0.328567	-0.011284	-0.328508	-0.944477	-0.006773	-0.012883	-0.002689	0.999913	
3849														-0.183925	-0.001035	9.771763	-0.945228	0.326216	-0.011279	-0.326157	-0.945291	-0.006818	-0.012886	-0.002766	0.999913	
3850														-0.228861	0.029590	9.813981	-0.945976	0.324039	-0.011310	-0.323980	-0.946040	-0.006746	-0.012886	-0.002717	0.999913	
3851														-0.164419	-0.009812	9.728455	-0.946704	0.321904	-0.011356	-0.321844	-0.946768	-0.006771	-0.012931	-0.002755	0.999913	
3852														-0.209553	0.020192	9.770667	-0.947448	0.319708	-0.011318	-0.319648	-0.947512	-0.006817	-0.012904	-0.002841	0.999913	
3853														-0.195971	0.025138	9.756190	-0.948271	0.317259	-0.011364	-0.317198	-0.948335	-0.006803	-0.012935	-0.002846	0.999912	
3854														-0.223186	0.013449	9.741200	-0.949176	0.314540	-0.011408	-0.314480	-0.949240	-0.006784	-0.012963	-0.002852	0.999912	
3855														-0.115143	-0.018349	9.788419	-0.950136	0.311626	-0.011452	-0.311566	-0.950201	-0.006728	-0.012978	-0.002825	0.999912	
3856														-0.082393	-0.020154	9.774575	-0.951078	0.308737	-0.011481	-0.308678	-0.951143	-0.006699	-0.012988	-0.002828	0.999912	
3857														-0.199163	-0.007700	9.742267	-0.952022	0.305816	-0.011466	-0.305756	-0.952086	-0.006715	-0.012970	-0.002887	0.999912	
3858														-0.088568	-0.006441	9.788755	-0.952990	0.302787	-0.011430	-0.302727	-0.953054	-0.006735	-0.012933	-0.002959	0.999912	
3859														-0.107441	0.000291	9.758841	-0.953938	0.299783	-0.011491	-0.299722	-0.954003	-0.006740	-0.012983	-0.002986	0.999911	
3860														-0.005287	-0.049807	9.762459	-0.954822	0.296954	-0.011516	-0.296893	-0.954887	-0.006657	-0.012973	-0.002937	0.999912	
3861														-0.154290	-0.003741	9.757861	-0.955657	0.294255	-0.011542	-0.294193	-0.955722	-0.006733	-0.013012	-0.003039	0.999911	
3862														0.033066	-0.063964	9.763728	-0.956408	0.291807	-0.011541	-0.291746	-0.956472	-0.006709	-0.012996	-0.003049	0.999911	
3863														-0.078852	-0.065675	9.775787	-0.957084	0.289581	-0.011560	-0.289519	-0.957148	-0.006751	-0.013019	-0.003114	0.999910	
3864														-0.052369	-0.053237	9.776129	-0.957665	0.287652	-0.011585	-0.287590	-0.957730	-0.006694	-0.013021	-0.003079	0.999910	
3865														-0.255107	-0.032992	9.770822	-0.958171	0.285960	-0.011623	-0.285898	-0.958237	-0.006718	-0.013058	-0.003114	0.999910	
3866														-0.240345	0.038786	9.784101	-0.958777	0.283923	-0.011625	-0.283861	-0.958842	-0.006700	-0.013049	-0.003124	0.999910	
3867														-0.182596	-0.015994	9.757492	-0.959426	0.281719	-0.011661	-0.281657	-0.959492	-0.006681	-0.013070	-0.003125	0.999910	
3868														-0.053263	-0.051978	9.776130	-0.960080	0.279482	-0.011679	-0.279420	-0.960145	-0.006722	-0.013093	-0.003190	0.999909	
3869														-0.125826	-0.036126	9.803320	-0.960767	0.277109	-0.011701	-0.277047	-0.960833	-0.006659	-0.013088	-0.003156	0.999909	
3870														-0.012915	-0.033225	9.747367	-0.961406	0.274884	-0.011673	-0.274822	-0.961472	-0.006691	-0.013062	-0.003225	0.999909	
3871														-0.079140	-0.031347	9.775022	-0.962015	0.272747	-0.011679	-0.272684	-0.962080	-0.006727	-0.013071	-0.003287	0.999909	
3872														-0.092091	-0.004685	9.774080	-0.962614	0.270623	-0.011730	-0.270560	-0.962680	-0.006682	-0.013100	-0.003259	0.999909	
3873														-0.059793	-0.004953	9.774891	-0.963209	0.268497	-0.011750	-0.268433	-0.963275	-0.006725	-0.013124	-0.003323	0.999908	
3874														-0.151784	-0.016903	9.772916	-0.963850	0.266188	-0.011730	-0.266125	-0.963915	-0.006709	-0.013092	-0.003345	0.999909	
3875														-0.145786	-0.062864	9.788802	-0.964556	0.263621	-0.011664	-0.263557	-0.964620	-0.006769	-0.013036	-0.003455	0.999909	
3876														-0.092274	-0.071353	9.746338	-0.965299	0.260884	-0.011700	-0.260819	-0.965364	-0.006796	-0.013068	-0.003509	0.999908	
3877														-0.125684	-0.004989	9.773256	-0.966015	0.258219	-0.011724	-0.258154	-0.966080	-0.006783	-0.013078	-0.003526	0.999908	
3878														-0.191487	0.060829	9.770067	-0.966744	0.255476	-0.011776	-0.255411	-0.966809	-0.006749	-0.013109	-0.003516	0.999908	
3879														-0.283632	0.014942	9.768850	-0.967532	0.252472	-0.011791	-0.252407	-0.967598	-0.006709	-0.013103	-0.003515	0.999908	
3880														-0.277239	0.034034	9.753895	-0.968347	0.249327	-0.011846	-0.249262	-0.968413	-0.006689	-0.013139	-0.003524	0.999907	
3881														-0.283063	-0.052069	9.741111	-0.969102	0.246377	-0.011812	-0.246311	-0.969167	-0.006710	-0.013102	-0.003594	0.999908	
3882														-0.133988	0.041528	9.757336	-0.969977	0.242904	-0.011900	-0.242839	-0.970044	-0.006617	-0.013151	-0.003529	0.999907	
3883														-0.161510	0.028879	9.786259	-0.970826	0.239488	-0.011930	-0.239422	-0.970893	-0.006667	-0.013180	-0.003616	0.999907	
3884														-0.087981	-0.049226	9.760671	-0.971729	0.235792	-0.012001	-0.235726	-0.971797	-0.006631	-0.013226	-0.003615	0.999906	
3885														-0.110250	0.055131	9.772300	-0.972628	0.232062	-0.011906	-0.231996	-0.972694	-0.006715	-0.013139	-0.003769	0.999907	
3886														-0.169714	0.072705	9.770345	-0.973501	0.228372	-0.011922	-0.228306	-0.973567	-0.006684	-0.013134	-0.003785	0.999907	
3887														-0.265249	-0.029143	9.755575	-0.974424	0.224400	-0.011977	-0.224333	-0.974490	-0.006705	-0.013176	-0.003847	0.999906	
3888														-0.180639	-0.033268	9.772515	-0.975573	0.219347	-0.011988	-0.219279	-0.975639	-0.006708	-0.013167	-0.003915	0.999906	
3889														-0.297348	-0.065312	9.770157	-0.976853	0.213576	-0.011979	-0.213508	-0.976918	-0.006761	-0.013147	-0.004047	0.999905	
3890														-0.341944	-0.108020	9.799210	-0.978217	0.207238	-0.012008	-0.207168	-0.978282	-0.006791	-0.013154	-0.004156	0.999905	
3891														-0.174677	-0.135349	9.745587	-0.979608	0.200560	-0.011999	-0.200490	-0.979672	-0.006816	-0.013123	-0.004272	0.999905	
