// Start Time: Unknown: 
// Update Rate: 60.0Hz 
// Filter Profile: human (46.1) 
// Firmware Version: 4.6.0
// Option Flags: AHS Disabled ICC Disabled 
PacketCounter	SampleTimeFine	Year	Month	Day	Second	UTC_Nano	UTC_Year	UTC_Month	UTC_Day	UTC_Hour	UTC_Minute	UTC_Second	UTC_Valid	Acc_X	Acc_Y	Acc_Z	Mat[1][1]	Mat[2][1]	Mat[3][1]	Mat[1][2]	Mat[2][2]	Mat[3][2]	Mat[1][3]	Mat[2][3]	Mat[3][3] 
13512								2021	08	20	14	51	26.057	9.337127	-0.790727	-2.676453	0.104624	0.987938	0.114155	0.271720	-0.138814	0.952312	0.956672	-0.068617	-0.282966	
13513								2021	08	20	14	51	26.074	9.410040	-0.794511	-2.680609	0.104609	0.987912	0.114396	0.272348	-0.139087	0.952093	0.956495	-0.068442	-0.283606	
13514								2021	08	20	14	51	26.09	9.402782	-0.755627	-2.709361	0.104589	0.987897	0.114547	0.272920	-0.139267	0.951903	0.956335	-0.068297	-0.284182	
13515								2021	08	20	14	51	26.107	9.405368	-0.720561	-2.804264	0.104592	0.987811	0.115278	0.273505	-0.140015	0.951625	0.956167	-0.068003	-0.284816	
13516								2021	08	20	14	51	26.124	9.405052	-0.745975	-2.828153	0.104652	0.987693	0.116232	0.274157	-0.140997	0.951293	0.955974	-0.067689	-0.285539	
13517								2021	08	20	14	51	26.14	9.332953	-0.748575	-2.796409	0.104627	0.987667	0.116479	0.274847	-0.141276	0.951052	0.955779	-0.067491	-0.286238	
13518								2021	08	20	14	51	26.157	9.271997	-0.710273	-2.756011	0.104633	0.987659	0.116544	0.275608	-0.141394	0.950814	0.955559	-0.067366	-0.287001	
13519								2021	08	20	14	51	26.174	9.260715	-0.756415	-2.752348	0.104628	0.987731	0.115937	0.276483	-0.140870	0.950638	0.955306	-0.067408	-0.287830	
13520								2021	08	20	14	51	26.19	9.344740	-0.763724	-2.793004	0.104791	0.987764	0.115504	0.277420	-0.140567	0.950410	0.955017	-0.067552	-0.288756	
13521								2021	08	20	14	51	26.207	9.327162	-0.716152	-2.744905	0.104739	0.987894	0.114438	0.278277	-0.139588	0.950304	0.954773	-0.067688	-0.289529	
13522								2021	08	20	14	51	26.224	9.388791	-0.675282	-2.814939	0.104856	0.987927	0.114039	0.279298	-0.139310	0.950045	0.954462	-0.067767	-0.290534	
13523								2021	08	20	14	51	26.24	9.441438	-0.613795	-2.794331	0.104751	0.987990	0.113592	0.280261	-0.138918	0.949819	0.954191	-0.067659	-0.291447	
13524								2021	08	20	14	51	26.257	9.467162	-0.573872	-2.775074	0.104407	0.988116	0.112809	0.281105	-0.138124	0.949685	0.953981	-0.067442	-0.292186	
13525								2021	08	20	14	51	26.274	9.401802	-0.598374	-2.695553	0.103951	0.988306	0.111563	0.281928	-0.136851	0.949625	0.953787	-0.067262	-0.292857	
13526								2021	08	20	14	51	26.29	9.330286	-0.601252	-2.662436	0.103614	0.988428	0.110786	0.282567	-0.136049	0.949551	0.953635	-0.067082	-0.293394	
13527								2021	08	20	14	51	26.307	9.275881	-0.512434	-2.654550	0.103622	0.988487	0.110258	0.283782	-0.135630	0.949248	0.953274	-0.067073	-0.294569	
13528								2021	08	20	14	51	26.324	9.228431	-0.489154	-2.786608	0.103860	0.988608	0.108939	0.285632	-0.134565	0.948845	0.952695	-0.067430	-0.296354	
13529								2021	08	20	14	51	26.34	9.180720	-0.635093	-2.938314	0.104036	0.988768	0.107309	0.287341	-0.133175	0.948525	0.952162	-0.067847	-0.297968	
13530								2021	08	20	14	51	26.357	9.212820	-0.780078	-3.023515	0.103910	0.989045	0.104845	0.289248	-0.130910	0.948261	0.951598	-0.068208	-0.299682	
13531								2021	08	20	14	51	26.374	9.375218	-0.896255	-2.957661	0.103731	0.989295	0.102646	0.291062	-0.128878	0.947984	0.951064	-0.068459	-0.301315	
13532								2021	08	20	14	51	26.39	9.442981	-0.891535	-2.838361	0.103502	0.989474	0.101138	0.292169	-0.127444	0.947837	0.950750	-0.068554	-0.302284	
13533								2021	08	20	14	51	26.407	9.456496	-0.823951	-2.767272	0.103243	0.989630	0.099863	0.292724	-0.126184	0.947835	0.950607	-0.068625	-0.302716	
13534								2021	08	20	14	51	26.424	9.399056	-0.608881	-2.803923	0.102882	0.989876	0.097784	0.293839	-0.124163	0.947756	0.950302	-0.068774	-0.303638	
13535								2021	08	20	14	51	26.44	9.434395	-0.356425	-2.892413	0.102724	0.990180	0.094821	0.295468	-0.121397	0.947608	0.949814	-0.069325	-0.305037	
13536								2021	08	20	14	51	26.457	9.457045	-0.202029	-2.906980	0.102872	0.990502	0.091228	0.296951	-0.118113	0.947560	0.949335	-0.070388	-0.306281	
13537								2021	08	20	14	51	26.474	9.321292	-0.199965	-2.750726	0.103709	0.990707	0.088002	0.298265	-0.115386	0.947483	0.948832	-0.072014	-0.307460	
13538								2021	08	20	14	51	26.49	9.227548	-0.219548	-2.636711	0.105043	0.990770	0.085673	0.299767	-0.113688	0.947214	0.948212	-0.073817	-0.308942	
13539								2021	08	20	14	51	26.507	9.180582	-0.304459	-2.693306	0.106367	0.990803	0.083644	0.301314	-0.112284	0.946891	0.947574	-0.075515	-0.310486	
13540								2021	08	20	14	51	26.524	9.185820	-0.432854	-2.721101	0.107525	0.990825	0.081875	0.302423	-0.111047	0.946683	0.947090	-0.077031	-0.311589	
13541								2021	08	20	14	51	26.54	9.271600	-0.487016	-2.761575	0.108794	0.990778	0.080762	0.303118	-0.110440	0.946532	0.946722	-0.078497	-0.312338	
13542								2021	08	20	14	51	26.557	9.493542	-0.449427	-2.831354	0.110214	0.990647	0.080446	0.303605	-0.110626	0.946354	0.946402	-0.079878	-0.312957	
13543								2021	08	20	14	51	26.574	9.733592	-0.441873	-2.899710	0.111521	0.990489	0.080593	0.304227	-0.111234	0.946083	0.946049	-0.080990	-0.313739	
13544								2021	08	20	14	51	26.59	9.811690	-0.480373	-2.998437	0.112769	0.990304	0.081123	0.304667	-0.112173	0.945830	0.945760	-0.081945	-0.314363	
13545								2021	08	20	14	51	26.607	9.610016	-0.746500	-3.264159	0.114021	0.990180	0.080884	0.305017	-0.112373	0.945694	0.945497	-0.083158	-0.314834	
13546								2021	08	20	14	51	26.624	9.311908	-1.032671	-3.229069	0.115104	0.990168	0.079493	0.305068	-0.111393	0.945793	0.945349	-0.084614	-0.314890	
13547								2021	08	20	14	51	26.64	9.103792	-1.350468	-2.962551	0.115896	0.990172	0.078283	0.304668	-0.110453	0.946032	0.945381	-0.085791	-0.314475	
13548								2021	08	20	14	51	26.657	9.039025	-1.647191	-2.727967	0.116464	0.990155	0.077646	0.303698	-0.109937	0.946404	0.945623	-0.086642	-0.313512	
13549								2021	08	20	14	51	26.674	9.152679	-1.813448	-2.639257	0.116897	0.990190	0.076543	0.303080	-0.108962	0.946715	0.945768	-0.087470	-0.312844	
13550								2021	08	20	14	51	26.69	9.141334	-1.864758	-2.886899	0.117256	0.990318	0.074310	0.303212	-0.106953	0.946902	0.945682	-0.088498	-0.312817	
13551								2021	08	20	14	51	26.707	9.124903	-1.903727	-3.273738	0.117584	0.990610	0.069761	0.304279	-0.102809	0.947019	0.945298	-0.090127	-0.313510	
13552								2021	08	20	14	51	26.724	9.142442	-1.852564	-3.040605	0.117654	0.991059	0.062919	0.305641	-0.096422	0.947252	0.944850	-0.092218	-0.314252	
13553								2021	08	20	14	51	26.74	9.079915	-1.693199	-2.785918	0.117365	0.991547	0.055316	0.306996	-0.089198	0.947522	0.944447	-0.094224	-0.314869	
13554								2021	08	20	14	51	26.757	9.196832	-1.564371	-2.789275	0.116576	0.992069	0.047009	0.308917	-0.081203	0.947616	0.943918	-0.095947	-0.315933	
13555								2021	08	20	14	51	26.774	9.334244	-1.259030	-2.633309	0.115658	0.992487	0.039914	0.310659	-0.074312	0.947612	0.943459	-0.097199	-0.316920	
13556								2021	08	20	14	51	26.79	9.367239	-1.015238	-2.424723	0.114443	0.992837	0.034307	0.312111	-0.068719	0.947557	0.943127	-0.097734	-0.317740	
13557								2021	08	20	14	51	26.807	9.327966	-0.883796	-2.289491	0.113351	0.993077	0.030807	0.313269	-0.065148	0.947427	0.942876	-0.097741	-0.318484	
13558								2021	08	20	14	51	26.824	9.428626	-0.805282	-2.144315	0.112262	0.993290	0.027777	0.314918	-0.062077	0.947086	0.942456	-0.097574	-0.319774	
13559								2021	08	20	14	51	26.84	9.622136	-0.727795	-2.082239	0.111559	0.993414	0.026136	0.316815	-0.060482	0.946557	0.941904	-0.097317	-0.321476	
13560								2021	08	20	14	51	26.857	9.806313	-0.812599	-2.194784	0.111245	0.993457	0.025849	0.318626	-0.060292	0.945961	0.941330	-0.096998	-0.323248	
13561								2021	08	20	14	51	26.874	9.800845	-0.974343	-2.437359	0.111169	0.993465	0.025857	0.320028	-0.060419	0.945479	0.940863	-0.096833	-0.324654	
13562								2021	08	20	14	51	26.89	9.738233	-1.202395	-2.699199	0.111619	0.993417	0.025764	0.321156	-0.060595	0.945086	0.940425	-0.097216	-0.325805	
13563								2021	08	20	14	51	26.907	9.482254	-1.483866	-2.671164	0.112364	0.993345	0.025306	0.322124	-0.060506	0.944762	0.940006	-0.098006	-0.326779	
13564								2021	08	20	14	51	26.924	9.294267	-1.759267	-2.469745	0.113024	0.993299	0.024122	0.323107	-0.059702	0.944477	0.939589	-0.098955	-0.327690	
13565								2021	08	20	14	51	26.94	9.039202	-1.845162	-2.416562	0.113301	0.993308	0.022425	0.323769	-0.058250	0.944341	0.939328	-0.099734	-0.328202	
13566								2021	08	20	14	51	26.957	8.859880	-1.807822	-2.491710	0.113083	0.993378	0.020318	0.324471	-0.056249	0.944222	0.939112	-0.100183	-0.328683	
13567								2021	08	20	14	51	26.974	8.808490	-1.585881	-2.399836	0.112291	0.993521	0.017511	0.325090	-0.053384	0.944175	0.938993	-0.100330	-0.328978	
13568								2021	08	20	14	51	26.99	8.904129	-1.262741	-2.264691	0.111314	0.993668	0.015290	0.325709	-0.051014	0.944093	0.938894	-0.100111	-0.329325	
13569								2021	08	20	14	51	27.007	9.168377	-0.966154	-2.118249	0.109921	0.993837	0.014340	0.325731	-0.049650	0.944158	0.939051	-0.099112	-0.329181	
13570								2021	08	20	14	51	27.024	9.432023	-0.542889	-2.003767	0.108495	0.993982	0.015120	0.325210	-0.049862	0.944326	0.939397	-0.097537	-0.328663	
13571								2021	08	20	14	51	27.04	9.545604	-0.313403	-1.912456	0.107526	0.994046	0.017649	0.324742	-0.051895	0.944378	0.939671	-0.095813	-0.328388	
13572								2021	08	20	14	51	27.057	9.482578	-0.327429	-1.958799	0.106526	0.994090	0.020915	0.324918	-0.054682	0.944160	0.939724	-0.093782	-0.328823	
13573								2021	08	20	14	51	27.074	9.508138	-0.674019	-1.918702	0.105808	0.994035	0.026452	0.325857	-0.059793	0.943526	0.939480	-0.091214	-0.330240	
13574								2021	08	20	14	51	27.09	9.697152	-1.160149	-1.979656	0.105106	0.993910	0.033111	0.326989	-0.065985	0.942722	0.939165	-0.088259	-0.331933	
13575								2021	08	20	14	51	27.107	9.730638	-1.565140	-2.146107	0.104908	0.993618	0.041454	0.327298	-0.073858	0.942030	0.939079	-0.085259	-0.332958	
13576								2021	08	20	14	51	27.124	9.640873	-1.689320	-2.265531	0.104916	0.993154	0.051368	0.326700	-0.083207	0.941458	0.939287	-0.081992	-0.333193	
13577								2021	08	20	14	51	27.14	9.502609	-1.749523	-2.381091	0.104596	0.992651	0.060862	0.325188	-0.091971	0.941166	0.939847	-0.078651	-0.332418	
13578								2021	08	20	14	51	27.157	9.290486	-1.643971	-2.384085	0.104010	0.992156	0.069340	0.323575	-0.099681	0.940937	0.940469	-0.075430	-0.331404	
13579								2021	08	20	14	51	27.174	9.342882	-1.538950	-2.298196	0.103300	0.991743	0.075992	0.322257	-0.105650	0.940738	0.940999	-0.072689	-0.330510	
13580								2021	08	20	14	51	27.19	9.573939	-1.472956	-2.231284	0.102840	0.991296	0.082191	0.320140	-0.111218	0.940819	0.941772	-0.070441	-0.328791	
13581								2021	08	20	14	51	27.207	9.890471	-1.499198	-2.259464	0.102723	0.990786	0.088262	0.316961	-0.116709	0.941230	0.942859	-0.068710	-0.326030	
13582								2021	08	20	14	51	27.224	10.045738	-1.378359	-2.150182	0.103061	0.990050	0.095806	0.311922	-0.123630	0.942030	0.944502	-0.067203	-0.321559	
13583								2021	08	20	14	51	27.24	9.899172	-1.229992	-2.171378	0.103672	0.989092	0.104641	0.306691	-0.131871	0.942630	0.946146	-0.065632	-0.317016	
13584								2021	08	20	14	51	27.257	9.603147	-1.617310	-2.703379	0.103813	0.987978	0.114550	0.302970	-0.141111	0.942495	0.947329	-0.063138	-0.313977	
13585								2021	08	20	14	51	27.274	9.603288	-2.094765	-3.118318	0.103081	0.986980	0.123470	0.300046	-0.149203	0.942184	0.948339	-0.060075	-0.311519	
13586								2021	08	20	14	51	27.29	9.923499	-2.196447	-3.373614	0.102247	0.986097	0.130991	0.298929	-0.156052	0.941429	0.948782	-0.057101	-0.310729	
13587								2021	08	20	14	51	27.307	10.857037	-2.321834	-3.570536	0.102097	0.985267	0.137207	0.298877	-0.161937	0.940452	0.948814	-0.055009	-0.311007	
13588								2021	08	20	14	51	27.324	11.384302	-2.332632	-3.421652	0.101798	0.984684	0.141543	0.296600	-0.165854	0.940490	0.949561	-0.053758	-0.308941	
13589								2021	08	20	14	51	27.34	11.245430	-1.819538	-3.450480	0.100563	0.984593	0.143051	0.292304	-0.166673	0.941689	0.951023	-0.052885	-0.304562	
13590								2021	08	20	14	51	27.357	10.798693	-0.864247	-3.723387	0.098544	0.985018	0.141523	0.288037	-0.164361	0.943409	0.952536	-0.052203	-0.299918	
13591								2021	08	20	14	51	27.374	10.412778	-0.189448	-4.153982	0.096055	0.985683	0.138573	0.285152	-0.160632	0.944926	0.953657	-0.051250	-0.296499	
13592								2021	08	20	14	51	27.39	10.146513	0.217873	-4.243887	0.092965	0.986334	0.136024	0.282858	-0.157149	0.946201	0.954646	-0.049488	-0.293602	
13593								2021	08	20	14	51	27.407	9.744304	0.715079	-4.074530	0.089242	0.986619	0.136454	0.280107	-0.156332	0.947154	0.955812	-0.046304	-0.290310	
13594								2021	08	20	14	51	27.424	9.163029	1.047607	-3.978876	0.085235	0.986373	0.140726	0.276738	-0.159119	0.947680	0.957158	-0.041831	-0.286529	
13595								2021	08	20	14	51	27.44	8.486003	1.297526	-3.737583	0.081200	0.985695	0.147692	0.272531	-0.164492	0.947982	0.958714	-0.036725	-0.281989	
13596								2021	08	20	14	51	27.457	7.798401	1.583225	-3.360722	0.077428	0.984716	0.156009	0.267594	-0.171263	0.948189	0.960416	-0.031669	-0.276765	
13597								2021	08	20	14	51	27.474	7.324368	1.892918	-2.986806	0.074547	0.983608	0.164190	0.262903	-0.178208	0.948221	0.961938	-0.027521	-0.271878	
13598								2021	08	20	14	51	27.49	7.168190	1.824333	-2.736454	0.073016	0.982439	0.171702	0.259682	-0.184951	0.947818	0.962930	-0.024618	-0.268626	
13599								2021	08	20	14	51	27.507	7.317330	1.318709	-2.487777	0.072456	0.981259	0.178554	0.258933	-0.191393	0.946743	0.963174	-0.022364	-0.267948	
13600								2021	08	20	14	51	27.524	7.945471	0.598319	-2.564290	0.072410	0.980045	0.185118	0.261246	-0.197762	0.944797	0.962552	-0.020052	-0.270353	
13601								2021	08	20	14	51	27.54	8.936389	-0.194537	-2.876524	0.072439	0.978680	0.192192	0.265290	-0.204664	0.942196	0.961443	-0.017265	-0.274460	
13602								2021	08	20	14	51	27.557	9.914663	-0.950686	-3.092117	0.071695	0.977283	0.199443	0.268449	-0.211486	0.939792	0.960622	-0.013838	-0.277513	
13603								2021	08	20	14	51	27.574	10.469683	-1.220531	-3.173101	0.069606	0.976145	0.205658	0.270012	-0.216898	0.938109	0.960338	-0.009768	-0.278668	
13604								2021	08	20	14	51	27.59	10.476149	-0.879605	-3.363965	0.066143	0.975612	0.209298	0.270907	-0.219437	0.937260	0.960330	-0.005293	-0.278815	
13605								2021	08	20	14	51	27.607	10.073494	-0.177668	-3.299985	0.062041	0.975735	0.209982	0.271642	-0.218953	0.937161	0.960397	-0.001102	-0.278635	
13606								2021	08	20	14	51	27.624	9.616919	0.253256	-3.006452	0.058010	0.976260	0.208688	0.272310	-0.216587	0.937517	0.960459	0.002442	-0.278409	
13607								2021	08	20	14	51	27.64	9.222825	0.579040	-2.630165	0.054206	0.976793	0.207211	0.272404	-0.214111	0.938058	0.960655	0.005597	-0.277688	
13608								2021	08	20	14	51	27.657	8.968552	0.652005	-2.304153	0.050662	0.977026	0.207010	0.271915	-0.212940	0.938466	0.960987	0.008745	-0.276456	
13609								2021	08	20	14	51	27.674	8.456727	0.695843	-2.128570	0.047254	0.976922	0.208303	0.270977	-0.213254	0.938666	0.961425	0.012089	-0.274801	
13610								2021	08	20	14	51	27.69	8.206006	0.469991	-2.062029	0.044060	0.976662	0.210215	0.270705	-0.214218	0.938525	0.961653	0.015555	-0.273826	
13611								2021	08	20	14	51	27.707	8.118879	0.329239	-1.994467	0.041257	0.976563	0.211241	0.271525	-0.214423	0.938241	0.961547	0.018649	-0.274008	
13612								2021	08	20	14	51	27.724	8.367069	0.116343	-1.978784	0.039092	0.976798	0.210565	0.273776	-0.213133	0.937881	0.960999	0.020984	-0.275755	
13613								2021	08	20	14	51	27.74	8.888693	0.054435	-2.142858	0.037751	0.977281	0.208561	0.276793	-0.210770	0.937530	0.960188	0.022336	-0.278461	
13614								2021	08	20	14	51	27.757	9.382637	0.072835	-2.255944	0.037133	0.977855	0.205962	0.278851	-0.208057	0.937526	0.959616	0.022619	-0.280401	
13615								2021	08	20	14	51	27.774	9.413046	0.299343	-2.269149	0.037083	0.978376	0.203484	0.280163	-0.205636	0.937669	0.959236	0.022237	-0.281731	
13616								2021	08	20	14	51	27.79	9.378057	0.636106	-2.290466	0.037390	0.978787	0.201438	0.281467	-0.203733	0.937693	0.958842	0.021638	-0.283114	
13617								2021	08	20	14	51	27.807	9.492073	0.677657	-2.425197	0.037940	0.979202	0.199309	0.282617	-0.201825	0.937760	0.958482	0.020749	-0.284397	
13618								2021	08	20	14	51	27.824	9.551085	0.531705	-2.335105	0.038789	0.979720	0.196581	0.283292	-0.199439	0.938067	0.958249	0.019303	-0.285283	
13619								2021	08	20	14	51	27.84	9.315509	0.429489	-2.089720	0.039800	0.980376	0.193080	0.283668	-0.196369	0.938601	0.958096	0.017414	-0.285917	
13620								2021	08	20	14	51	27.857	9.271711	0.289590	-2.153183	0.041344	0.981163	0.188703	0.284381	-0.192609	0.939164	0.957819	0.014835	-0.286988	
13621								2021	08	20	14	51	27.874	9.158354	0.300434	-1.985321	0.043407	0.981917	0.184269	0.284745	-0.188952	0.939797	0.957620	0.011676	-0.287798	
13622								2021	08	20	14	51	27.89	8.970820	0.298097	-1.845683	0.045501	0.982542	0.180389	0.285657	-0.185833	0.940142	0.957251	0.008752	-0.289125	
13623								2021	08	20	14	51	27.907	8.967827	0.364866	-2.043477	0.047434	0.983181	0.176366	0.287390	-0.182531	0.940260	0.956638	0.006086	-0.291214	
13624								2021	08	20	14	51	27.924	9.187067	0.413363	-2.271905	0.049709	0.983958	0.171333	0.289601	-0.178376	0.940379	0.955856	0.002872	-0.293822	
13625								2021	08	20	14	51	27.94	9.414332	0.552327	-2.388903	0.052362	0.984658	0.166456	0.291275	-0.174496	0.940590	0.955205	-0.000767	-0.295943	
13626								2021	08	20	14	51	27.957	9.828709	0.746470	-2.497443	0.054613	0.985165	0.162690	0.291692	-0.171567	0.941000	0.954952	-0.003935	-0.296734	
13627								2021	08	20	14	51	27.974	9.896397	0.841210	-2.370110	0.056252	0.985541	0.159829	0.291115	-0.169317	0.941586	0.955033	-0.006437	-0.296430	
13628								2021	08	20	14	51	27.99	9.832456	0.898187	-2.142935	0.057343	0.985852	0.157504	0.290268	-0.167412	0.942188	0.955226	-0.008309	-0.295761	
13629								2021	08	20	14	51	28.007	9.672093	0.692389	-1.964649	0.058040	0.986084	0.155784	0.289698	-0.165969	0.942618	0.955357	-0.009580	-0.295300	
13630								2021	08	20	14	51	28.024	9.626074	0.339496	-1.922851	0.058460	0.986277	0.154401	0.289924	-0.164773	0.942759	0.955263	-0.010349	-0.295578	
13631								2021	08	20	14	51	28.04	9.678882	-0.022949	-1.791641	0.058504	0.986584	0.152411	0.290063	-0.162885	0.943044	0.955218	-0.010963	-0.295701	
13632								2021	08	20	14	51	28.057	9.753943	-0.155633	-1.682617	0.058198	0.987063	0.149399	0.289421	-0.159908	0.943750	0.955431	-0.011685	-0.294983	
13633								2021	08	20	14	51	28.074	9.778265	-0.163871	-1.599988	0.057439	0.987653	0.145745	0.287885	-0.156170	0.944845	0.955941	-0.012313	-0.293301	
13634								2021	08	20	14	51	28.09	9.808571	0.096290	-1.650453	0.056355	0.988384	0.141144	0.286591	-0.151433	0.946009	0.956394	-0.012862	-0.291796	
13635								2021	08	20	14	51	28.107	10.173940	0.535297	-2.121318	0.055011	0.989181	0.135999	0.286923	-0.146121	0.946744	0.956373	-0.013060	-0.291857	
13636								2021	08	20	14	51	28.124	10.745193	1.235061	-2.795723	0.053348	0.990019	0.130443	0.287536	-0.140326	0.947434	0.956283	-0.013036	-0.292152	
13637								2021	08	20	14	51	28.14	11.236313	1.805427	-3.402024	0.051340	0.990819	0.125067	0.287931	-0.134599	0.948145	0.956274	-0.012667	-0.292198	
13638								2021	08	20	14	51	28.157	11.693825	1.822257	-3.564525	0.048844	0.991315	0.122106	0.287725	-0.131034	0.948707	0.956467	-0.011205	-0.291626	
13639								2021	08	20	14	51	28.174	11.634534	1.406738	-3.065921	0.045718	0.991399	0.122631	0.283999	-0.130593	0.949889	0.957734	-0.008599	-0.287527	
13640								2021	08	20	14	51	28.19	10.940068	1.138108	-2.463372	0.043038	0.990890	0.127615	0.277238	-0.134562	0.951332	0.959837	-0.005564	-0.280503	
13641								2021	08	20	14	51	28.207	10.307567	0.491605	-2.601394	0.041223	0.989932	0.135405	0.270235	-0.141516	0.952337	0.961911	-0.002667	-0.273348	
13642								2021	08	20	14	51	28.224	10.078978	-0.063354	-2.975476	0.040390	0.988836	0.143427	0.264054	-0.149004	0.952929	0.963662	-0.000616	-0.267124	
13643								2021	08	20	14	51	28.24	10.078616	-0.425422	-3.287031	0.039771	0.988126	0.148409	0.258181	-0.153645	0.953801	0.965278	0.000383	-0.261226	
13644								2021	08	20	14	51	28.257	9.673941	-0.008466	-3.675570	0.040052	0.987926	0.149662	0.253317	-0.154928	0.954897	0.966554	-0.000334	-0.256463	
13645								2021	08	20	14	51	28.274	9.177228	-0.159442	-3.901725	0.041774	0.987896	0.149389	0.249725	-0.155098	0.955815	0.967415	-0.002622	-0.253181	
13646								2021	08	20	14	51	28.29	8.609768	-0.366256	-3.847698	0.044551	0.987696	0.149904	0.246833	-0.156284	0.956373	0.968033	-0.005606	-0.250758	
13647								2021	08	20	14	51	28.307	8.112771	-0.648148	-3.753855	0.047575	0.987246	0.151930	0.244159	-0.158982	0.956614	0.968567	-0.008416	-0.248609	
13648								2021	08	20	14	51	28.324	7.643099	-1.110813	-3.350427	0.049867	0.986671	0.154899	0.241182	-0.162399	0.956796	0.969198	-0.010353	-0.246066	
13649								2021	08	20	14	51	28.34	7.678860	-1.215972	-2.973458	0.051509	0.986198	0.157356	0.238129	-0.165149	0.957089	0.969867	-0.011828	-0.243349	
13650								2021	08	20	14	51	28.357	8.173827	-1.079887	-2.729474	0.053695	0.985739	0.159483	0.235321	-0.167706	0.957339	0.970433	-0.013875	-0.240970	
13651								2021	08	20	14	51	28.374	9.013599	-0.872355	-2.756969	0.057030	0.985042	0.162606	0.234394	-0.171529	0.956889	0.970467	-0.016458	-0.240670	
13652								2021	08	20	14	51	28.39	10.133544	-0.642533	-3.005262	0.061362	0.984123	0.166542	0.234559	-0.176402	0.955963	0.970163	-0.019595	-0.241659	
13653								2021	08	20	14	51	28.407	10.622798	-0.383847	-2.937681	0.066201	0.983131	0.170504	0.233882	-0.181408	0.955191	0.970009	-0.023357	-0.241946	
13654								2021	08	20	14	51	28.424	10.301099	-0.302099	-2.689283	0.071581	0.982060	0.174453	0.233193	-0.186532	0.954373	0.969792	-0.027634	-0.242361	
13655								2021	08	20	14	51	28.44	9.712965	-0.467491	-2.506743	0.077570	0.981093	0.177313	0.233459	-0.190779	0.953468	0.969268	-0.032565	-0.243844	
13656								2021	08	20	14	51	28.457	9.279636	-0.584856	-2.285755	0.083964	0.980157	0.179560	0.234174	-0.194559	0.952528	0.968562	-0.037930	-0.245864	
13657								2021	08	20	14	51	28.474	8.917637	-0.736988	-2.239627	0.090402	0.979027	0.182573	0.233743	-0.199061	0.951703	0.968087	-0.043361	-0.246837	
13658								2021	08	20	14	51	28.49	8.609869	-0.889252	-2.331980	0.096920	0.977615	0.186748	0.232526	-0.204679	0.950809	0.967749	-0.048729	-0.247159	
13659								2021	08	20	14	51	28.507	8.357838	-0.966837	-2.307054	0.103131	0.976023	0.191684	0.230999	-0.210944	0.949811	0.967473	-0.053676	-0.247215	
13660								2021	08	20	14	51	28.524	8.348281	-0.958510	-1.933436	0.108122	0.974288	0.197666	0.228577	-0.217868	0.948834	0.967503	-0.057408	-0.246256	
13661								2021	08	20	14	51	28.54	8.276003	-1.026769	-1.543385	0.111289	0.972604	0.204100	0.226005	-0.224764	0.947841	0.967748	-0.059356	-0.244827	
13662								2021	08	20	14	51	28.557	8.322303	-1.002565	-1.343063	0.113094	0.971011	0.210590	0.224411	-0.231436	0.946613	0.967910	-0.059797	-0.244080	
13663								2021	08	20	14	51	28.574	8.505916	-0.879172	-1.192078	0.114183	0.969465	0.217023	0.223752	-0.237935	0.945157	0.967934	-0.059362	-0.244088	
13664								2021	08	20	14	51	28.59	8.656362	-0.957915	-1.288605	0.115198	0.967863	0.223543	0.223824	-0.244545	0.943452	0.967798	-0.058650	-0.244802	
13665								2021	08	20	14	51	28.607	9.011629	-0.833012	-1.290784	0.116267	0.966144	0.230319	0.224357	-0.251445	0.941509	0.967546	-0.057793	-0.245996	
13666								2021	08	20	14	51	28.624	9.293521	-0.724748	-1.349484	0.116869	0.964402	0.237215	0.224662	-0.258332	0.939570	0.967403	-0.056513	-0.246855	
13667								2021	08	20	14	51	28.64	9.416489	-0.821911	-1.469555	0.116944	0.962792	0.243631	0.224741	-0.264606	0.937803	0.967376	-0.054916	-0.247323	
13668								2021	08	20	14	51	28.657	9.252495	-0.948410	-1.423543	0.117416	0.961424	0.248752	0.226318	-0.269799	0.935943	0.966951	-0.053597	-0.249266	
13669								2021	08	20	14	51	28.674	9.340594	-1.151914	-1.444126	0.118951	0.959975	0.253572	0.230556	-0.275109	0.933359	0.965761	-0.052561	-0.254053	
13670								2021	08	20	14	51	28.69	9.765702	-1.434526	-1.267249	0.120317	0.957882	0.260741	0.234003	-0.282613	0.930254	0.964762	-0.050911	-0.258150	
13671								2021	08	20	14	51	28.707	10.071574	-1.971021	-1.421017	0.120753	0.955222	0.270129	0.235109	-0.291898	0.927103	0.964439	-0.048441	-0.259829	
13672								2021	08	20	14	51	28.724	10.149921	-2.211557	-1.880513	0.120851	0.952635	0.279071	0.235060	-0.300599	0.924331	0.964439	-0.046108	-0.260254	
13673								2021	08	20	14	51	28.74	10.166883	-2.113801	-2.037174	0.120912	0.950528	0.286141	0.233454	-0.307400	0.922499	0.964821	-0.044741	-0.259073	
13674								2021	08	20	14	51	28.757	10.024582	-2.093378	-1.952518	0.120707	0.948864	0.291695	0.229988	-0.312580	0.921629	0.965679	-0.044160	-0.255958	
13675								2021	08	20	14	51	28.774	9.982901	-1.847852	-1.771616	0.120654	0.947731	0.295379	0.226034	-0.315965	0.921453	0.966619	-0.044411	-0.252341	
13676								2021	08	20	14	51	28.79	10.158165	-1.369396	-1.426994	0.121395	0.946756	0.298188	0.221900	-0.318692	0.921518	0.967483	-0.045700	-0.248772	
13677								2021	08	20	14	51	28.807	10.479742	-0.649077	-1.351929	0.123298	0.945634	0.300955	0.217728	-0.321657	0.921483	0.968190	-0.048090	-0.245551	
13678								2021	08	20	14	51	28.824	10.608785	-0.588695	-1.939932	0.125660	0.943645	0.306177	0.214661	-0.327174	0.920260	0.968571	-0.049916	-0.243676	
13679								2021	08	20	14	51	28.84	10.717807	-1.292087	-3.061146	0.127142	0.940958	0.313741	0.213549	-0.334858	0.917751	0.968624	-0.049686	-0.243515	
13680								2021	08	20	14	51	28.857	11.256724	-1.748354	-4.247929	0.128509	0.938731	0.319797	0.215880	-0.341217	0.914859	0.967926	-0.048530	-0.246503	
13681								2021	08	20	14	51	28.874	12.373251	-2.559830	-4.545198	0.130325	0.937972	0.321285	0.219309	-0.343294	0.913265	0.966912	-0.048560	-0.250446	
13682								2021	08	20	14	51	28.89	12.473125	-2.511964	-4.191926	0.130358	0.938258	0.320436	0.217896	-0.342404	0.913937	0.967227	-0.049317	-0.249078	
13683								2021	08	20	14	51	28.907	11.200589	-2.246772	-4.103955	0.129235	0.939372	0.317615	0.212804	-0.339111	0.916361	0.968511	-0.050836	-0.243727	
13684								2021	08	20	14	51	28.924	10.154731	-1.595854	-4.111279	0.127887	0.941766	0.311002	0.206998	-0.332016	0.920281	0.969947	-0.053315	-0.237404	
13685								2021	08	20	14	51	28.94	8.936617	-0.596662	-4.304434	0.126074	0.944907	0.302086	0.200980	-0.322530	0.924976	0.971448	-0.055903	-0.230570	
13686								2021	08	20	14	51	28.957	7.708137	0.420016	-4.081966	0.123527	0.947953	0.293472	0.195260	-0.313174	0.929406	0.972941	-0.057503	-0.223783	
13687								2021	08	20	14	51	28.974	6.652987	1.359995	-3.846536	0.121034	0.950600	0.285850	0.192459	-0.304975	0.932711	0.973812	-0.057875	-0.219864	
13688								2021	08	20	14	51	28.99	6.789191	2.290887	-3.470825	0.118887	0.952535	0.280255	0.191842	-0.298974	0.934779	0.974198	-0.057368	-0.218280	
13689								2021	08	20	14	51	29.007	7.171471	2.450421	-2.757747	0.116232	0.953154	0.279261	0.190708	-0.297352	0.935528	0.974741	-0.055481	-0.216336	
13690								2021	08	20	14	51	29.024	7.650152	2.135388	-2.351847	0.113565	0.953069	0.280648	0.191385	-0.298170	0.935129	0.974923	-0.052486	-0.216265	
13691								2021	08	20	14	51	29.04	8.666378	1.696519	-2.311185	0.111171	0.952693	0.282875	0.194811	-0.300007	0.933833	0.974520	-0.048708	-0.218947	
13692								2021	08	20	14	51	29.057	9.746550	1.006679	-2.822628	0.109404	0.952165	0.285327	0.200572	-0.302293	0.931874	0.973551	-0.044722	-0.224050	
13693								2021	08	20	14	51	29.074	10.648762	-0.023976	-3.399526	0.108092	0.951767	0.287151	0.207012	-0.304061	0.929889	0.972349	-0.041070	-0.229894	
13694								2021	08	20	14	51	29.09	11.041772	-0.898068	-3.452509	0.106899	0.951952	0.286984	0.212747	-0.303853	0.928662	0.971242	-0.038218	-0.235006	
13695								2021	08	20	14	51	29.107	10.820713	-1.063781	-3.027480	0.105187	0.952900	0.284460	0.216478	-0.301128	0.928687	0.970605	-0.036106	-0.237956	
13696								2021	08	20	14	51	29.124	10.090311	-0.747336	-2.488590	0.102838	0.954393	0.280284	0.217964	-0.296551	0.929811	0.970524	-0.034528	-0.238520	
13697								2021	08	20	14	51	29.14	9.174666	-0.367856	-2.190466	0.099867	0.955955	0.276001	0.219492	-0.291720	0.930979	0.970490	-0.032394	-0.238958	
13698								2021	08	20	14	51	29.157	8.580027	0.011288	-1.994948	0.095853	0.957369	0.272503	0.221405	-0.287411	0.931866	0.970460	-0.028989	-0.239515	
13699								2021	08	20	14	51	29.174	8.267278	0.071773	-1.925936	0.091090	0.958840	0.268941	0.223603	-0.282861	0.932733	0.970414	-0.024827	-0.240166	
13700								2021	08	20	14	51	29.19	8.180087	0.112871	-1.747167	0.086528	0.960399	0.264853	0.225884	-0.277840	0.933692	0.970304	-0.020964	-0.240980	
13701								2021	08	20	14	51	29.207	8.128467	0.018298	-1.368753	0.083083	0.961814	0.260791	0.228445	-0.273109	0.934465	0.970005	-0.018062	-0.242412	
13702								2021	08	20	14	51	29.224	8.006501	0.083989	-1.215898	0.080980	0.963105	0.256655	0.231524	-0.268634	0.935004	0.969453	-0.016295	-0.244735	
13703								2021	08	20	14	51	29.24	8.255964	0.071952	-1.271744	0.080078	0.964500	0.251650	0.235658	-0.263622	0.935398	0.968531	-0.015601	-0.248402	
13704								2021	08	20	14	51	29.257	8.382783	0.095030	-1.276137	0.079584	0.966206	0.245180	0.239600	-0.257291	0.936159	0.967604	-0.015758	-0.251979	
13705								2021	08	20	14	51	29.274	8.584395	0.386773	-1.458583	0.079523	0.968031	0.237891	0.244138	-0.250293	0.936883	0.966474	-0.016426	-0.256237	
13706								2021	08	20	14	51	29.29	8.995261	0.378274	-1.751089	0.080128	0.969709	0.230745	0.248598	-0.243616	0.937470	0.965287	-0.017755	-0.260589	
13707								2021	08	20	14	51	29.307	9.461201	0.437515	-1.900156	0.081373	0.971070	0.224501	0.251767	-0.237970	0.938074	0.964361	-0.019812	-0.263848	
13708								2021	08	20	14	51	29.324	9.847573	0.670539	-2.015328	0.082865	0.971974	0.219998	0.253423	-0.234053	0.938614	0.963800	-0.022025	-0.265715	
13709								2021	08	20	14	51	29.34	10.125137	0.761305	-2.067179	0.083970	0.972699	0.216348	0.253765	-0.230830	0.939319	0.963614	-0.023973	-0.266219	
13710								2021	08	20	14	51	29.357	10.353270	0.919083	-1.831576	0.084485	0.973561	0.212229	0.253634	-0.226987	0.940291	0.963604	-0.025612	-0.266106	
13711								2021	08	20	14	51	29.374	10.412750	1.127370	-1.613064	0.084223	0.974570	0.207654	0.252711	-0.222472	0.941618	0.963869	-0.026829	-0.265021	
13712								2021	08	20	14	51	29.39	10.445625	1.310385	-1.669935	0.083538	0.975665	0.202729	0.251452	-0.217496	0.943116	0.964258	-0.027810	-0.263502	
13713								2021	08	20	14	51	29.407	10.291797	1.455674	-1.973673	0.082773	0.976653	0.198237	0.250657	-0.212928	0.944369	0.964531	-0.028479	-0.262430	
13714								2021	08	20	14	51	29.424	10.010212	1.484897	-2.437469	0.081796	0.977327	0.195299	0.250491	-0.209825	0.945107	0.964657	-0.028385	-0.261974	
13715								2021	08	20	14	51	29.44	9.719020	1.424490	-2.502352	0.080282	0.977761	0.193749	0.249713	-0.207907	0.945737	0.964986	-0.027544	-0.260851	
13716								2021	08	20	14	51	29.457	9.535807	1.187215	-2.144762	0.077883	0.978232	0.192344	0.247986	-0.205875	0.946635	0.965628	-0.026028	-0.258622	
13717								2021	08	20	14	51	29.474	9.638457	0.856540	-2.161222	0.073943	0.978910	0.190389	0.246198	-0.202929	0.947731	0.966385	-0.023197	-0.256021	
13718								2021	08	20	14	51	29.49	9.741107	0.525865	-2.177681	0.070002	0.979588	0.188434	0.244410	-0.199983	0.948826	0.967142	-0.020365	-0.253420	
13719								2021	08	20	14	51	29.507	10.580975	-0.063471	-3.105202	0.065200	0.980498	0.185400	0.243982	-0.195821	0.949804	0.967585	-0.016693	-0.251992	
13720								2021	08	20	14	51	29.524	10.945024	-0.225915	-3.087396	0.060189	0.981301	0.182826	0.240354	-0.192017	0.951504	0.968817	-0.013327	-0.247417	
13721								2021	08	20	14	51	29.54	10.672852	0.189342	-2.898092	0.055636	0.981674	0.182264	0.235733	-0.190301	0.953003	0.970224	-0.010056	-0.242000	
13722								2021	08	20	14	51	29.557	10.907357	1.243821	-3.336485	0.051996	0.981401	0.184793	0.235492	-0.191875	0.952747	0.970484	-0.006022	-0.241089	
13723								2021	08	20	14	51	29.574	11.106888	1.307469	-4.193319	0.048302	0.981319	0.186226	0.235784	-0.192377	0.952574	0.970604	-0.002102	-0.240672	
13724								2021	08	20	14	51	29.59	10.522530	0.903112	-4.670139	0.044990	0.981602	0.185561	0.234375	-0.190936	0.953211	0.971105	0.000606	-0.238654	
13725								2021	08	20	14	51	29.607	9.659347	0.166468	-4.714408	0.043236	0.981589	0.186047	0.231361	-0.190996	0.953935	0.971907	0.001799	-0.235359	
13726								2021	08	20	14	51	29.624	8.683394	-0.514974	-3.916312	0.043529	0.980884	0.189660	0.227446	-0.194584	0.954152	0.972817	0.001604	-0.231568	
13727								2021	08	20	14	51	29.64	8.036950	-1.183976	-3.139864	0.045693	0.979538	0.196006	0.223832	-0.201261	0.953621	0.973556	0.000299	-0.228448	
13728								2021	08	20	14	51	29.657	7.813511	-1.384310	-2.724819	0.049128	0.977970	0.202880	0.221055	-0.208734	0.952662	0.974023	-0.001954	-0.226440	
13729								2021	08	20	14	51	29.674	8.448196	-1.136251	-2.608836	0.054447	0.975961	0.210811	0.222382	-0.217682	0.950302	0.973423	-0.004837	-0.228933	
13730								2021	08	20	14	51	29.69	9.082881	-0.888191	-2.492854	0.059766	0.973951	0.218742	0.223708	-0.226629	0.947942	0.972822	-0.007720	-0.231425	
13731								2021	08	20	14	51	29.707	10.407026	-0.742169	-2.745594	0.064129	0.971744	0.227160	0.224224	-0.235839	0.945571	0.972425	-0.009704	-0.233012	
13732								2021	08	20	14	51	29.724	10.543137	-0.543479	-2.946488	0.067792	0.969551	0.235321	0.224806	-0.244642	0.943193	0.972042	-0.011039	-0.234546	
13733								2021	08	20	14	51	29.74	10.154809	-0.434459	-2.735965	0.071806	0.967319	0.243184	0.226062	-0.253252	0.940616	0.971463	-0.012567	-0.236859	
13734								2021	08	20	14	51	29.757	9.408393	-0.382861	-2.355042	0.076579	0.964776	0.251680	0.227472	-0.262669	0.937689	0.970769	-0.014558	-0.239574	
13735								2021	08	20	14	51	29.774	8.698784	-0.698723	-2.388240	0.082208	0.961850	0.260934	0.229156	-0.273048	0.934308	0.969912	-0.017013	-0.242860	
13736								2021	08	20	14	51	29.79	8.176039	-1.029773	-2.553882	0.088241	0.959074	0.269056	0.229870	-0.282425	0.931341	0.969213	-0.020334	-0.245384	
13737								2021	08	20	14	51	29.807	7.852534	-1.286048	-2.567268	0.094330	0.956813	0.274975	0.229943	-0.289678	0.929092	0.968622	-0.024413	-0.247338	
13738								2021	08	20	14	51	29.824	7.863248	-1.416580	-2.226511	0.100081	0.954975	0.279297	0.229627	-0.295297	0.927400	0.968119	-0.028680	-0.248842	
13739								2021	08	20	14	51	29.84	7.940415	-1.342467	-1.906291	0.105123	0.953183	0.283534	0.229561	-0.300673	0.925688	0.967601	-0.032222	-0.250421	
13740								2021	08	20	14	51	29.857	8.272708	-1.186481	-1.743227	0.108951	0.951209	0.288671	0.230098	-0.306645	0.923593	0.967050	-0.034203	-0.252280	
13741								2021	08	20	14	51	29.874	8.698341	-0.929700	-1.696858	0.111222	0.949000	0.295007	0.231083	-0.313408	0.921073	0.966556	-0.034272	-0.254155	
13742								2021	08	20	14	51	29.89	9.031489	-0.923195	-1.763953	0.111999	0.946551	0.302487	0.232110	-0.320901	0.918231	0.966220	-0.032631	-0.255644	
13743								2021	08	20	14	51	29.907	9.185797	-0.706272	-1.794987	0.111628	0.944074	0.310265	0.232898	-0.328374	0.915385	0.966073	-0.029923	-0.256529	
13744								2021	08	20	14	51	29.924	9.135553	-0.834046	-1.984879	0.110477	0.941748	0.317656	0.234045	-0.335276	0.912586	0.965928	-0.026474	-0.257452	
13745								2021	08	20	14	51	29.94	9.024491	-1.098072	-2.208114	0.109516	0.939880	0.323470	0.236517	-0.340721	0.909928	0.965436	-0.023146	-0.259612	
13746								2021	08	20	14	51	29.957	9.041296	-1.264691	-2.215515	0.109379	0.938400	0.327783	0.239984	-0.344937	0.907428	0.964595	-0.020591	-0.262930	
13747								2021	08	20	14	51	29.974	9.060665	-1.591747	-1.827965	0.109312	0.937091	0.331528	0.242645	-0.348593	0.905321	0.963937	-0.018519	-0.265486	
13748								2021	08	20	14	51	29.99	9.152689	-1.938305	-1.587438	0.109058	0.935945	0.334834	0.244823	-0.351757	0.903509	0.963415	-0.016559	-0.267503	
13749								2021	08	20	14	51	30.007	9.695910	-1.942331	-1.670235	0.109171	0.935217	0.336824	0.246526	-0.353736	0.902273	0.962968	-0.015466	-0.269173	
13750								2021	08	20	14	51	30.024	9.965032	-1.628468	-1.797769	0.109675	0.934405	0.338909	0.247459	-0.355898	0.901166	0.962671	-0.014969	-0.270260	
13751								2021	08	20	14	51	30.04	10.035364	-1.339911	-2.140691	0.109876	0.933360	0.341711	0.247669	-0.358658	0.900013	0.962594	-0.014259	-0.270573	
13752								2021	08	20	14	51	30.057	9.882639	-0.992011	-2.415161	0.109537	0.932397	0.344438	0.247503	-0.361194	0.899045	0.962676	-0.013229	-0.270335	
13753								2021	08	20	14	51	30.074	9.745413	-0.664836	-2.387269	0.109632	0.932019	0.345429	0.247991	-0.362181	0.898513	0.962539	-0.012842	-0.270839	
13754								2021	08	20	14	51	30.09	9.835102	-0.775066	-1.966141	0.109939	0.931899	0.345655	0.247633	-0.362477	0.898492	0.962596	-0.013184	-0.270620	
13755								2021	08	20	14	51	30.107	9.945783	-0.778511	-1.478226	0.110363	0.931489	0.346624	0.245329	-0.363494	0.898713	0.963137	-0.014148	-0.268638	
13756								2021	08	20	14	51	30.124	10.214721	-0.688966	-1.520281	0.111117	0.930315	0.349525	0.241596	-0.366439	0.898529	0.963994	-0.015398	-0.265478	
13757								2021	08	20	14	51	30.14	10.434496	-0.752743	-2.124790	0.112548	0.928332	0.354305	0.237864	-0.371375	0.897497	0.964756	-0.016735	-0.262614	
13758								2021	08	20	14	51	30.157	10.841002	-0.821041	-2.881817	0.115357	0.925492	0.360772	0.236246	-0.378338	0.895013	0.964822	-0.018015	-0.262288	
13759								2021	08	20	14	51	30.174	10.959264	-1.248201	-4.001389	0.117865	0.922340	0.367963	0.235731	-0.385942	0.891897	0.964644	-0.018384	-0.262913	
13760								2021	08	20	14	51	30.19	11.316083	-1.441979	-5.099313	0.120112	0.919600	0.374044	0.236867	-0.392436	0.888756	0.964089	-0.018152	-0.264959	
13761								2021	08	20	14	51	30.207	11.786435	-1.736557	-5.650598	0.121932	0.917745	0.377990	0.237692	-0.396750	0.886618	0.963657	-0.018262	-0.266517	
13762								2021	08	20	14	51	30.224	11.060959	-1.459181	-5.024614	0.122203	0.917486	0.378530	0.234891	-0.397289	0.887123	0.964310	-0.019496	-0.264059	
13763								2021	08	20	14	51	30.24	10.135203	-0.982390	-4.384062	0.121949	0.918670	0.375731	0.230818	-0.394427	0.889466	0.965325	-0.021744	-0.260145	
13764								2021	08	20	14	51	30.257	9.628301	-0.300485	-4.288331	0.122208	0.920870	0.370221	0.227306	-0.389071	0.892724	0.966125	-0.024944	-0.256867	
13765								2021	08	20	14	51	30.274	8.991730	0.535107	-4.134962	0.122806	0.923501	0.363408	0.223253	-0.382501	0.896577	0.966994	-0.028973	-0.253148	
13766								2021	08	20	14	51	30.29	8.245317	1.428122	-3.688153	0.123647	0.925347	0.358391	0.218134	-0.377675	0.899877	0.968054	-0.033090	-0.248548	
13767								2021	08	20	14	51	30.307	7.768118	1.865163	-2.970003	0.124968	0.925653	0.357141	0.213083	-0.376603	0.901535	0.969009	-0.036562	-0.244304	
13768								2021	08	20	14	51	30.324	7.774128	1.654252	-2.621699	0.126643	0.924808	0.358735	0.210155	-0.378453	0.901448	0.969431	-0.038772	-0.242281	
13769								2021	08	20	14	51	30.34	8.419439	1.190572	-2.518213	0.127708	0.923577	0.361519	0.210420	-0.381437	0.900128	0.969234	-0.038883	-0.243051	
13770								2021	08	20	14	51	30.357	9.406571	0.397051	-2.503267	0.127053	0.922744	0.363868	0.212857	-0.383659	0.898609	0.968787	-0.036719	-0.245158	
13771								2021	08	20	14	51	30.374	10.233683	-0.505747	-2.955670	0.124974	0.922532	0.365125	0.216040	-0.384483	0.897496	0.968353	-0.033282	-0.247354	
13772								2021	08	20	14	51	30.39	10.408198	-0.914851	-3.351899	0.122257	0.922843	0.365259	0.218210	-0.384008	0.897175	0.968214	-0.029982	-0.248321	
13773								2021	08	20	14	51	30.407	9.937069	-0.740402	-3.543950	0.119162	0.923682	0.364158	0.219388	-0.382201	0.897659	0.968333	-0.027075	-0.248189	
13774								2021	08	20	14	51	30.424	9.470929	-0.251991	-3.539286	0.116035	0.925093	0.361577	0.220024	-0.378933	0.898888	0.968569	-0.024747	-0.247512	
