// Start Time: Unknown: 
// Update Rate: 100.0Hz 
// Filter Profile: human (46.1) 
// Firmware Version: 4.6.0
PacketCounter	SampleTimeFine	Year	Month	Day	Second	UTC_Nano	UTC_Year	UTC_Month	UTC_Day UTC_Hour	UTC_Minute	UTC_Second	UTC_Valid	Acc_X	Acc_Y	Acc_Z	Mat[1][1]	Mat[2][1]	Mat[3][1]	Mat[1][2]	Mat[2][2]	Mat[3][2]	Mat[1][3]	Mat[2][3]	Mat[3][3] 
4854														0.097805	-0.048605	9.765625	0.994721	0.102183	-0.009453	-0.102129	0.994753	0.005981	0.010015	-0.004984	0.999937	
4855														0.122295	-0.072868	9.765625	0.995454	0.094517	-0.011752	-0.094419	0.995495	0.008618	0.012514	-0.007469	0.999894	
4856														0.122372	-0.072714	9.790039	0.995092	0.098383	-0.010598	-0.098309	0.995129	0.007296	0.011265	-0.006219	0.999917	
4857														0.122370	-0.048078	9.741211	0.995094	0.098368	-0.010601	-0.098294	0.995131	0.007266	0.011264	-0.006188	0.999917	
6108														0.101779	-0.064646	9.794471	0.995117	0.098303	-0.008866	-0.098247	0.995140	0.006631	0.009475	-0.005727	0.999939	
6109														0.099722	-0.068991	9.623642	0.995119	0.098283	-0.008872	-0.098226	0.995142	0.006621	0.009480	-0.005717	0.999939	
6110														0.128876	-0.083618	9.965616	0.995118	0.098295	-0.008848	-0.098238	0.995141	0.006609	0.009455	-0.005708	0.999939	
6111														0.098942	-0.044079	9.623022	0.995119	0.098290	-0.008823	-0.098233	0.995141	0.006613	0.009430	-0.005714	0.999939	
6112														0.102658	-0.061291	9.892095	0.995118	0.098303	-0.008798	-0.098246	0.995140	0.006600	0.009404	-0.005704	0.999940	
6113														0.050993	-0.068099	9.673080	0.995116	0.098328	-0.008757	-0.098272	0.995138	0.006618	0.009365	-0.005725	0.999940	
6114														0.075913	-0.066687	9.697174	0.995119	0.098291	-0.008824	-0.098235	0.995141	0.006613	0.009431	-0.005714	0.999939	
6115														0.052861	-0.039440	9.818876	0.995119	0.098286	-0.008845	-0.098230	0.995142	0.006605	0.009451	-0.005704	0.999939	
6116														0.052542	-0.066152	9.721888	0.995118	0.098296	-0.008850	-0.098240	0.995141	0.006611	0.009457	-0.005710	0.999939	
6117														0.102343	-0.037725	9.818249	0.995119	0.098275	-0.008917	-0.098218	0.995143	0.006607	0.009523	-0.005699	0.999938	
6118														0.102347	-0.038765	9.769436	0.995118	0.098286	-0.008952	-0.098229	0.995142	0.006615	0.009558	-0.005704	0.999938	
6119														0.129032	-0.059754	9.867362	0.995118	0.098281	-0.008989	-0.098223	0.995142	0.006608	0.009594	-0.005693	0.999938	
6120														0.101895	-0.040857	9.671814	0.995117	0.098288	-0.008994	-0.098231	0.995142	0.006615	0.009600	-0.005699	0.999938	
6121														0.129451	-0.085044	9.819182	0.995118	0.098283	-0.008984	-0.098226	0.995142	0.006619	0.009591	-0.005704	0.999938	
6122														0.104002	-0.087441	9.746289	0.995117	0.098294	-0.008944	-0.098237	0.995141	0.006621	0.009551	-0.005710	0.999938	
6123														0.104530	-0.086014	9.795099	0.995116	0.098304	-0.008949	-0.098247	0.995140	0.006627	0.009557	-0.005715	0.999938	
6124														0.080993	-0.110180	9.820452	0.995117	0.098297	-0.008910	-0.098240	0.995141	0.006614	0.009517	-0.005706	0.999938	
6125														0.078637	-0.088834	9.697805	0.995118	0.098292	-0.008883	-0.098235	0.995141	0.006632	0.009492	-0.005727	0.999939	
6126														0.078822	-0.062518	9.770385	0.995117	0.098300	-0.008872	-0.098243	0.995140	0.006653	0.009483	-0.005748	0.999939	
6127														0.078751	-0.062369	9.770387	0.995116	0.098310	-0.008848	-0.098254	0.995139	0.006641	0.009458	-0.005739	0.999939	
6128														0.101797	-0.012642	9.768809	0.995115	0.098322	-0.008839	-0.098265	0.995138	0.006630	0.009448	-0.005729	0.999939	
6129														0.076949	-0.013696	9.744721	0.995113	0.098348	-0.008799	-0.098291	0.995136	0.006632	0.009408	-0.005735	0.999939	
6130														0.076087	0.010774	9.744089	0.995111	0.098376	-0.008772	-0.098320	0.995133	0.006650	0.009384	-0.005755	0.999939	
6131														0.051907	0.010926	9.768807	0.995111	0.098371	-0.008763	-0.098315	0.995133	0.006640	0.009374	-0.005746	0.999940	
6132														0.053053	-0.038360	9.745671	0.995108	0.098398	-0.008782	-0.098341	0.995130	0.006662	0.009395	-0.005765	0.999939	
6133														0.052704	-0.013810	9.745035	0.995112	0.098362	-0.008804	-0.098306	0.995134	0.006653	0.009415	-0.005755	0.999939	
6134														0.053995	-0.063021	9.721901	0.995111	0.098372	-0.008823	-0.098316	0.995133	0.006661	0.009435	-0.005761	0.999939	
6135														0.104419	-0.084625	9.770711	0.995112	0.098351	-0.008860	-0.098295	0.995135	0.006654	0.009471	-0.005750	0.999939	
6136														0.104792	-0.084470	9.770708	0.995113	0.098348	-0.008878	-0.098290	0.995135	0.006676	0.009492	-0.005771	0.999938	
6137														0.155149	-0.106220	9.819513	0.995113	0.098342	-0.008899	-0.098285	0.995136	0.006683	0.009513	-0.005776	0.999938	
6138														0.154927	-0.106636	9.795111	0.995111	0.098365	-0.008875	-0.098307	0.995134	0.006672	0.009488	-0.005767	0.999938	
6139														0.105896	-0.107620	9.795753	0.995115	0.098330	-0.008835	-0.098273	0.995137	0.006658	0.009447	-0.005757	0.999939	
6140														0.104798	-0.083721	9.770714	0.995112	0.098354	-0.008824	-0.098297	0.995135	0.006678	0.009438	-0.005778	0.999939	
6141														0.079901	-0.059171	9.794799	0.995112	0.098365	-0.008785	-0.098308	0.995134	0.006665	0.009398	-0.005769	0.999939	
6142														0.054453	-0.061533	9.721908	0.995111	0.098377	-0.008774	-0.098320	0.995133	0.006670	0.009388	-0.005774	0.999939	
6143														0.053078	-0.012517	9.720630	0.995110	0.098387	-0.008751	-0.098330	0.995132	0.006658	0.009363	-0.005765	0.999940	
6144														0.028899	-0.012217	9.745351	0.995110	0.098382	-0.008742	-0.098325	0.995132	0.006647	0.009353	-0.005755	0.999940	
6145														0.077555	-0.011353	9.720314	0.995109	0.098391	-0.008762	-0.098335	0.995131	0.006654	0.009374	-0.005760	0.999939	
6146														0.103209	-0.034302	9.745039	0.995111	0.098371	-0.008782	-0.098314	0.995133	0.006661	0.009395	-0.005765	0.999939	
6147														0.079631	-0.033496	9.794162	0.995110	0.098381	-0.008787	-0.098324	0.995132	0.006667	0.009401	-0.005770	0.999939	
6148														0.104315	-0.058468	9.745677	0.995107	0.098406	-0.008807	-0.098349	0.995129	0.006689	0.009422	-0.005790	0.999939	
6149														0.130202	-0.080690	9.794806	0.995109	0.098386	-0.008814	-0.098329	0.995132	0.006665	0.009427	-0.005765	0.999939	
6150														0.105042	-0.083063	9.721915	0.995108	0.098394	-0.008818	-0.098337	0.995131	0.006686	0.009433	-0.005786	0.999939	
6151														0.106102	-0.080957	9.795125	0.995107	0.098404	-0.008825	-0.098347	0.995130	0.006677	0.009439	-0.005776	0.999939	
6152														0.081168	-0.082684	9.746639	0.995109	0.098385	-0.008814	-0.098328	0.995132	0.006681	0.009428	-0.005782	0.999939	
6153														0.106607	-0.105629	9.771367	0.995108	0.098395	-0.008819	-0.098338	0.995131	0.006687	0.009434	-0.005787	0.999939	
6154														0.106180	-0.080431	9.795129	0.995111	0.098375	-0.008779	-0.098319	0.995133	0.006688	0.009394	-0.005793	0.999939	
6155														0.129040	-0.031490	9.769116	0.995109	0.098385	-0.008814	-0.098328	0.995132	0.006697	0.009430	-0.005797	0.999939	
6156														0.104483	-0.032641	9.745031	0.995111	0.098366	-0.008788	-0.098309	0.995133	0.006700	0.009404	-0.005803	0.999939	
6157														0.079574	-0.008094	9.769112	0.995114	0.098346	-0.008762	-0.098290	0.995135	0.006703	0.009379	-0.005809	0.999939	
6158														0.105142	-0.055941	9.770086	0.995115	0.098339	-0.008740	-0.098283	0.995136	0.006676	0.009354	-0.005785	0.999940	
6159														0.055375	-0.033202	9.745677	0.995114	0.098349	-0.008745	-0.098293	0.995135	0.006682	0.009359	-0.005790	0.999939	
6160														0.055525	-0.032977	9.745677	0.995112	0.098360	-0.008752	-0.098303	0.995134	0.006673	0.009365	-0.005780	0.999939	
6161														0.056566	-0.056418	9.770729	0.995110	0.098385	-0.008743	-0.098328	0.995132	0.006662	0.009356	-0.005770	0.999940	
6162														0.056716	-0.056193	9.770729	0.995112	0.098364	-0.008763	-0.098308	0.995134	0.006669	0.009376	-0.005775	0.999939	
6163														0.105515	-0.055317	9.745682	0.995112	0.098359	-0.008784	-0.098302	0.995134	0.006661	0.009397	-0.005765	0.999939	
6164														0.081788	-0.054934	9.770406	0.995111	0.098368	-0.008823	-0.098311	0.995134	0.006639	0.009433	-0.005739	0.999939	
6165														0.131326	-0.078452	9.746005	0.995110	0.098377	-0.008842	-0.098320	0.995133	0.006662	0.009454	-0.005760	0.999939	
6166														0.108071	-0.077049	9.819536	0.995109	0.098388	-0.008848	-0.098331	0.995131	0.006667	0.009461	-0.005764	0.999939	
6167														0.132120	-0.051185	9.842965	0.995108	0.098398	-0.008823	-0.098341	0.995130	0.006670	0.009436	-0.005770	0.999939	
6168														0.131518	-0.051697	9.818567	0.995107	0.098411	-0.008767	-0.098354	0.995129	0.006671	0.009381	-0.005776	0.999939	
6169														0.106727	-0.078001	9.770741	0.995107	0.098421	-0.008710	-0.098365	0.995128	0.006686	0.009326	-0.005797	0.999940	
6170														0.081433	-0.079326	9.746665	0.995105	0.098447	-0.008623	-0.098391	0.995125	0.006700	0.009240	-0.005819	0.999940	
6171														0.056076	-0.054861	9.770741	0.995104	0.098458	-0.008567	-0.098402	0.995124	0.006701	0.009185	-0.005825	0.999941	
6172														0.080474	-0.078383	9.771081	0.995109	0.098422	-0.008466	-0.098367	0.995128	0.006683	0.009083	-0.005818	0.999942	
6173														0.053914	-0.055907	9.721945	0.995109	0.098433	-0.008362	-0.098378	0.995126	0.006710	0.008982	-0.005855	0.999943	
6174														0.053548	-0.055329	9.746351	0.995110	0.098428	-0.008305	-0.098374	0.995127	0.006726	0.008927	-0.005876	0.999943	
6175														0.076620	-0.030939	9.720984	0.995109	0.098439	-0.008264	-0.098384	0.995126	0.006743	0.008887	-0.005897	0.999943	
6176														0.124832	-0.004486	9.744111	0.995108	0.098449	-0.008239	-0.098395	0.995125	0.006746	0.008863	-0.005903	0.999943	
6177														0.103025	-0.076130	9.819598	0.995107	0.098460	-0.008185	-0.098406	0.995124	0.006732	0.008808	-0.005894	0.999944	
6178														0.051409	-0.031166	9.721303	0.995108	0.098456	-0.008158	-0.098402	0.995124	0.006750	0.008783	-0.005914	0.999944	
6179														0.101401	-0.052763	9.770143	0.995106	0.098481	-0.008150	-0.098427	0.995121	0.006740	0.008773	-0.005905	0.999944	
6180														0.101402	-0.052463	9.770145	0.995106	0.098477	-0.008140	-0.098423	0.995122	0.006729	0.008763	-0.005895	0.999944	
6181														0.053196	-0.078040	9.771423	0.995107	0.098472	-0.008114	-0.098419	0.995122	0.006747	0.008738	-0.005916	0.999944	
6182														0.053858	-0.076636	9.820229	0.995107	0.098468	-0.008133	-0.098414	0.995123	0.006754	0.008759	-0.005920	0.999944	
6183														0.077606	-0.077737	9.746709	0.995107	0.098462	-0.008140	-0.098409	0.995123	0.006744	0.008764	-0.005910	0.999944	
6184														0.103422	-0.099986	9.795860	0.995107	0.098470	-0.008144	-0.098416	0.995122	0.006766	0.008771	-0.005932	0.999944	
6185														0.102309	-0.076768	9.746397	0.995110	0.098434	-0.008150	-0.098381	0.995126	0.006756	0.008776	-0.005922	0.999944	
6186														0.102078	-0.051556	9.770142	0.995108	0.098460	-0.008154	-0.098406	0.995123	0.006778	0.008782	-0.005942	0.999944	
6187														0.102910	-0.075723	9.770800	0.995104	0.098500	-0.008162	-0.098446	0.995119	0.006754	0.008788	-0.005917	0.999944	
6188														0.077316	-0.052807	9.721651	0.995104	0.098493	-0.008156	-0.098440	0.995120	0.006713	0.008778	-0.005877	0.999944	
6189														0.053119	-0.026778	9.794515	0.995105	0.098488	-0.008145	-0.098434	0.995121	0.006733	0.008768	-0.005898	0.999944	
6190														0.076566	-0.027966	9.720993	0.995103	0.098513	-0.008121	-0.098460	0.995118	0.006721	0.008743	-0.005889	0.999944	
6191														0.077098	-0.052141	9.721656	0.995103	0.098509	-0.008095	-0.098455	0.995119	0.006724	0.008718	-0.005894	0.999945	
6192														0.077468	-0.051322	9.746059	0.995104	0.098504	-0.008115	-0.098450	0.995119	0.006731	0.008738	-0.005900	0.999944	
6193														0.077987	-0.050574	9.770461	0.995104	0.098498	-0.008118	-0.098445	0.995120	0.006752	0.008744	-0.005920	0.999944	
6194														0.103593	-0.073550	9.795210	0.995103	0.098507	-0.008139	-0.098453	0.995119	0.006760	0.008765	-0.005925	0.999944	
6195														0.079800	-0.099135	9.771782	0.995105	0.098486	-0.008144	-0.098432	0.995121	0.006766	0.008771	-0.005931	0.999944	
6196														0.128222	-0.072574	9.794896	0.995104	0.098497	-0.008118	-0.098443	0.995120	0.006769	0.008746	-0.005937	0.999944	
6197														0.104204	-0.098088	9.771472	0.995106	0.098477	-0.008125	-0.098423	0.995122	0.006759	0.008751	-0.005927	0.999944	
6198														0.103521	-0.073394	9.770811	0.995107	0.098471	-0.008101	-0.098418	0.995122	0.006747	0.008725	-0.005917	0.999944	
6199														0.078675	-0.074518	9.746725	0.995106	0.098482	-0.008075	-0.098428	0.995121	0.006751	0.008701	-0.005923	0.999945	
6200														0.077996	-0.049973	9.746062	0.995105	0.098490	-0.008080	-0.098437	0.995120	0.006757	0.008706	-0.005929	0.999945	
6201														0.078369	-0.049000	9.770466	0.995103	0.098516	-0.008073	-0.098463	0.995118	0.006732	0.008697	-0.005904	0.999945	
6202														0.077687	-0.024455	9.769801	0.995105	0.098497	-0.008060	-0.098443	0.995120	0.006766	0.008687	-0.005940	0.999945	
6203														0.077613	-0.024978	9.745397	0.995107	0.098476	-0.008098	-0.098422	0.995122	0.006744	0.008722	-0.005914	0.999944	
6204														0.103218	-0.047796	9.770149	0.995107	0.098471	-0.008085	-0.098417	0.995122	0.006764	0.008712	-0.005935	0.999944	
6205														0.078818	-0.048397	9.770465	0.995106	0.098481	-0.008075	-0.098428	0.995121	0.006768	0.008702	-0.005941	0.999944	
6206														0.078820	-0.048247	9.770466	0.995107	0.098475	-0.008066	-0.098421	0.995122	0.006773	0.008694	-0.005946	0.999945	
6207														0.080195	-0.096888	9.771802	0.995106	0.098485	-0.008056	-0.098432	0.995121	0.006778	0.008684	-0.005952	0.999945	
6208														0.054812	-0.073698	9.747048	0.995107	0.098479	-0.008046	-0.098425	0.995121	0.006783	0.008674	-0.005958	0.999945	
6209														0.078902	-0.047723	9.770468	0.995104	0.098504	-0.008053	-0.098451	0.995119	0.006774	0.008680	-0.005948	0.999945	
6210														0.079670	-0.072042	9.771136	0.995103	0.098514	-0.008040	-0.098460	0.995118	0.006809	0.008672	-0.005984	0.999944	
6211														0.080585	-0.096135	9.771806	0.995102	0.098523	-0.008081	-0.098470	0.995117	0.006756	0.008707	-0.005927	0.999945	
6212														0.103758	-0.046213	9.770151	0.995101	0.098533	-0.008056	-0.098480	0.995116	0.006760	0.008682	-0.005933	0.999945	
6213														0.080422	-0.070535	9.795541	0.995102	0.098528	-0.008075	-0.098474	0.995116	0.006782	0.008703	-0.005954	0.999944	
6214														0.079584	-0.046742	9.770467	0.995102	0.098523	-0.008064	-0.098469	0.995117	0.006787	0.008693	-0.005960	0.999944	
6215														0.103594	-0.020835	9.793882	0.995103	0.098518	-0.008054	-0.098464	0.995117	0.006791	0.008684	-0.005965	0.999945	
6216														0.079360	-0.047048	9.746066	0.995103	0.098512	-0.008060	-0.098459	0.995118	0.006782	0.008689	-0.005955	0.999945	
6217														0.079734	-0.046217	9.770468	0.995104	0.098507	-0.008049	-0.098454	0.995118	0.006802	0.008680	-0.005976	0.999944	
6218														0.080726	-0.069706	9.795545	0.995103	0.098518	-0.008042	-0.098464	0.995118	0.006776	0.008670	-0.005951	0.999945	
6219														0.054813	-0.047890	9.721982	0.995102	0.098528	-0.008044	-0.098474	0.995116	0.006812	0.008676	-0.005986	0.999944	
6220														0.055958	-0.071453	9.747058	0.995101	0.098537	-0.008052	-0.098483	0.995116	0.006788	0.008682	-0.005962	0.999945	
6221														0.079814	-0.046072	9.746067	0.995103	0.098516	-0.008057	-0.098463	0.995118	0.006794	0.008687	-0.005967	0.999944	
6222														0.080714	-0.044553	9.794870	0.995100	0.098539	-0.008094	-0.098485	0.995115	0.006803	0.008724	-0.005972	0.999944	
6223														0.080411	-0.045691	9.746063	0.995102	0.098519	-0.008100	-0.098465	0.995117	0.006793	0.008729	-0.005962	0.999944	
6224														0.105337	-0.044019	9.770145	0.995101	0.098529	-0.008121	-0.098475	0.995116	0.006785	0.008750	-0.005952	0.999944	
6225														0.105789	-0.043032	9.794547	0.995100	0.098539	-0.008112	-0.098486	0.995115	0.006774	0.008740	-0.005942	0.999944	
6226														0.081090	-0.044330	9.770466	0.995099	0.098549	-0.008100	-0.098495	0.995114	0.006810	0.008732	-0.005978	0.999944	
6227														0.105872	-0.042804	9.794547	0.995098	0.098559	-0.008108	-0.098505	0.995113	0.006785	0.008737	-0.005953	0.999944	
6228														0.081939	-0.068349	9.771144	0.995102	0.098523	-0.008096	-0.098469	0.995117	0.006805	0.008727	-0.005974	0.999944	
6229														0.056764	-0.044570	9.770789	0.995101	0.098533	-0.008071	-0.098479	0.995116	0.006808	0.008702	-0.005980	0.999944	
6230														0.105968	-0.068047	9.746423	0.995100	0.098543	-0.008077	-0.098489	0.995115	0.006799	0.008708	-0.005970	0.999944	
6231														0.081090	-0.044117	9.746065	0.995100	0.098537	-0.008098	-0.098483	0.995115	0.006806	0.008729	-0.005975	0.999944	
6232														0.056762	-0.044658	9.746388	0.995103	0.098518	-0.008072	-0.098464	0.995117	0.006809	0.008703	-0.005981	0.999944	
6233														0.082467	-0.066911	9.795550	0.995106	0.098482	-0.008075	-0.098428	0.995121	0.006829	0.008708	-0.006001	0.999944	
6234														0.081868	-0.068286	9.746745	0.995101	0.098539	-0.008048	-0.098485	0.995115	0.006848	0.008684	-0.006022	0.999944	
6235														0.081399	-0.043055	9.770469	0.995104	0.098504	-0.008039	-0.098450	0.995119	0.006837	0.008673	-0.006012	0.999944	
6236														0.056159	-0.045443	9.697585	0.995103	0.098514	-0.008047	-0.098461	0.995118	0.006812	0.008679	-0.005986	0.999944	
6237														0.058905	-0.065396	9.844681	0.995102	0.098524	-0.008067	-0.098470	0.995117	0.006819	0.008700	-0.005991	0.999944	
6238														0.131963	-0.063701	9.819310	0.995098	0.098564	-0.008060	-0.098511	0.995113	0.006794	0.008691	-0.005966	0.999944	
6239														0.055395	-0.047389	9.599977	0.995100	0.098544	-0.008064	-0.098490	0.995115	0.006814	0.008696	-0.005987	0.999944	
6240														0.060431	-0.061948	9.942293	0.995099	0.098554	-0.008056	-0.098500	0.995114	0.006804	0.008687	-0.005977	0.999944	
6241														0.081869	-0.067949	9.697947	0.995098	0.098564	-0.008061	-0.098510	0.995113	0.006810	0.008693	-0.005982	0.999944	
6242														0.107485	-0.065095	9.770827	0.995098	0.098558	-0.008094	-0.098504	0.995113	0.006834	0.008728	-0.006003	0.999944	
6243														0.109005	-0.062093	9.868435	0.995100	0.098537	-0.008102	-0.098483	0.995115	0.006809	0.008733	-0.005978	0.999944	
6244														0.081703	-0.068738	9.649143	0.995100	0.098548	-0.008046	-0.098494	0.995114	0.006810	0.008678	-0.005984	0.999944	
6245														0.084148	-0.063034	9.844362	0.995100	0.098542	-0.008082	-0.098488	0.995115	0.006818	0.008714	-0.005989	0.999944	
6246														0.083077	-0.065661	9.746753	0.995101	0.098536	-0.008057	-0.098483	0.995115	0.006822	0.008690	-0.005995	0.999944	
6247														0.058676	-0.066211	9.747079	0.995101	0.098531	-0.008062	-0.098477	0.995116	0.006828	0.008696	-0.006000	0.999944	
6248														0.083437	-0.038804	9.819274	0.995100	0.098541	-0.008069	-0.098487	0.995115	0.006818	0.008701	-0.005990	0.999944	
6249														0.081750	-0.042903	9.672860	0.995102	0.098521	-0.008071	-0.098466	0.995117	0.006854	0.008707	-0.006026	0.999944	
6250														0.059562	-0.039272	9.819598	0.995101	0.098530	-0.008125	-0.098476	0.995116	0.006833	0.008758	-0.006000	0.999944	
6251														0.083745	-0.065523	9.722348	0.995099	0.098555	-0.008114	-0.098501	0.995113	0.006853	0.008749	-0.006020	0.999944	
6252														0.084037	-0.038962	9.794866	0.995100	0.098535	-0.008118	-0.098480	0.995115	0.006859	0.008754	-0.006026	0.999944	
6253														0.108680	-0.063823	9.746421	0.995101	0.098530	-0.008125	-0.098475	0.995116	0.006849	0.008760	-0.006016	0.999944	
6254														0.059718	-0.065700	9.722677	0.995100	0.098539	-0.008130	-0.098484	0.995115	0.006855	0.008766	-0.006021	0.999943	
6255														0.085908	-0.086995	9.796245	0.995100	0.098534	-0.008138	-0.098479	0.995116	0.006831	0.008771	-0.005996	0.999944	
6256														-1.974136	-0.539674	9.787084	0.994932	0.100175	-0.008701	-0.100117	0.994952	0.006865	0.009345	-0.005959	0.999939	
6257														-3.599045	0.716277	9.797330	0.994197	0.107211	-0.008861	-0.107153	0.994219	0.006779	0.009537	-0.005790	0.999938	
6258														-1.104357	1.238140	9.773706	0.994199	0.107190	-0.008877	-0.107131	0.994222	0.006817	0.009556	-0.005827	0.999937	
6259														-1.679193	-0.295938	9.753179	0.994412	0.105141	-0.009543	-0.105082	0.994443	0.006453	0.010169	-0.005414	0.999934	
6260														-0.128629	-0.659508	9.547444	0.994033	0.108712	-0.008958	-0.108654	0.994057	0.006737	0.009637	-0.005724	0.999937	
6261														2.496028	-0.273242	9.893068	0.993460	0.113891	-0.008179	-0.113836	0.993475	0.006921	0.008914	-0.005945	0.999943	
6262														5.848357	-0.405828	9.856333	0.993228	0.115886	-0.008305	-0.115831	0.993245	0.006874	0.009046	-0.005866	0.999942	
6263														3.189362	-0.034009	9.732556	0.992929	0.118448	-0.007927	-0.118396	0.992943	0.006784	0.008675	-0.005798	0.999946	
6264														1.849226	-0.139285	9.752532	0.992192	0.124475	-0.007864	-0.124421	0.992205	0.006975	0.008671	-0.005942	0.999945	
6265														-1.099834	-1.106271	9.815617	0.991403	0.130600	-0.008023	-0.130547	0.991419	0.006790	0.008841	-0.005684	0.999945	
6266														-2.954886	-0.303971	9.789468	0.990549	0.136919	-0.008084	-0.136865	0.990566	0.006858	0.008947	-0.005686	0.999944	
6267														-0.436748	0.470305	9.835046	0.990022	0.140677	-0.008199	-0.140622	0.990039	0.006930	0.009092	-0.005707	0.999942	
6268														0.374181	0.404038	9.778715	0.989661	0.143197	-0.008174	-0.143141	0.989678	0.006979	0.009089	-0.005737	0.999942	
6269														0.219860	0.171892	9.762888	0.989579	0.143749	-0.008287	-0.143692	0.989597	0.007046	0.009214	-0.005782	0.999941	
6270														-0.856273	0.507155	9.765728	0.989660	0.143182	-0.008471	-0.143123	0.989679	0.007159	0.009409	-0.005873	0.999938	
6271														-1.689127	0.230408	9.954776	0.990099	0.140126	-0.008268	-0.140065	0.990113	0.007552	0.009244	-0.006320	0.999937	
6272														1.029518	-0.487560	10.089036	0.990549	0.136935	-0.007882	-0.136860	0.990546	0.009384	0.009093	-0.008216	0.999925	
6273														0.794625	-0.045785	9.639294	0.990866	0.134634	-0.007604	-0.134546	0.990845	0.011094	0.009028	-0.009969	0.999910	
6274														0.229683	-0.387452	9.800525	0.991114	0.132816	-0.007292	-0.132722	0.991079	0.012175	0.008844	-0.011099	0.999899	
6275														0.215150	-0.947754	9.717484	0.991229	0.131928	-0.007771	-0.131849	0.991220	0.009969	0.009018	-0.008857	0.999920	
6276														0.229101	-3.049298	9.536915	0.991580	0.129104	-0.010067	-0.129050	0.991621	0.005845	0.010738	-0.004496	0.999932	
6277														-0.300878	-3.160473	10.965914	0.991716	0.127532	-0.015340	-0.127601	0.991819	-0.003608	0.014755	0.005535	0.999876	
6278														1.583705	-0.760992	15.447335	0.991501	0.126815	-0.029046	-0.127211	0.991801	-0.012192	0.027261	0.015783	0.999504	
6279														2.954545	0.856791	19.365522	0.990841	0.127281	-0.045090	-0.127983	0.991691	-0.013012	0.043060	0.018664	0.998898	
6280														3.405985	2.367413	21.015116	0.989535	0.131208	-0.060036	-0.132138	0.991162	-0.011766	0.057961	0.019576	0.998127	
6281														3.226904	3.543315	21.736717	0.987867	0.136980	-0.073174	-0.138326	0.990293	-0.013638	0.070596	0.023595	0.997226	
6282														2.361656	4.244872	21.456521	0.986248	0.142289	-0.084070	-0.144537	0.989271	-0.021261	0.080143	0.033120	0.996233	
6283														1.197675	4.069643	20.745400	0.984782	0.146165	-0.094020	-0.149990	0.988069	-0.034956	0.087789	0.048526	0.994956	
6284														0.127152	3.272485	19.309617	0.983611	0.147682	-0.103438	-0.153697	0.986707	-0.052779	0.094269	0.067812	0.993235	
6285														-0.356661	2.566921	17.105100	0.982751	0.145429	-0.114237	-0.154244	0.985369	-0.072506	0.102021	0.088875	0.990804	
6286														-0.550100	1.851433	14.682663	0.981900	0.139751	-0.127838	-0.152295	0.983832	-0.094238	0.112602	0.112001	0.987308	
6287														-0.954990	0.067496	12.765365	0.980879	0.132086	-0.142931	-0.149293	0.981821	-0.117213	0.124851	0.136311	0.982767	
6288														-1.592631	-0.700108	9.823596	0.979392	0.125983	-0.157858	-0.148311	0.979164	-0.138712	0.137094	0.159265	0.977671	
6289														-1.406560	-0.107668	6.996418	0.976905	0.123574	-0.174319	-0.151781	0.975535	-0.159044	0.150400	0.181829	0.971760	
6290														-0.950862	0.232673	4.426320	0.972498	0.126103	-0.195821	-0.161566	0.970823	-0.177197	0.167762	0.203961	0.964498	
6291														-0.890446	-0.421187	2.949115	0.965877	0.130257	-0.223861	-0.175080	0.965308	-0.193723	0.190861	0.226306	0.955174	
6292														-0.534865	-0.229734	1.818337	0.957544	0.133349	-0.255592	-0.188835	0.960036	-0.206572	0.217831	0.246067	0.944458	
6293														0.207652	-0.209247	0.249229	0.949337	0.131275	-0.285527	-0.196731	0.956770	-0.214215	0.245062	0.259535	0.934123	
6294														-1.397645	-1.027700	-1.295370	0.943162	0.122841	-0.308796	-0.195394	0.956584	-0.216261	0.268823	0.264306	0.926216	
6295														-3.896164	-0.880246	-4.433347	0.938598	0.116333	-0.324809	-0.191667	0.958615	-0.210523	0.286876	0.259852	0.922052	
6296														-4.204789	-1.226110	-7.423569	0.936543	0.116695	-0.330558	-0.189776	0.961613	-0.198206	0.294739	0.248361	0.922738	
6297														-3.454350	-2.564263	-9.988448	0.938167	0.121416	-0.324193	-0.187452	0.965478	-0.180868	0.291041	0.230455	0.928540	
6298														-4.200084	-3.579969	-11.352210	0.944029	0.126993	-0.304437	-0.183106	0.969417	-0.163412	0.274374	0.210010	0.938411	
6299														-4.314960	-4.096604	-10.942571	0.953449	0.136069	-0.269110	-0.179870	0.972892	-0.145353	0.242037	0.186991	0.952078	
6300														-3.506754	-4.304541	-7.006812	0.963441	0.150993	-0.221319	-0.181873	0.975160	-0.126430	0.196731	0.162059	0.966971	
6301														-1.871498	-4.524752	-2.119621	0.971124	0.169663	-0.167728	-0.188337	0.976748	-0.102434	0.146449	0.131065	0.980497	
6302														0.509286	-4.076783	3.382737	0.975618	0.184476	-0.118901	-0.193591	0.978567	-0.070212	0.103400	0.091518	0.990421	
6303														2.950280	-3.550269	7.198525	0.979506	0.184404	-0.081017	-0.187915	0.981449	-0.038025	0.072502	0.052470	0.995987	
6304														3.818175	-0.772717	13.654109	0.983701	0.171356	-0.054496	-0.172536	0.984844	-0.017718	0.050634	0.026831	0.998357	
6305														6.315939	1.879404	23.696960	0.987630	0.152577	-0.036168	-0.152902	0.988221	-0.006385	0.034768	0.011836	0.999325	
6306														8.422233	3.529428	30.895298	0.990375	0.136972	-0.019889	-0.136758	0.990535	0.011739	0.021309	-0.008906	0.999733	
6307														9.205045	5.818602	30.837708	0.991332	0.131159	-0.007654	-0.130858	0.990897	0.031602	0.011729	-0.030326	0.999471	
6308														9.564839	4.741966	29.989387	0.990659	0.136362	-0.000725	-0.136203	0.989733	0.043329	0.006626	-0.042825	0.999061	
6309														7.799193	2.326090	29.145003	0.989278	0.146041	-0.000703	-0.145830	0.988088	0.049144	0.007871	-0.048515	0.998791	
6310														5.135981	1.262779	26.456099	0.987799	0.155402	-0.010196	-0.154653	0.986533	0.053253	0.018334	-0.051026	0.998529	
6311														2.594803	0.114601	23.738117	0.985974	0.163918	-0.031388	-0.162094	0.985307	0.053809	0.039747	-0.047966	0.998058	
6312														1.058668	-0.440756	21.946023	0.983318	0.171627	-0.060254	-0.168800	0.984418	0.049262	0.067770	-0.038269	0.996967	
6313														0.225021	0.947181	19.357521	0.979490	0.179099	-0.092316	-0.176149	0.983581	0.039233	0.097827	-0.022167	0.994956	
6314														-0.229988	1.576843	17.267940	0.973743	0.188357	-0.127856	-0.187489	0.982085	0.018902	0.129125	0.005566	0.991613	
6315														1.039605	1.323035	16.827294	0.965497	0.199501	-0.167376	-0.204215	0.978861	-0.011263	0.161591	0.045055	0.985829	
6316														1.780656	-1.382609	16.812807	0.957048	0.204009	-0.206008	-0.217874	0.974855	-0.046779	0.191285	0.089653	0.977432	
6317														-1.534679	-1.875373	13.680420	0.948356	0.203201	-0.243579	-0.228334	0.970329	-0.079526	0.220192	0.131037	0.966615	
6318														-3.530596	-2.917362	10.490615	0.937751	0.203907	-0.281149	-0.241921	0.964320	-0.107522	0.249193	0.168844	0.953622	
6319														-4.005790	-2.730850	6.604466	0.925615	0.209846	-0.314964	-0.259960	0.957346	-0.126135	0.275060	0.198631	0.940685	
6320														-4.538037	-2.730190	1.739269	0.913168	0.219962	-0.343134	-0.279903	0.950396	-0.135654	0.296274	0.219919	0.929439	
6321														-4.027847	-2.333846	-4.210698	0.901672	0.229391	-0.366561	-0.296492	0.945023	-0.137929	0.314768	0.233049	0.920113	
6322														-3.588964	-1.687050	-9.446816	0.892325	0.232274	-0.387046	-0.304786	0.942508	-0.137058	0.332959	0.240266	0.911817	
6323														-4.739044	-1.433742	-12.379570	0.887047	0.224602	-0.403363	-0.300972	0.943839	-0.136324	0.350091	0.242327	0.904828	
6324														-8.609189	-2.645897	-12.063049	0.886986	0.214006	-0.409216	-0.289144	0.948309	-0.130793	0.360072	0.234334	0.903015	
6325														-8.283635	-3.596940	-12.729832	0.893869	0.205070	-0.398678	-0.272317	0.954764	-0.119450	0.356148	0.215340	0.909279	
6326														-7.371569	-5.631480	-9.957580	0.908666	0.197806	-0.367694	-0.252759	0.961556	-0.107349	0.332324	0.190482	0.923730	
6327														-6.418498	-5.103078	-5.589397	0.927495	0.194355	-0.319341	-0.234769	0.967595	-0.092974	0.290923	0.161204	0.943068	
6328														-3.194833	-3.109786	0.283321	0.945293	0.191818	-0.263870	-0.218847	0.972725	-0.076886	0.241925	0.130427	0.961489	
6329														0.192549	-2.489951	6.450969	0.959721	0.185236	-0.211243	-0.201631	0.977700	-0.058718	0.195656	0.098946	0.975668	
6330														4.451156	0.251846	12.784403	0.970571	0.172658	-0.167874	-0.181945	0.982433	-0.041497	0.157760	0.070820	0.984935	
6331														8.293632	3.191463	19.928529	0.978953	0.150797	-0.137518	-0.156092	0.987331	-0.028501	0.131478	0.049367	0.990089	
6332														10.587009	4.800046	26.863417	0.984636	0.129538	-0.117098	-0.132553	0.991007	-0.018307	0.113674	0.033547	0.992952	
6333														12.003444	5.452574	30.795063	0.987778	0.116351	-0.103720	-0.117928	0.992980	-0.009181	0.101924	0.021300	0.994564	
6334														12.803852	5.042208	31.472937	0.988651	0.112662	-0.099383	-0.113343	0.993555	-0.001217	0.098605	0.012468	0.995049	
6335														11.452755	3.031825	29.610596	0.988150	0.113019	-0.103860	-0.113412	0.993546	0.002129	0.103430	0.009676	0.994590	
6336														8.062440	1.503156	28.743465	0.986444	0.114164	-0.117878	-0.114506	0.993415	0.003884	0.117545	0.009666	0.993020	
6337														4.625813	1.402679	26.513807	0.983357	0.116390	-0.139504	-0.116758	0.993145	0.005574	0.139196	0.010807	0.990206	
6338														2.130618	1.121202	24.182830	0.978246	0.123611	-0.166601	-0.124706	0.992186	0.003911	0.165783	0.016950	0.986017	
6339														1.373013	1.324545	21.632853	0.971182	0.135817	-0.195856	-0.139158	0.990265	-0.003337	0.193497	0.030495	0.980627	
6340														1.011961	2.412018	18.603581	0.962029	0.151971	-0.226728	-0.159875	0.986994	-0.016801	0.221226	0.052411	0.973813	
6341														0.921121	2.560213	15.926642	0.950367	0.171023	-0.259910	-0.187057	0.981611	-0.038069	0.248620	0.084798	0.964882	
6342														-0.131942	0.824180	14.240496	0.936417	0.189466	-0.295339	-0.218078	0.973640	-0.066839	0.274890	0.126996	0.953052	
6343														-0.904200	-1.684798	13.033821	0.920921	0.204107	-0.332031	-0.249373	0.963281	-0.099510	0.299529	0.174440	0.938005	
6344														-1.484600	-4.689559	11.025172	0.908462	0.209410	-0.361724	-0.270718	0.954177	-0.127509	0.318447	0.213762	0.923524	
6345														-4.800893	-2.290440	3.936034	0.898213	0.209692	-0.386319	-0.283472	0.948031	-0.144502	0.335941	0.239304	0.910976	
6346														-5.297026	-1.738023	-1.952121	0.887851	0.210521	-0.409148	-0.294124	0.943474	-0.152799	0.353853	0.256003	0.899584	
6347														-6.177781	-2.998281	-8.374692	0.877091	0.210313	-0.431834	-0.301180	0.941155	-0.153357	0.374169	0.264568	0.888820	
6348														-7.385252	-4.383388	-14.068081	0.870446	0.201261	-0.449241	-0.296052	0.943145	-0.151098	0.393289	0.264521	0.880541	
6349														-9.755219	-4.704439	-15.558141	0.873165	0.185014	-0.450947	-0.277228	0.949453	-0.147254	0.400909	0.253592	0.880320	
6350														-10.519080	-5.749671	-12.985612	0.885877	0.170866	-0.431309	-0.251821	0.957923	-0.137734	0.389626	0.230628	0.891629	
6351														-8.811725	-5.825312	-9.472640	0.905395	0.164475	-0.391417	-0.227855	0.966137	-0.121081	0.358248	0.198813	0.912213	
6352														-5.995576	-5.151543	-4.154699	0.927862	0.164577	-0.334644	-0.209458	0.972428	-0.102523	0.308545	0.165221	0.936751	
6353														-3.871162	-1.886035	3.367738	0.948089	0.165581	-0.271497	-0.194889	0.977169	-0.084613	0.251288	0.133133	0.958713	
6354														-0.662555	0.430795	9.586206	0.963138	0.161212	-0.215349	-0.179100	0.981602	-0.066181	0.200718	0.102310	0.974292	
6355														3.562746	3.117097	14.075510	0.973780	0.146550	-0.173998	-0.157787	0.986075	-0.052536	0.163876	0.078614	0.983344	
6356														7.008244	5.992064	19.790523	0.981954	0.120377	-0.145861	-0.128312	0.990656	-0.046234	0.138933	0.064116	0.988224	
6357														10.432188	6.720773	25.345431	0.988266	0.093447	-0.120823	-0.099166	0.994175	-0.042209	0.116175	0.053695	0.991776	
6358														13.057334	6.761096	27.136823	0.992390	0.079142	-0.094337	-0.083183	0.995744	-0.039692	0.090794	0.047238	0.994749	
6359														14.541250	4.863496	26.177781	0.993926	0.079849	-0.075728	-0.083189	0.995648	-0.042016	0.072044	0.048060	0.996243	
6360														14.905573	2.104395	25.553814	0.993901	0.084365	-0.071014	-0.087857	0.994997	-0.047567	0.066646	0.053516	0.996340	
6361														12.343854	0.820638	24.582893	0.993032	0.087673	-0.078741	-0.091923	0.994404	-0.052072	0.073736	0.058947	0.995534	
6362														9.691135	1.621004	22.962380	0.990937	0.090790	-0.098997	-0.096582	0.993784	-0.055367	0.093355	0.064426	0.993546	
6363														7.339677	1.427535	22.037314	0.986995	0.094585	-0.129980	-0.102950	0.992923	-0.059209	0.123459	0.071821	0.989747	
6364														5.655744	1.863416	19.616128	0.980823	0.101738	-0.166241	-0.113723	0.991435	-0.064216	0.158284	0.081890	0.983992	
6365														3.276050	2.762802	17.182139	0.971852	0.112890	-0.206785	-0.131060	0.988430	-0.076345	0.195774	0.101297	0.975403	
6366														0.752966	2.551392	16.019540	0.959102	0.128485	-0.252218	-0.157151	0.982806	-0.096930	0.235427	0.132602	0.962804	
6367														-0.826292	1.073333	15.001598	0.943097	0.145980	-0.298762	-0.189512	0.974245	-0.122195	0.273229	0.171861	0.946472	
6368														-2.759302	-0.919782	13.750355	0.925752	0.162931	-0.341228	-0.223709	0.963529	-0.146855	0.304856	0.212287	0.928438	
6369														-4.154035	-3.333785	12.825228	0.909563	0.175275	-0.376794	-0.252822	0.952992	-0.166992	0.329812	0.247152	0.911120	
6370														-6.434950	-4.515603	9.616530	0.898518	0.182624	-0.399141	-0.270070	0.946852	-0.174738	0.346016	0.264801	0.900085	
6371														-8.389630	-0.784168	1.495206	0.890775	0.192961	-0.411444	-0.284157	0.943055	-0.172921	0.354648	0.270948	0.894881	
6372														-8.196097	0.508759	-3.371604	0.883472	0.209763	-0.418900	-0.302665	0.938067	-0.168594	0.357591	0.275735	0.892244	
6373														-5.183370	-2.961357	-6.871006	0.880181	0.223026	-0.418975	-0.315080	0.934726	-0.164352	0.354973	0.276670	0.892999	
6374														-4.782088	-3.087065	-9.813377	0.883133	0.226196	-0.410987	-0.313845	0.936028	-0.159229	0.348678	0.269607	0.897628	
6375														-6.139823	-4.354385	-9.702315	0.890845	0.226378	-0.393888	-0.304572	0.940908	-0.148078	0.337091	0.251882	0.907152	
6376														-5.483368	-4.457661	-7.960541	0.902814	0.229040	-0.363961	-0.293295	0.946917	-0.131632	0.314492	0.225587	0.922066	
6377														-4.348867	-4.821403	-3.356552	0.917234	0.236121	-0.320825	-0.284023	0.952359	-0.111100	0.279308	0.193027	0.940600	
6378														-5.181061	-3.262143	2.163384	0.930761	0.246828	-0.269740	-0.278736	0.956456	-0.086588	0.236622	0.155779	0.959032	
6379														-2.382092	-0.080427	7.024149	0.941248	0.256099	-0.220150	-0.274682	0.959792	-0.057879	0.196476	0.114949	0.973747	
6380														2.028978	1.397072	11.409574	0.951126	0.251547	-0.179117	-0.261055	0.964818	-0.031259	0.164952	0.076490	0.983331	
6381														5.641020	3.568865	15.941311	0.961792	0.227985	-0.151585	-0.232289	0.972584	-0.011078	0.144903	0.045866	0.988382	
6382														7.769073	5.288127	20.316893	0.971994	0.192164	-0.135282	-0.193535	0.981089	0.003069	0.133313	0.023199	0.990802	
6383														8.086963	5.628178	24.025777	0.979583	0.158791	-0.123298	-0.158781	0.987263	0.009971	0.123311	0.009810	0.992320	
6384														9.529694	5.907642	26.312520	0.983753	0.141410	-0.110608	-0.141405	0.989920	0.007927	0.110614	0.007842	0.993833	
6385														11.198744	4.931394	25.321110	0.985135	0.141707	-0.097098	-0.142611	0.989776	-0.002402	0.095764	0.016213	0.995272	
6386														11.117232	3.039160	22.398839	0.984246	0.153036	-0.088543	-0.155360	0.987656	-0.019945	0.084398	0.033387	0.995873	
6387														9.794203	1.912363	20.234195	0.981538	0.167902	-0.091611	-0.172436	0.984038	-0.043993	0.082762	0.058978	0.994823	
6388														7.817055	0.996585	19.922622	0.976897	0.184010	-0.108683	-0.192165	0.978865	-0.069968	0.093511	0.089236	0.991611	
6389														6.340215	0.149549	18.678556	0.970219	0.201491	-0.134451	-0.214775	0.972243	-0.092825	0.112016	0.118937	0.986563	
6390														4.779898	-0.717461	17.256254	0.961753	0.219565	-0.163774	-0.239322	0.964405	-0.112467	0.133250	0.147360	0.980066	
6391														2.752512	-1.460892	13.870011	0.952440	0.234820	-0.194209	-0.262357	0.956087	-0.130641	0.155004	0.175380	0.972222	
6392														0.458935	-0.733560	10.659108	0.941306	0.247703	-0.229317	-0.285804	0.946319	-0.150984	0.179608	0.207662	0.961570	
6393														-0.643297	-0.546671	8.567387	0.928127	0.257711	-0.268636	-0.309536	0.935144	-0.172319	0.206805	0.243086	0.947703	
6394														-1.604700	-0.133071	6.298756	0.914276	0.263203	-0.307935	-0.330821	0.923833	-0.192590	0.233790	0.277952	0.931711	
6395														-1.969083	-1.446049	5.026687	0.901669	0.265275	-0.341501	-0.348487	0.913338	-0.210641	0.256028	0.308938	0.915973	
6396														-4.166889	-4.707655	4.168633	0.894650	0.261767	-0.362048	-0.355697	0.907684	-0.222687	0.270333	0.328007	0.905169	
6397														-8.634980	-3.525102	0.064880	0.890233	0.260994	-0.373319	-0.358508	0.907043	-0.220783	0.280993	0.330386	0.901048	
6398														-7.405458	-0.652592	-4.135975	0.886703	0.266045	-0.378124	-0.361666	0.908624	-0.208806	0.288021	0.321903	0.901899	
6399														-4.299247	-0.261048	-5.376873	0.887248	0.270419	-0.373717	-0.360885	0.911520	-0.197212	0.287321	0.309845	0.906335	
6400														-4.201166	-1.519308	-3.538257	0.893840	0.270960	-0.357256	-0.353165	0.916354	-0.188597	0.276270	0.294746	0.914768	
6401														-4.614762	-2.908748	-1.807193	0.904128	0.271585	-0.329840	-0.341775	0.922988	-0.176871	0.256402	0.272645	0.927320	
6402														-5.183087	-5.703544	-1.237378	0.917515	0.272394	-0.289772	-0.327058	0.931347	-0.160082	0.226273	0.241650	0.943613	
6403														-5.130517	-4.269560	-1.363390	0.930929	0.274665	-0.240689	-0.312808	0.939830	-0.137370	0.188476	0.203171	0.960832	
6404														-3.635252	-1.376705	2.448584	0.942118	0.274791	-0.192103	-0.299492	0.947295	-0.113736	0.150725	0.164686	0.974762	
