// Start Time: Unknown: 
// Update Rate: 60.0Hz 
// Filter Profile: human (46.1) 
// Firmware Version: 4.6.0
PacketCounter	SampleTimeFine	Year	Month	Day	Second	UTC_Nano	UTC_Year	UTC_Month	UTC_Day	UTC_Hour	UTC_Minute	UTC_Second	UTC_Valid	Acc_X	Acc_Y	Acc_Z	Mat[1][1]	Mat[2][1]	Mat[3][1]	Mat[1][2]	Mat[2][2]	Mat[3][2]	Mat[1][3]	Mat[2][3]	Mat[3][3] 
3598														-0.113687	0.067001	9.755990	-0.936909	0.349417	-0.010472	-0.349467	-0.936943	0.003289	-0.008663	0.006741	0.999940	
3599														-0.068349	0.041966	9.759686	-0.936908	0.349420	-0.010446	-0.349469	-0.936942	0.003260	-0.008648	0.006705	0.999940	
3600														-0.085358	0.069762	9.743087	-0.936912	0.349408	-0.010465	-0.349458	-0.936946	0.003262	-0.008666	0.006713	0.999940	
3601														-0.086863	0.056793	9.772855	-0.936900	0.349441	-0.010462	-0.349490	-0.936934	0.003288	-0.008653	0.006737	0.999940	
3602														-0.105322	0.071590	9.800641	-0.936904	0.349430	-0.010455	-0.349479	-0.936939	0.003268	-0.008654	0.006716	0.999940	
3603														-0.091583	0.073297	9.801500	-0.936909	0.349419	-0.010446	-0.349468	-0.936943	0.003282	-0.008641	0.006726	0.999940	
3604														-0.087436	0.057226	9.743602	-0.936908	0.349422	-0.010425	-0.349471	-0.936942	0.003267	-0.008626	0.006705	0.999940	
3605														-0.092173	0.073628	9.786868	-0.936912	0.349411	-0.010411	-0.349460	-0.936946	0.003267	-0.008613	0.006699	0.999940	
3606														-0.059873	0.060652	9.745331	-0.936916	0.349400	-0.010416	-0.349449	-0.936950	0.003275	-0.008615	0.006708	0.999940	
3607														-0.091435	0.045636	9.787966	-0.936914	0.349403	-0.010427	-0.349453	-0.936948	0.003296	-0.008618	0.006732	0.999940	
3608														-0.077253	0.061180	9.759045	-0.936908	0.349420	-0.010447	-0.349470	-0.936942	0.003297	-0.008636	0.006740	0.999940	
3609														-0.081325	0.077322	9.787692	-0.936922	0.349381	-0.010453	-0.349431	-0.936956	0.003306	-0.008639	0.006750	0.999940	
3610														-0.080456	0.076862	9.758458	-0.936921	0.349384	-0.010466	-0.349434	-0.936955	0.003293	-0.008655	0.006743	0.999940	
3611														-0.082285	0.077784	9.773058	-0.936915	0.349402	-0.010451	-0.349451	-0.936949	0.003292	-0.008642	0.006736	0.999940	
3612														-0.096433	0.062429	9.772731	-0.936913	0.349405	-0.010456	-0.349455	-0.936947	0.003299	-0.008644	0.006745	0.999940	
3613														-0.069132	0.065924	9.789097	-0.936918	0.349394	-0.010450	-0.349443	-0.936952	0.003279	-0.008645	0.006723	0.999940	
3614														-0.076199	0.065158	9.774036	-0.936922	0.349383	-0.010462	-0.349433	-0.936956	0.003283	-0.008655	0.006732	0.999940	
3615														-0.083265	0.064391	9.758975	-0.936925	0.349372	-0.010474	-0.349422	-0.936960	0.003288	-0.008665	0.006741	0.999940	
3616														-0.100441	0.078413	9.757501	-0.936919	0.349389	-0.010454	-0.349439	-0.936954	0.003273	-0.008652	0.006719	0.999940	
3617														-0.086452	0.065971	9.773559	-0.936918	0.349392	-0.010467	-0.349442	-0.936952	0.003260	-0.008668	0.006712	0.999940	
3618														-0.085233	0.051405	9.759508	-0.936922	0.349382	-0.010472	-0.349431	-0.936956	0.003268	-0.008670	0.006721	0.999940	
3619														-0.073701	0.068366	9.774426	-0.936921	0.349385	-0.010464	-0.349435	-0.936955	0.003281	-0.008658	0.006731	0.999940	
3620														-0.089092	0.067508	9.773525	-0.936920	0.349388	-0.010458	-0.349437	-0.936954	0.003260	-0.008659	0.006709	0.999940	
3621														-0.089923	0.068021	9.773513	-0.936918	0.349392	-0.010455	-0.349441	-0.936953	0.003288	-0.008647	0.006734	0.999940	
3622														-0.089818	0.068190	9.758891	-0.936923	0.349380	-0.010460	-0.349430	-0.936957	0.003296	-0.008649	0.006743	0.999940	
3623														-0.089454	0.054196	9.759455	-0.936927	0.349370	-0.010466	-0.349419	-0.936961	0.003304	-0.008652	0.006752	0.999940	
3624														-0.077059	0.070446	9.759765	-0.936926	0.349372	-0.010453	-0.349421	-0.936960	0.003269	-0.008652	0.006716	0.999940	
3625														-0.064192	0.072616	9.775264	-0.936919	0.349390	-0.010431	-0.349439	-0.936953	0.003288	-0.008624	0.006725	0.999940	
3626														-0.108418	0.069367	9.772559	-0.936929	0.349365	-0.010400	-0.349415	-0.936962	0.003328	-0.008581	0.006752	0.999940	
3627														-0.080057	0.072655	9.774345	-0.936922	0.349382	-0.010420	-0.349432	-0.936956	0.003329	-0.008600	0.006760	0.999940	
3628														-0.080022	0.072815	9.759724	-0.936921	0.349386	-0.010417	-0.349436	-0.936954	0.003357	-0.008587	0.006785	0.999940	
3629														-0.095008	0.057935	9.774002	-0.936920	0.349389	-0.010396	-0.349439	-0.936953	0.003342	-0.008573	0.006764	0.999940	
3630														-0.096160	0.072303	9.758801	-0.936914	0.349406	-0.010390	-0.349455	-0.936947	0.003321	-0.008574	0.006742	0.999941	
3631														-0.083459	0.074627	9.774302	-0.936907	0.349424	-0.010401	-0.349473	-0.936940	0.003342	-0.008577	0.006766	0.999940	
3632														-0.084291	0.075141	9.774291	-0.936912	0.349412	-0.010380	-0.349462	-0.936945	0.003328	-0.008563	0.006745	0.999941	
3633														-0.083900	0.060928	9.774865	-0.936921	0.349386	-0.010394	-0.349436	-0.936955	0.003316	-0.008580	0.006739	0.999940	
3634														-0.084722	0.061298	9.774856	-0.936926	0.349375	-0.010359	-0.349424	-0.936959	0.003308	-0.008550	0.006720	0.999941	
3635														-0.099075	0.059913	9.759329	-0.936925	0.349378	-0.010365	-0.349427	-0.936958	0.003316	-0.008553	0.006729	0.999941	
3636														-0.070864	0.063151	9.761137	-0.936918	0.349396	-0.010371	-0.349445	-0.936951	0.003323	-0.008556	0.006737	0.999941	
3637														-0.087626	0.076983	9.759626	-0.936917	0.349399	-0.010376	-0.349448	-0.936950	0.003330	-0.008558	0.006746	0.999941	
3638														-0.072672	0.064171	9.761117	-0.936916	0.349402	-0.010369	-0.349451	-0.936949	0.003309	-0.008559	0.006724	0.999941	
3639														-0.087238	0.062614	9.745585	-0.936904	0.349433	-0.010377	-0.349482	-0.936937	0.003281	-0.008576	0.006701	0.999941	
3640														-0.087875	0.048894	9.760773	-0.936903	0.349436	-0.010376	-0.349485	-0.936936	0.003274	-0.008577	0.006694	0.999941	
3641														-0.076893	0.079820	9.760496	-0.936901	0.349439	-0.010390	-0.349488	-0.936935	0.003262	-0.008595	0.006687	0.999941	
3642														-0.107880	0.078085	9.773256	-0.936900	0.349443	-0.010375	-0.349491	-0.936934	0.003261	-0.008581	0.006681	0.999941	
3643														-0.063805	0.067962	9.776595	-0.936899	0.349446	-0.010389	-0.349494	-0.936933	0.003248	-0.008598	0.006674	0.999941	
3644														-0.094712	0.066077	9.789353	-0.936899	0.349444	-0.010430	-0.349493	-0.936933	0.003219	-0.008648	0.006661	0.999940	
3645														-0.093108	0.051362	9.775331	-0.936898	0.349448	-0.010422	-0.349497	-0.936932	0.003232	-0.008635	0.006671	0.999940	
3646														-0.109730	0.065110	9.773803	-0.936897	0.349451	-0.010407	-0.349499	-0.936931	0.003232	-0.008622	0.006665	0.999941	
3647														-0.082340	0.068680	9.790247	-0.936896	0.349453	-0.010387	-0.349501	-0.936930	0.003217	-0.008608	0.006644	0.999941	
3648														-0.080805	0.054039	9.776227	-0.936901	0.349441	-0.010379	-0.349489	-0.936935	0.003231	-0.008595	0.006655	0.999941	
3649														-0.081749	0.068632	9.761015	-0.936900	0.349444	-0.010336	-0.349492	-0.936934	0.003243	-0.008551	0.006650	0.999941	
3650														-0.082092	0.055085	9.776210	-0.936894	0.349462	-0.010342	-0.349510	-0.936927	0.003250	-0.008554	0.006659	0.999941	
3651														-0.082166	0.055077	9.761592	-0.936897	0.349453	-0.010370	-0.349501	-0.936930	0.003231	-0.008587	0.006651	0.999941	
3652														-0.071945	0.072539	9.791123	-0.936890	0.349470	-0.010376	-0.349519	-0.936924	0.003237	-0.008591	0.006660	0.999941	
3653														-0.101968	0.070406	9.789250	-0.936888	0.349474	-0.010382	-0.349523	-0.936922	0.003245	-0.008593	0.006669	0.999941	
3654														-0.098451	0.054807	9.746021	-0.936893	0.349463	-0.010354	-0.349512	-0.936926	0.003250	-0.008565	0.006664	0.999941	
3655														-0.071345	0.072628	9.747274	-0.936892	0.349467	-0.010345	-0.349515	-0.936925	0.003264	-0.008552	0.006674	0.999941	
3656														-0.074790	0.060626	9.806293	-0.936890	0.349471	-0.010345	-0.349519	-0.936923	0.003257	-0.008554	0.006667	0.999941	
3657														-0.085239	0.057124	9.732318	-0.936889	0.349475	-0.010331	-0.349523	-0.936922	0.003256	-0.008541	0.006661	0.999941	
3658														-0.087055	0.058150	9.746914	-0.936882	0.349492	-0.010337	-0.349541	-0.936916	0.003263	-0.008545	0.006670	0.999941	
3659														-0.078695	0.076669	9.805657	-0.936881	0.349496	-0.010337	-0.349544	-0.936914	0.003256	-0.008547	0.006663	0.999941	
3660														-0.074156	0.060465	9.747832	-0.936869	0.349528	-0.010308	-0.349576	-0.936902	0.003260	-0.008519	0.006658	0.999942	
3661														-0.074836	0.060984	9.747823	-0.936873	0.349518	-0.010300	-0.349567	-0.936906	0.003274	-0.008506	0.006667	0.999942	
3662														-0.091288	0.060716	9.761477	-0.936877	0.349507	-0.010320	-0.349556	-0.936910	0.003275	-0.008524	0.006676	0.999941	
3663														-0.080250	0.091905	9.761187	-0.936875	0.349511	-0.010304	-0.349560	-0.936908	0.003309	-0.008497	0.006702	0.999941	
3664														-0.078173	0.063206	9.762400	-0.936875	0.349513	-0.010263	-0.349561	-0.936908	0.003286	-0.008467	0.006666	0.999942	
3665														-0.076432	0.048489	9.748398	-0.936880	0.349501	-0.010240	-0.349549	-0.936912	0.003307	-0.008439	0.006677	0.999942	
3666														-0.081222	0.092805	9.746552	-0.936884	0.349489	-0.010246	-0.349537	-0.936917	0.003315	-0.008441	0.006687	0.999942	
3667														-0.098479	0.078917	9.790021	-0.936883	0.349491	-0.010274	-0.349540	-0.936916	0.003296	-0.008474	0.006679	0.999942	
3668														-0.082635	0.065713	9.776963	-0.936887	0.349480	-0.010280	-0.349528	-0.936920	0.003304	-0.008477	0.006688	0.999942	
3669														-0.081531	0.065106	9.747743	-0.936892	0.349469	-0.010273	-0.349517	-0.936924	0.003284	-0.008478	0.006667	0.999942	
3670														-0.114889	0.078307	9.774426	-0.936890	0.349473	-0.010273	-0.349521	-0.936923	0.003276	-0.008480	0.006660	0.999942	
3671														-0.085414	0.067025	9.776930	-0.936894	0.349462	-0.010293	-0.349510	-0.936927	0.003278	-0.008498	0.006669	0.999942	
3672														-0.084310	0.066560	9.747709	-0.936888	0.349479	-0.010284	-0.349527	-0.936920	0.003291	-0.008485	0.006678	0.999942	
3673														-0.084126	0.066476	9.733095	-0.936903	0.349439	-0.010277	-0.349487	-0.936936	0.003272	-0.008485	0.006658	0.999942	
3674														-0.088045	0.068340	9.776898	-0.936886	0.349484	-0.010271	-0.349532	-0.936919	0.003250	-0.008487	0.006635	0.999942	
3675														-0.075832	0.084668	9.777224	-0.936896	0.349458	-0.010284	-0.349506	-0.936929	0.003238	-0.008504	0.006628	0.999942	
3676														-0.086611	0.053580	9.748287	-0.936894	0.349461	-0.010290	-0.349509	-0.936927	0.003246	-0.008507	0.006637	0.999942	
3677														-0.091848	0.070322	9.791466	-0.936894	0.349463	-0.010281	-0.349511	-0.936926	0.003260	-0.008494	0.006647	0.999942	
3678														-0.089484	0.069185	9.747645	-0.936898	0.349452	-0.010247	-0.349499	-0.936931	0.003252	-0.008464	0.006628	0.999942	
3679														-0.077133	0.085678	9.747972	-0.936897	0.349454	-0.010272	-0.349502	-0.936930	0.003267	-0.008483	0.006651	0.999942	
3680														-0.094277	0.071943	9.791431	-0.936891	0.349472	-0.010264	-0.349520	-0.936923	0.003280	-0.008470	0.006660	0.999942	
3681														-0.079460	0.073195	9.777781	-0.936901	0.349446	-0.010238	-0.349494	-0.936933	0.003252	-0.008456	0.006625	0.999942	
3682														-0.092586	0.057044	9.762828	-0.936905	0.349434	-0.010271	-0.349482	-0.936938	0.003249	-0.008488	0.006633	0.999942	
3683														-0.093489	0.057555	9.762816	-0.936904	0.349437	-0.010243	-0.349485	-0.936936	0.003254	-0.008460	0.006628	0.999942	
3684														-0.078954	0.072997	9.733940	-0.936903	0.349441	-0.010235	-0.349488	-0.936935	0.003267	-0.008448	0.006638	0.999942	
3685														-0.081401	0.060542	9.778367	-0.936902	0.349444	-0.010221	-0.349491	-0.936934	0.003267	-0.008435	0.006633	0.999942	
3686														-0.069065	0.077049	9.778697	-0.936905	0.349434	-0.010227	-0.349482	-0.936937	0.003274	-0.008438	0.006642	0.999942	
3687														-0.081155	0.060421	9.749141	-0.936894	0.349465	-0.010234	-0.349512	-0.936926	0.003246	-0.008454	0.006618	0.999942	
3688														-0.083225	0.061233	9.763733	-0.936899	0.349451	-0.010241	-0.349499	-0.936931	0.003221	-0.008470	0.006597	0.999942	
3689														-0.083848	0.047784	9.778955	-0.936902	0.349442	-0.010259	-0.349489	-0.936935	0.003256	-0.008474	0.006636	0.999942	
3690														-0.086509	0.077120	9.763075	-0.936896	0.349458	-0.010265	-0.349506	-0.936928	0.003263	-0.008477	0.006645	0.999942	
3691														-0.083530	0.047955	9.749729	-0.936889	0.349477	-0.010250	-0.349525	-0.936921	0.003262	-0.008464	0.006639	0.999942	
3692														-0.088844	0.064497	9.792892	-0.936888	0.349480	-0.010245	-0.349527	-0.936921	0.003241	-0.008466	0.006617	0.999942	
3693														-0.087602	0.063863	9.763678	-0.936892	0.349470	-0.010237	-0.349518	-0.936924	0.003255	-0.008454	0.006627	0.999942	
3694														-0.089472	0.064991	9.778268	-0.936890	0.349473	-0.010242	-0.349521	-0.936923	0.003262	-0.008456	0.006636	0.999942	
3695														-0.089257	0.064819	9.763657	-0.936895	0.349462	-0.010216	-0.349509	-0.936927	0.003234	-0.008442	0.006600	0.999943	
3696														-0.089114	0.064644	9.749044	-0.936899	0.349450	-0.010236	-0.349498	-0.936932	0.003236	-0.008459	0.006609	0.999942	
3697														-0.105757	0.064394	9.762648	-0.936898	0.349453	-0.010261	-0.349501	-0.936930	0.003251	-0.008478	0.006632	0.999942	
3698														-0.090717	0.051856	9.764259	-0.936907	0.349428	-0.010247	-0.349475	-0.936940	0.003252	-0.008464	0.006628	0.999942	
3699														-0.079732	0.082881	9.763954	-0.936906	0.349431	-0.010232	-0.349478	-0.936939	0.003251	-0.008451	0.006622	0.999942	
3700														-0.077826	0.054259	9.765225	-0.936905	0.349434	-0.010253	-0.349481	-0.936938	0.003252	-0.008470	0.006630	0.999942	
3701														-0.094393	0.053861	9.778827	-0.936909	0.349422	-0.010252	-0.349470	-0.936942	0.003246	-0.008472	0.006625	0.999942	
3702														-0.094615	0.067926	9.748970	-0.936908	0.349426	-0.010264	-0.349474	-0.936940	0.003268	-0.008475	0.006648	0.999942	
3703														-0.096576	0.069125	9.763557	-0.936901	0.349443	-0.010270	-0.349492	-0.936934	0.003274	-0.008478	0.006657	0.999942	
3704														-0.097050	0.055686	9.778791	-0.936895	0.349461	-0.010262	-0.349509	-0.936927	0.003287	-0.008466	0.006666	0.999942	
3705														-0.067962	0.058405	9.766165	-0.936894	0.349463	-0.010292	-0.349511	-0.936927	0.003234	-0.008512	0.006627	0.999942	
3706														-0.100633	0.070958	9.778118	-0.936908	0.349423	-0.010297	-0.349471	-0.936941	0.003243	-0.008514	0.006637	0.999942	
3707														-0.099064	0.056358	9.764153	-0.936902	0.349440	-0.010296	-0.349488	-0.936935	0.003236	-0.008516	0.006630	0.999942	
3708														-0.074346	0.075453	9.794687	-0.936901	0.349443	-0.010288	-0.349491	-0.936934	0.003250	-0.008504	0.006640	0.999942	
3709														-0.089647	0.074506	9.793679	-0.936895	0.349461	-0.010274	-0.349509	-0.936927	0.003248	-0.008490	0.006634	0.999942	
3710														-0.087012	0.059277	9.765118	-0.936888	0.349477	-0.010287	-0.349525	-0.936921	0.003235	-0.008508	0.006627	0.999942	
3711														-0.099971	0.043205	9.750158	-0.936892	0.349468	-0.010279	-0.349515	-0.936925	0.003249	-0.008496	0.006636	0.999942	
3712														-0.076844	0.076878	9.780045	-0.936891	0.349470	-0.010307	-0.349518	-0.936924	0.003230	-0.008528	0.006629	0.999942	
3713														-0.076471	0.062821	9.780686	-0.936895	0.349460	-0.010313	-0.349508	-0.936928	0.003237	-0.008531	0.006637	0.999942	
3714														-0.077675	0.077500	9.765421	-0.936893	0.349463	-0.010311	-0.349511	-0.936926	0.003265	-0.008520	0.006663	0.999942	
3715														-0.089119	0.046934	9.751115	-0.936892	0.349466	-0.010311	-0.349514	-0.936925	0.003258	-0.008522	0.006656	0.999942	
3716														-0.079052	0.064586	9.780654	-0.936886	0.349483	-0.010316	-0.349531	-0.936919	0.003265	-0.008525	0.006665	0.999941	
3717														-0.094497	0.063619	9.779634	-0.936890	0.349471	-0.010316	-0.349520	-0.936923	0.003259	-0.008526	0.006659	0.999941	
3718														-0.080415	0.051457	9.795890	-0.936889	0.349475	-0.010296	-0.349523	-0.936922	0.003244	-0.008512	0.006638	0.999942	
3719														-0.082049	0.079837	9.765367	-0.936888	0.349477	-0.010309	-0.349525	-0.936922	0.003232	-0.008529	0.006631	0.999942	
3720														-0.082517	0.066417	9.780613	-0.936887	0.349481	-0.010293	-0.349529	-0.936920	0.003265	-0.008503	0.006657	0.999942	
3721														-0.095819	0.064481	9.750390	-0.936891	0.349470	-0.010327	-0.349518	-0.936924	0.003261	-0.008536	0.006664	0.999941	
3722														-0.083267	0.067104	9.765990	-0.936873	0.349517	-0.010305	-0.349565	-0.936906	0.003278	-0.008509	0.006673	0.999942	
3723														-0.098924	0.079984	9.749705	-0.936878	0.349505	-0.010292	-0.349553	-0.936911	0.003244	-0.008509	0.006637	0.999942	
3724														-0.085992	0.068392	9.780569	-0.936882	0.349494	-0.010298	-0.349542	-0.936915	0.003252	-0.008512	0.006646	0.999942	
3725														-0.099201	0.066298	9.750344	-0.936881	0.349497	-0.010284	-0.349545	-0.936914	0.003251	-0.008499	0.006641	0.999942	
3726														-0.099581	0.052738	9.765596	-0.936885	0.349487	-0.010269	-0.349535	-0.936918	0.003251	-0.008485	0.006635	0.999942	
3727														-0.099395	0.052618	9.750987	-0.936895	0.349460	-0.010282	-0.349508	-0.936928	0.003239	-0.008502	0.006629	0.999942	
3728														-0.103548	0.054807	9.794768	-0.936888	0.349478	-0.010274	-0.349526	-0.936921	0.003252	-0.008490	0.006638	0.999942	
3729														-0.101121	0.053564	9.750964	-0.936892	0.349467	-0.010268	-0.349515	-0.936925	0.003232	-0.008491	0.006617	0.999942	
3730														-0.089510	0.056626	9.781172	-0.936875	0.349514	-0.010246	-0.349562	-0.936908	0.003249	-0.008464	0.006626	0.999942	
3731														-0.076179	0.072560	9.766921	-0.936869	0.349531	-0.010254	-0.349578	-0.936902	0.003221	-0.008481	0.006603	0.999942	
3732														-0.076709	0.058999	9.782177	-0.936873	0.349521	-0.010246	-0.349568	-0.936905	0.003235	-0.008469	0.006612	0.999942	
3733														-0.090981	0.057450	9.766543	-0.936882	0.349495	-0.010246	-0.349543	-0.936915	0.003229	-0.008471	0.006607	0.999942	
3734														-0.775038	0.077888	9.788153	-0.936861	0.349551	-0.010261	-0.349597	-0.936895	0.003064	-0.008543	0.006458	0.999943	
3735														-0.223443	0.042463	9.742642	-0.936919	0.349395	-0.010292	-0.349441	-0.936954	0.002983	-0.008601	0.006391	0.999943	
3736														0.729431	0.081236	9.768648	-0.936891	0.349471	-0.010256	-0.349517	-0.936925	0.003005	-0.008559	0.006400	0.999943	
3737														-0.082167	0.059437	9.782130	-0.936890	0.349473	-0.010298	-0.349518	-0.936925	0.002980	-0.008607	0.006391	0.999943	
3738														-0.095561	0.057371	9.751890	-0.936888	0.349477	-0.010296	-0.349523	-0.936923	0.003007	-0.008595	0.006416	0.999942	
3739														-0.095286	0.057326	9.737282	-0.936904	0.349436	-0.010289	-0.349482	-0.936938	0.002988	-0.008596	0.006396	0.999943	
3740														-0.083774	0.060345	9.767502	-0.936902	0.349440	-0.010275	-0.349486	-0.936937	0.002988	-0.008583	0.006390	0.999943	
3741														-0.083427	0.060300	9.752896	-0.936907	0.349429	-0.010267	-0.349475	-0.936941	0.003001	-0.008571	0.006400	0.999943	
3742														-0.100994	0.060421	9.781038	-0.936911	0.349418	-0.010266	-0.349464	-0.936945	0.002995	-0.008573	0.006394	0.999943	
3743														-0.087441	0.062461	9.782066	-0.936920	0.349392	-0.010286	-0.349438	-0.936955	0.002998	-0.008590	0.006403	0.999943	
3744														-0.100667	0.060384	9.751820	-0.936914	0.349410	-0.010278	-0.349456	-0.936948	0.003010	-0.008578	0.006412	0.999943	
3745														-0.086440	0.048525	9.768127	-0.936928	0.349371	-0.010256	-0.349417	-0.936963	0.003032	-0.008550	0.006424	0.999943	
3746														-0.106031	0.077187	9.780307	-0.936938	0.349344	-0.010298	-0.349390	-0.936972	0.003008	-0.008598	0.006416	0.999942	
3747														-0.112154	0.135291	9.762973	-0.937011	0.349147	-0.010324	-0.349193	-0.937046	0.002998	-0.008628	0.006414	0.999942	
3748														-0.075142	0.051474	9.769139	-0.937144	0.348791	-0.010316	-0.348837	-0.937178	0.002993	-0.008624	0.006404	0.999942	
3749														-0.068951	-0.006968	9.757263	-0.937159	0.348751	-0.010324	-0.348797	-0.937194	0.002968	-0.008640	0.006383	0.999942	
3750														-0.093005	0.065197	9.767387	-0.937168	0.348726	-0.010309	-0.348772	-0.937203	0.002969	-0.008627	0.006378	0.999942	
3751														-0.078992	0.053278	9.783705	-0.937162	0.348742	-0.010329	-0.348788	-0.937197	0.002970	-0.008645	0.006386	0.999942	
3752														-0.094750	0.066367	9.767363	-0.937160	0.348747	-0.010313	-0.348793	-0.937195	0.003003	-0.008618	0.006411	0.999942	
3753														-0.083684	0.083484	9.782315	-0.937149	0.348777	-0.010315	-0.348823	-0.937184	0.002961	-0.008634	0.006373	0.999942	
3754														-0.095364	0.066655	9.752746	-0.937137	0.348809	-0.010313	-0.348855	-0.937172	0.002987	-0.008623	0.006397	0.999942	
3755														-0.111049	0.079731	9.736396	-0.937125	0.348842	-0.010305	-0.348888	-0.937160	0.002999	-0.008611	0.006406	0.999942	
3756														-0.083193	0.056009	9.783655	-0.937033	0.349088	-0.010312	-0.349134	-0.937068	0.002995	-0.008617	0.006407	0.999942	
3757														-0.068469	0.057458	9.770110	-0.937011	0.349149	-0.010312	-0.349194	-0.937046	0.002985	-0.008620	0.006398	0.999942	
3758														-0.086614	0.071454	9.782944	-0.937020	0.349122	-0.010326	-0.349168	-0.937055	0.002974	-0.008637	0.006392	0.999942	
3759														-0.085120	0.070980	9.753745	-0.937029	0.349099	-0.010301	-0.349145	-0.937064	0.003029	-0.008596	0.006434	0.999942	
3760														-0.086644	0.072403	9.768329	-0.937049	0.349047	-0.010256	-0.349094	-0.937083	0.003076	-0.008537	0.006463	0.999943	
3761														-0.100300	0.073336	9.767258	-0.937108	0.348894	-0.010107	-0.348943	-0.937137	0.003540	-0.008237	0.006845	0.999943	
3762														-0.099402	0.090370	9.751953	-0.937185	0.348689	-0.010021	-0.348739	-0.937212	0.003730	-0.008091	0.006990	0.999943	
3763														-0.069331	0.067352	9.784646	-0.937449	0.347981	-0.009983	-0.348032	-0.937475	0.003870	-0.008012	0.007102	0.999943	
3764														-0.044512	0.129005	9.754740	-0.938009	0.346467	-0.009958	-0.346518	-0.938035	0.003973	-0.007965	0.007177	0.999943	
3765														-0.149165	-0.012721	9.781818	-0.938479	0.345194	-0.009903	-0.345246	-0.938504	0.004029	-0.007903	0.007200	0.999943	
3766														-0.144647	0.076496	9.778622	-0.938742	0.344479	-0.009874	-0.344530	-0.938767	0.003999	-0.007892	0.007156	0.999943	
3767														-0.117467	0.107205	9.750130	-0.939011	0.343746	-0.009831	-0.343795	-0.939037	0.003859	-0.007905	0.007004	0.999944	
3768														-0.078662	0.022192	9.741892	-0.939231	0.343144	-0.009831	-0.343193	-0.939257	0.003812	-0.007926	0.006954	0.999944	
3769														-0.178554	0.086270	9.775752	-0.939473	0.342481	-0.009849	-0.342530	-0.939500	0.003694	-0.007988	0.006844	0.999945	
3770														-0.261605	0.150681	9.781474	-0.939865	0.341406	-0.009812	-0.341454	-0.939891	0.003666	-0.007971	0.006796	0.999945	
3771														-0.232646	0.153661	9.768978	-0.940499	0.339654	-0.009866	-0.339703	-0.940526	0.003695	-0.008024	0.006827	0.999944	
3772														-0.093492	0.096505	9.767497	-0.941238	0.337601	-0.009802	-0.337649	-0.941265	0.003739	-0.007964	0.006829	0.999945	
3773														-0.124329	0.225592	9.760035	-0.942062	0.335298	-0.009777	-0.335345	-0.942088	0.003694	-0.007973	0.006758	0.999945	
3774														-0.183153	0.204429	9.771045	-0.942960	0.332763	-0.009795	-0.332811	-0.942986	0.003723	-0.007998	0.006770	0.999945	
3775														-0.151959	0.061031	9.779201	-0.943968	0.329892	-0.009776	-0.329939	-0.943995	0.003684	-0.008013	0.006703	0.999945	
3776														-0.227707	0.079337	9.757828	-0.945099	0.326641	-0.009695	-0.326688	-0.945125	0.003637	-0.007975	0.006605	0.999946	
3777														-0.130326	0.328781	9.770662	-0.946312	0.323110	-0.009704	-0.323156	-0.946339	0.003582	-0.008026	0.006525	0.999947	
3778														-0.245319	0.387385	9.774155	-0.947633	0.319212	-0.009770	-0.319258	-0.947661	0.003568	-0.008120	0.006501	0.999946	
3779														0.174388	0.355252	9.735539	-0.948935	0.315319	-0.009811	-0.315365	-0.948964	0.003450	-0.008222	0.006368	0.999946	
3780														0.065886	0.140692	9.749796	-0.950090	0.311797	-0.009904	-0.311843	-0.950121	0.003376	-0.008357	0.006296	0.999945	
3781														-0.042616	-0.073868	9.764053	-0.951245	0.308275	-0.009998	-0.308321	-0.951277	0.003303	-0.008493	0.006224	0.999945	
3782														0.306582	0.188290	9.782763	-0.952652	0.303899	-0.010019	-0.303943	-0.952685	0.003200	-0.008573	0.006093	0.999945	
3783														0.139188	0.385949	9.776924	-0.954299	0.298685	-0.010000	-0.298728	-0.954333	0.003166	-0.008598	0.006009	0.999945	
3784														-0.250543	0.307000	9.748315	-0.956134	0.292757	-0.010000	-0.292801	-0.956168	0.003140	-0.008643	0.005930	0.999945	
3785														-0.559616	0.015004	9.733592	-0.957607	0.287903	-0.010084	-0.287946	-0.957641	0.003132	-0.008755	0.005903	0.999944	
3786														-0.210231	-0.043587	9.764304	-0.959332	0.282097	-0.010119	-0.282140	-0.959368	0.003053	-0.008846	0.005784	0.999944	
3787														-0.291328	-0.266470	9.794762	-0.960921	0.276638	-0.010077	-0.276681	-0.960957	0.003089	-0.008829	0.005757	0.999944	
3788														-0.088687	0.009022	9.787261	-0.962355	0.271610	-0.010074	-0.271653	-0.962390	0.003108	-0.008851	0.005727	0.999944	
3789														-0.148100	0.160771	9.762569	-0.963791	0.266467	-0.010152	-0.266509	-0.963828	0.003050	-0.008972	0.005645	0.999944	
3790														-0.189155	0.185269	9.817276	-0.965276	0.261038	-0.010088	-0.261081	-0.965312	0.003108	-0.008927	0.005634	0.999944	
3791														-0.288994	0.176277	9.750502	-0.966746	0.255537	-0.010113	-0.255579	-0.966783	0.003102	-0.008985	0.005584	0.999944	
3792														-0.194526	0.150021	9.744633	-0.968194	0.249999	-0.010009	-0.250040	-0.968230	0.003097	-0.008916	0.005502	0.999945	
3793														-0.150387	0.057324	9.810225	-0.969611	0.244449	-0.010016	-0.244490	-0.969647	0.003084	-0.008958	0.005439	0.999945	
3794														0.018200	-0.207892	9.759411	-0.971068	0.238592	-0.010043	-0.238633	-0.971105	0.003142	-0.009004	0.005448	0.999945	
3795														-0.041248	-0.071670	9.735395	-0.972563	0.232424	-0.009976	-0.232465	-0.972600	0.003134	-0.008974	0.005367	0.999945	
3796														-0.089215	0.236495	9.780707	-0.974091	0.225932	-0.010035	-0.225974	-0.974128	0.003224	-0.009047	0.005408	0.999944	
3797														-0.145815	0.376439	9.830679	-0.975556	0.219525	-0.009993	-0.219565	-0.975593	0.003072	-0.009075	0.005191	0.999945	
3798														-0.115182	0.045099	9.710961	-0.976951	0.213236	-0.009886	-0.213276	-0.976987	0.003180	-0.008981	0.005215	0.999946	
3799														-0.177660	-0.101113	9.827609	-0.978315	0.206885	-0.009932	-0.206925	-0.978352	0.003171	-0.009061	0.005158	0.999946	
3800														-0.253327	0.087105	9.756833	-0.979784	0.199818	-0.009808	-0.199858	-0.979819	0.003270	-0.008956	0.005164	0.999947	
3801														-0.002268	0.170226	9.746738	-0.981282	0.192325	-0.009821	-0.192365	-0.981318	0.003323	-0.008998	0.005150	0.999946	
3802														-0.076142	0.304681	9.780960	-0.982702	0.184936	-0.009806	-0.184975	-0.982738	0.003285	-0.009029	0.005042	0.999947	
3803														-0.174505	0.108001	9.777980	-0.984116	0.177256	-0.009815	-0.177294	-0.984153	0.003187	-0.009095	0.004876	0.999947	
3804														-0.099308	0.006961	9.772559	-0.985546	0.169124	-0.009776	-0.169162	-0.985583	0.003205	-0.009093	0.004813	0.999947	
3805														-0.046765	0.038449	9.761652	-0.986932	0.160843	-0.009683	-0.160882	-0.986968	0.003360	-0.009017	0.004874	0.999947	
3806														0.051023	0.070107	9.754792	-0.988193	0.152904	-0.009711	-0.152942	-0.988230	0.003316	-0.009090	0.004762	0.999947	
3807														0.011715	0.089498	9.765697	-0.989318	0.145457	-0.009622	-0.145494	-0.989354	0.003272	-0.009043	0.004637	0.999948	
3808														0.017993	-0.063649	9.740579	-0.990304	0.138579	-0.009672	-0.138616	-0.990341	0.003271	-0.009125	0.004580	0.999948	
3809														0.021512	-0.123121	9.757016	-0.991159	0.132335	-0.009606	-0.132371	-0.991195	0.003215	-0.009096	0.004458	0.999949	
3810														0.058368	0.031767	9.786191	-0.991889	0.126747	-0.009579	-0.126783	-0.991925	0.003293	-0.009085	0.004481	0.999949	
3811														0.075112	-0.008866	9.759239	-0.992509	0.121798	-0.009523	-0.121835	-0.992545	0.003336	-0.009046	0.004472	0.999949	
3812														-0.006403	-0.005263	9.781391	-0.993046	0.117347	-0.009483	-0.117383	-0.993081	0.003241	-0.009037	0.004332	0.999950	
3813														-0.110169	-0.059832	9.758672	-0.993535	0.113128	-0.009455	-0.113163	-0.993571	0.003275	-0.009024	0.004324	0.999950	
3814														-0.188464	0.020900	9.764724	-0.994003	0.108948	-0.009416	-0.108982	-0.994038	0.003215	-0.009010	0.004222	0.999950	
3815														-0.049106	0.058737	9.791148	-0.994442	0.104857	-0.009451	-0.104891	-0.994479	0.003177	-0.009065	0.004151	0.999950	
3816														-0.057780	0.118764	9.789275	-0.994848	0.100933	-0.009480	-0.100967	-0.994885	0.003166	-0.009112	0.004107	0.999950	
3817														-0.135891	0.119189	9.767628	-0.995259	0.096807	-0.009341	-0.096840	-0.995295	0.003133	-0.008993	0.004023	0.999951	
3818														-0.245246	0.075885	9.758717	-0.995673	0.092460	-0.009335	-0.092493	-0.995708	0.003134	-0.009005	0.003984	0.999952	
3819														-0.073799	-0.123856	9.778061	-0.996092	0.087825	-0.009402	-0.087857	-0.996129	0.003017	-0.009101	0.003831	0.999951	
3820														-0.147352	-0.138326	9.771723	-0.996478	0.083331	-0.009355	-0.083362	-0.996515	0.002989	-0.009073	0.003759	0.999952	
3821														0.053774	-0.055169	9.803059	-0.996814	0.079204	-0.009374	-0.079234	-0.996852	0.002943	-0.009111	0.003676	0.999952	
3822														0.149681	-0.003540	9.722630	-0.997066	0.075975	-0.009385	-0.076005	-0.997103	0.002922	-0.009136	0.003627	0.999952	
3823														0.051783	-0.120222	9.760072	-0.997259	0.073399	-0.009357	-0.073430	-0.997296	0.002947	-0.009116	0.003626	0.999952	
3824														0.002692	-0.043838	9.769047	-0.997423	0.071132	-0.009365	-0.071163	-0.997460	0.002964	-0.009130	0.003623	0.999952	
3825														-0.081364	0.001479	9.775395	-0.997561	0.069175	-0.009322	-0.069205	-0.997598	0.002950	-0.009096	0.003588	0.999952	
3826														-0.101437	0.088287	9.757407	-0.997681	0.067421	-0.009316	-0.067452	-0.997718	0.002995	-0.009093	0.003617	0.999952	
3827														-0.098921	0.108734	9.801516	-0.997791	0.065772	-0.009357	-0.065803	-0.997828	0.002976	-0.009141	0.003585	0.999952	
3828														-0.067341	0.041205	9.761521	-0.997905	0.064017	-0.009336	-0.064048	-0.997942	0.003026	-0.009123	0.003617	0.999952	
3829														-0.002490	-0.184804	9.771384	-0.998013	0.062307	-0.009321	-0.062338	-0.998050	0.003040	-0.009114	0.003615	0.999952	
3830														-0.003505	-0.073056	9.769454	-0.998094	0.060998	-0.009338	-0.061028	-0.998132	0.002965	-0.009139	0.003529	0.999952	
3831														-0.022931	0.045607	9.751051	-0.998160	0.059907	-0.009359	-0.059936	-0.998198	0.002894	-0.009169	0.003450	0.999952	
3832														-0.150167	0.183789	9.766592	-0.998224	0.058833	-0.009372	-0.058863	-0.998262	0.002904	-0.009184	0.003451	0.999952	
3833														-0.152611	0.106303	9.811871	-0.998304	0.057466	-0.009327	-0.057496	-0.998341	0.002959	-0.009142	0.003490	0.999952	
3834														-0.132260	-0.000321	9.742009	-0.998406	0.055658	-0.009308	-0.055687	-0.998444	0.002900	-0.009132	0.003414	0.999952	
3835														-0.100465	0.031036	9.759207	-0.998504	0.053881	-0.009348	-0.053911	-0.998542	0.002887	-0.009179	0.003386	0.999952	
3836														-0.085433	0.103054	9.759526	-0.998601	0.052045	-0.009379	-0.052075	-0.998639	0.002958	-0.009213	0.003442	0.999952	
3837														-0.075820	0.044197	9.761446	-0.998689	0.050331	-0.009309	-0.050360	-0.998727	0.002940	-0.009150	0.003405	0.999952	
3838														-0.072642	-0.079613	9.807934	-0.998768	0.048741	-0.009315	-0.048771	-0.998806	0.002959	-0.009160	0.003410	0.999952	
3839														-0.133187	-0.011369	9.771888	-0.998838	0.047293	-0.009300	-0.047323	-0.998875	0.003010	-0.009147	0.003446	0.999952	
3840														-0.140099	0.002318	9.771106	-0.998905	0.045841	-0.009324	-0.045870	-0.998943	0.002970	-0.009178	0.003395	0.999952	
3841														-0.289319	0.080183	9.770804	-0.998980	0.044190	-0.009241	-0.044220	-0.999017	0.003016	-0.009099	0.003422	0.999953	
3842														-0.018303	0.123168	9.765892	-0.999065	0.042238	-0.009278	-0.042267	-0.999102	0.002996	-0.009143	0.003386	0.999952	
3843														-0.025589	0.104059	9.750937	-0.999137	0.040490	-0.009316	-0.040519	-0.999174	0.003030	-0.009186	0.003405	0.999952	
3844														-0.016303	0.111682	9.781226	-0.999208	0.038681	-0.009318	-0.038711	-0.999246	0.003108	-0.009191	0.003466	0.999952	
3845														-0.044659	0.067196	9.779362	-0.999271	0.037024	-0.009289	-0.037053	-0.999309	0.003061	-0.009170	0.003403	0.999952	
3846														-0.092135	-0.069341	9.747674	-0.999328	0.035462	-0.009277	-0.035491	-0.999365	0.003068	-0.009162	0.003395	0.999952	
3847														-0.166429	0.011914	9.783690	-0.999392	0.033617	-0.009237	-0.033646	-0.999429	0.003048	-0.009129	0.003357	0.999953	
3848														-0.235224	0.058835	9.747190	-0.999461	0.031489	-0.009269	-0.031518	-0.999499	0.003022	-0.009169	0.003312	0.999952	
3849														-0.195663	-0.000386	9.795968	-0.999536	0.029035	-0.009185	-0.029065	-0.999573	0.003057	-0.009092	0.003322	0.999953	
3850														-0.149265	0.116354	9.739769	-0.999602	0.026674	-0.009168	-0.026704	-0.999639	0.003101	-0.009082	0.003345	0.999953	
3851														-0.167597	0.012589	9.769062	-0.999659	0.024468	-0.009130	-0.024497	-0.999695	0.003112	-0.009051	0.003335	0.999953	
3852														-0.173469	0.091074	9.767412	-0.999715	0.022086	-0.009069	-0.022115	-0.999751	0.003043	-0.008999	0.003243	0.999954	
3853														-0.155162	0.149541	9.783057	-0.999772	0.019375	-0.009009	-0.019403	-0.999807	0.003004	-0.008949	0.003178	0.999955	
3854														-0.103192	0.142591	9.773446	-0.999825	0.016335	-0.009111	-0.016364	-0.999861	0.003065	-0.009060	0.003214	0.999954	
3855														-0.057080	0.018064	9.750208	-0.999871	0.013231	-0.009087	-0.013259	-0.999907	0.003067	-0.009045	0.003187	0.999954	
3856														-0.096915	-0.001314	9.746774	-0.999908	0.010109	-0.009059	-0.010137	-0.999944	0.003055	-0.009028	0.003146	0.999954	
3857														-0.113431	0.123803	9.773040	-0.999935	0.007003	-0.009013	-0.007031	-0.999970	0.003093	-0.008991	0.003156	0.999955	
3858														-0.094380	0.019290	9.776279	-0.999952	0.003799	-0.009011	-0.003827	-0.999988	0.003062	-0.008999	0.003097	0.999955	
3859														-0.047378	0.058570	9.750893	-0.999959	0.000687	-0.009043	-0.000715	-0.999995	0.003035	-0.009041	0.003041	0.999955	
3860														-0.032804	0.065066	9.722869	-0.999956	-0.002441	-0.009032	0.002413	-0.999993	0.003019	-0.009039	0.002997	0.999955	
3861														0.004278	0.003805	9.749288	-0.999941	-0.005258	-0.009072	0.005231	-0.999978	0.002969	-0.009087	0.002921	0.999954	
3862														0.041361	-0.057457	9.775707	-0.999926	-0.008075	-0.009112	0.008048	-0.999963	0.002918	-0.009136	0.002845	0.999954	
3863														-0.087144	-0.039751	9.792842	-0.999900	-0.010796	-0.009111	0.010770	-0.999938	0.002913	-0.009142	0.002815	0.999954	
3864														-0.079090	-0.085828	9.779492	-0.999873	-0.013019	-0.009144	0.012994	-0.999912	0.002814	-0.009180	0.002695	0.999954	
3865														-0.212975	0.008755	9.765733	-0.999837	-0.015554	-0.009181	0.015529	-0.999875	0.002823	-0.009223	0.002680	0.999954	
3866														-0.193159	0.219129	9.765360	-0.999798	-0.017960	-0.009033	0.017935	-0.999835	0.002838	-0.009083	0.002675	0.999955	
3867														-0.114253	0.162208	9.773610	-0.999752	-0.020297	-0.009122	0.020273	-0.999791	0.002716	-0.009175	0.002530	0.999955	
3868														-0.122966	-0.094525	9.731458	-0.999700	-0.022738	-0.009148	0.022714	-0.999738	0.002738	-0.009208	0.002530	0.999954	
3869														-0.055006	-0.018689	9.810848	-0.999638	-0.025324	-0.009131	0.025300	-0.999676	0.002716	-0.009197	0.002484	0.999955	
3870														-0.000600	-0.023459	9.786762	-0.999573	-0.027738	-0.009141	0.027714	-0.999612	0.002663	-0.009211	0.002408	0.999955	
3871														0.018356	0.003434	9.773696	-0.999507	-0.030026	-0.009155	0.030003	-0.999546	0.002619	-0.009230	0.002343	0.999955	
3872														-0.095941	0.058031	9.762262	-0.999438	-0.032247	-0.009164	0.032224	-0.999477	0.002683	-0.009246	0.002386	0.999954	
3873														-0.036364	0.127174	9.782179	-0.999363	-0.034489	-0.009186	0.034465	-0.999402	0.002667	-0.009273	0.002348	0.999954	
3874														-0.072697	0.040335	9.779593	-0.999276	-0.036920	-0.009200	0.036898	-0.999316	0.002630	-0.009291	0.002288	0.999954	
3875														-0.083581	0.000626	9.764296	-0.999171	-0.039634	-0.009244	0.039611	-0.999212	0.002678	-0.009343	0.002309	0.999954	
3876														-0.050567	0.002479	9.752846	-0.999063	-0.042289	-0.009218	0.042266	-0.999103	0.002614	-0.009320	0.002222	0.999954	
3877														-0.133673	0.024190	9.774098	-0.998943	-0.045039	-0.009209	0.045017	-0.998983	0.002566	-0.009315	0.002149	0.999954	
3878														-0.154449	0.115267	9.786120	-0.998808	-0.047927	-0.009207	0.047905	-0.998848	0.002632	-0.009323	0.002188	0.999954	
3879														-0.249076	0.129382	9.791600	-0.998652	-0.051103	-0.009134	0.051081	-0.998691	0.002603	-0.009255	0.002133	0.999955	
3880														-0.268683	0.133801	9.775021	-0.998477	-0.054409	-0.009164	0.054388	-0.998517	0.002558	-0.009289	0.002055	0.999955	
3881														-0.279003	0.092712	9.759710	-0.998255	-0.058332	-0.009158	0.058311	-0.998295	0.002534	-0.009290	0.001995	0.999955	
3882														-0.123893	0.031208	9.760630	-0.997997	-0.062603	-0.009150	0.062582	-0.998037	0.002526	-0.009290	0.001949	0.999955	
3883														-0.026057	0.091826	9.784548	-0.997720	-0.066874	-0.009083	0.066853	-0.997760	0.002532	-0.009231	0.001919	0.999956	
3884														-0.031714	0.072153	9.784192	-0.997444	-0.070878	-0.009050	0.070858	-0.997483	0.002533	-0.009207	0.001885	0.999956	
3885														-0.091217	0.172167	9.748467	-0.997147	-0.074933	-0.009111	0.074913	-0.997187	0.002533	-0.009275	0.001843	0.999955	
3886														-0.121697	0.295118	9.789126	-0.996845	-0.078846	-0.009122	0.078826	-0.996885	0.002506	-0.009292	0.001779	0.999955	
3887														-0.141250	-0.029997	9.744942	-0.996505	-0.083032	-0.009174	0.083012	-0.996545	0.002468	-0.009347	0.001698	0.999955	
3888														-0.230833	0.106067	9.765019	-0.996055	-0.088260	-0.009178	0.088241	-0.996096	0.002506	-0.009363	0.001686	0.999955	
3889														-0.190698	0.011004	9.784180	-0.995517	-0.094143	-0.009121	0.094125	-0.995557	0.002446	-0.009311	0.001577	0.999955	
3890														-0.230064	0.018633	9.765595	-0.994897	-0.100486	-0.009087	0.100468	-0.994937	0.002452	-0.009287	0.001526	0.999956	
3891														-0.178555	-0.035972	9.770885	-0.994203	-0.107138	-0.009089	0.107121	-0.994243	0.002341	-0.009287	0.001353	0.999956	
3892														-0.064374	0.003392	9.767352	-0.993460	-0.113820	-0.009058	0.113804	-0.993501	0.002300	-0.009261	0.001254	0.999956	
3893														0.006772	-0.052817	9.789243	-0.992695	-0.120312	-0.009044	0.120296	-0.992735	0.002325	-0.009258	0.001220	0.999956	
3894														-0.167968	0.074724	9.757184	-0.991928	-0.126477	-0.009044	0.126462	-0.991969	0.002224	-0.009253	0.001062	0.999957	
3895														-0.251059	0.234549	9.807891	-0.991113	-0.132719	-0.009014	0.132704	-0.991153	0.002210	-0.009227	0.000994	0.999957	
