// Start Time: Unknown: 
// Update Rate: 60.0Hz 
// Filter Profile: human (46.1) 
// Firmware Version: 4.6.0
PacketCounter	SampleTimeFine	Year	Month	Day	Second	UTC_Nano	UTC_Year	UTC_Month	UTC_Day	UTC_Hour	UTC_Minute	UTC_Second	UTC_Valid	Acc_X	Acc_Y	Acc_Z	Mat[1][1]	Mat[2][1]	Mat[3][1]	Mat[1][2]	Mat[2][2]	Mat[3][2]	Mat[1][3]	Mat[2][3]	Mat[3][3] 
3598														-0.094679	0.080374	9.800123	-0.971267	0.237612	-0.013436	-0.237696	-0.971327	0.005036	-0.011854	0.008085	0.999897	
3599														-0.123901	0.080524	9.800278	-0.971263	0.237631	-0.013433	-0.237715	-0.971322	0.005053	-0.011847	0.008101	0.999897	
3600														-0.123947	0.065743	9.756478	-0.971273	0.237591	-0.013429	-0.237675	-0.971332	0.005070	-0.011839	0.008116	0.999897	
3601														-0.138329	0.080863	9.785708	-0.971264	0.237625	-0.013422	-0.237709	-0.971323	0.005072	-0.011832	0.008117	0.999897	
3602														-0.108958	0.081165	9.785551	-0.971259	0.237645	-0.013433	-0.237729	-0.971318	0.005085	-0.011840	0.008133	0.999897	
3603														-0.123603	0.081421	9.800274	-0.971265	0.237620	-0.013452	-0.237704	-0.971324	0.005066	-0.011863	0.008118	0.999897	
3604														-0.109111	0.081243	9.770900	-0.971260	0.237640	-0.013446	-0.237724	-0.971319	0.005068	-0.011856	0.008119	0.999897	
3605														-0.108843	0.096330	9.800051	-0.971259	0.237644	-0.013439	-0.237729	-0.971318	0.005070	-0.011848	0.008119	0.999897	
3606														-0.138184	0.081469	9.771058	-0.971254	0.237664	-0.013447	-0.237748	-0.971314	0.005069	-0.011856	0.008120	0.999897	
3607														-0.108696	0.067268	9.785692	-0.971246	0.237698	-0.013443	-0.237783	-0.971305	0.005086	-0.011849	0.008136	0.999897	
3608														-0.108622	0.067492	9.785691	-0.971252	0.237672	-0.013452	-0.237757	-0.971311	0.005085	-0.011857	0.008137	0.999897	
3609														-0.123304	0.082547	9.800269	-0.971244	0.237706	-0.013482	-0.237791	-0.971303	0.005109	-0.011881	0.008168	0.999896	
3610														-0.108585	0.082739	9.785542	-0.971243	0.237711	-0.013445	-0.237796	-0.971302	0.005118	-0.011843	0.008168	0.999897	
3611														-0.123010	0.082774	9.785623	-0.971253	0.237671	-0.013450	-0.237756	-0.971312	0.005102	-0.011851	0.008153	0.999897	
3612														-0.108367	0.082737	9.770896	-0.971248	0.237690	-0.013442	-0.237775	-0.971307	0.005104	-0.011844	0.008153	0.999897	
3613														-0.108180	0.068165	9.771044	-0.971247	0.237695	-0.013432	-0.237780	-0.971306	0.005090	-0.011837	0.008138	0.999897	
3614														-0.108189	0.071863	9.771007	-0.971247	0.237693	-0.013445	-0.237777	-0.971306	0.005080	-0.011852	0.008131	0.999897	
3615														-0.108199	0.075562	9.770970	-0.971248	0.237690	-0.013459	-0.237775	-0.971307	0.005069	-0.011868	0.008124	0.999897	
3616														-0.108135	0.083478	9.800188	-0.971247	0.237694	-0.013474	-0.237779	-0.971306	0.005097	-0.011876	0.008155	0.999896	
3617														-0.108102	0.068981	9.785687	-0.971246	0.237698	-0.013467	-0.237784	-0.971305	0.005099	-0.011869	0.008155	0.999896	
3618														-0.122675	0.069169	9.785766	-0.971241	0.237717	-0.013479	-0.237803	-0.971300	0.005112	-0.011877	0.008171	0.999896	
3619														-0.122718	0.083743	9.770970	-0.971247	0.237692	-0.013465	-0.237777	-0.971306	0.005085	-0.011870	0.008140	0.999896	
3620														-0.107799	0.069426	9.800334	-0.971246	0.237697	-0.013473	-0.237782	-0.971305	0.005084	-0.011878	0.008141	0.999896	
3621														-0.107729	0.069429	9.785687	-0.971241	0.237717	-0.013451	-0.237802	-0.971300	0.005090	-0.011855	0.008142	0.999897	
3622														-0.107702	0.054561	9.756542	-0.971236	0.237737	-0.013456	-0.237822	-0.971296	0.005074	-0.011864	0.008128	0.999897	
3623														-0.107847	0.084079	9.770890	-0.971239	0.237726	-0.013494	-0.237811	-0.971298	0.005065	-0.011902	0.008129	0.999896	
3624														-0.107996	0.084227	9.770888	-0.971237	0.237730	-0.013502	-0.237815	-0.971297	0.005064	-0.011910	0.008130	0.999896	
3625														-0.122260	0.055420	9.800560	-0.971226	0.237779	-0.013484	-0.237864	-0.971285	0.005085	-0.011888	0.008146	0.999896	
3626														-0.107468	0.055687	9.785833	-0.971217	0.237812	-0.013485	-0.237898	-0.971277	0.005117	-0.011881	0.008178	0.999896	
3627														-0.092942	0.070224	9.756308	-0.971209	0.237846	-0.013486	-0.237931	-0.971269	0.005086	-0.011889	0.008149	0.999896	
3628														-0.107306	0.085511	9.814828	-0.971212	0.237836	-0.013498	-0.237921	-0.971271	0.005100	-0.011897	0.008164	0.999896	
3629														-0.136533	0.085440	9.800342	-0.971207	0.237856	-0.013472	-0.237941	-0.971266	0.005090	-0.011874	0.008149	0.999896	
3630														-0.107176	0.055916	9.771187	-0.971207	0.237855	-0.013472	-0.237940	-0.971266	0.005090	-0.011874	0.008149	0.999896	
3631														-0.121773	0.070905	9.800412	-0.971202	0.237874	-0.013495	-0.237960	-0.971262	0.005085	-0.011897	0.008150	0.999896	
3632														-0.121774	0.071129	9.800410	-0.971205	0.237864	-0.013492	-0.237950	-0.971264	0.005102	-0.011890	0.008166	0.999896	
3633														-0.121742	0.085849	9.785612	-0.971204	0.237869	-0.013485	-0.237954	-0.971263	0.005105	-0.011883	0.008167	0.999896	
3634														-0.107138	0.071235	9.771033	-0.971202	0.237874	-0.013508	-0.237959	-0.971262	0.005100	-0.011906	0.008168	0.999896	
3635														-0.107138	0.071235	9.771033	-0.971201	0.237879	-0.013494	-0.237964	-0.971261	0.005073	-0.011899	0.008138	0.999896	
3636														-0.106665	0.071839	9.829625	-0.971204	0.237869	-0.013487	-0.237954	-0.971263	0.005075	-0.011892	0.008138	0.999896	
3637														-0.106834	0.071534	9.785682	-0.971203	0.237873	-0.013495	-0.237958	-0.971262	0.005074	-0.011900	0.008139	0.999896	
3638														-0.092186	0.071569	9.785601	-0.971205	0.237863	-0.013495	-0.237948	-0.971265	0.005043	-0.011908	0.008108	0.999896	
3639														-0.106834	0.071532	9.785682	-0.971204	0.237868	-0.013503	-0.237952	-0.971264	0.005041	-0.011916	0.008109	0.999896	
3640														-0.106878	0.086250	9.770882	-0.971206	0.237857	-0.013499	-0.237942	-0.971266	0.005058	-0.011909	0.008124	0.999896	
3641														-0.106530	0.072130	9.800329	-0.971205	0.237862	-0.013492	-0.237947	-0.971265	0.005060	-0.011901	0.008125	0.999896	
3642														-0.120998	0.057370	9.785917	-0.971201	0.237882	-0.013467	-0.237966	-0.971260	0.005051	-0.011879	0.008110	0.999897	
3643														-0.106349	0.086703	9.785532	-0.971199	0.237886	-0.013487	-0.237971	-0.971259	0.005030	-0.011902	0.008095	0.999896	
3644														-0.106044	0.057634	9.800485	-0.971271	0.237610	-0.013183	-0.237692	-0.971327	0.005087	-0.011597	0.008074	0.999900	
3645														-0.120505	0.072318	9.800417	-0.971274	0.237596	-0.013187	-0.237679	-0.971331	0.005070	-0.011604	0.008059	0.999900	
3646														-0.105985	0.086696	9.770888	-0.971275	0.237596	-0.013176	-0.237679	-0.971331	0.005058	-0.011596	0.008045	0.999900	
3647														-0.105446	0.057557	9.800492	-0.971274	0.237601	-0.013128	-0.237683	-0.971330	0.005024	-0.011558	0.007999	0.999901	
3648														-0.105435	0.071598	9.756402	-0.971276	0.237592	-0.013117	-0.237674	-0.971332	0.005011	-0.011550	0.007985	0.999901	
3649														-0.119701	0.071787	9.771136	-0.971277	0.237591	-0.013080	-0.237672	-0.971332	0.005021	-0.011512	0.007985	0.999902	
3650														-0.090134	0.057365	9.785768	-0.971273	0.237606	-0.013095	-0.237687	-0.971329	0.004986	-0.011535	0.007956	0.999902	
3651														-0.119403	0.071939	9.771139	-0.971266	0.237639	-0.013066	-0.237720	-0.971321	0.005025	-0.011497	0.007987	0.999902	
3652														-0.118860	0.072471	9.800436	-0.971262	0.237654	-0.013040	-0.237735	-0.971317	0.005016	-0.011474	0.007972	0.999902	
3653														-0.104110	0.087151	9.785552	-0.971262	0.237656	-0.013037	-0.237737	-0.971317	0.005033	-0.011467	0.007988	0.999902	
3654														-0.089447	0.072383	9.756325	-0.971261	0.237661	-0.013026	-0.237742	-0.971315	0.005021	-0.011459	0.007973	0.999903	
3655														-0.133206	0.086996	9.756432	-0.971263	0.237652	-0.013003	-0.237732	-0.971318	0.005027	-0.011436	0.007974	0.999903	
3656														-0.103368	0.073410	9.829648	-0.971266	0.237638	-0.013029	-0.237719	-0.971321	0.005036	-0.011459	0.007989	0.999902	
3657														-0.103698	0.058065	9.741918	-0.971258	0.237674	-0.012993	-0.237755	-0.971312	0.005046	-0.011421	0.007990	0.999903	
3658														-0.117988	0.073211	9.771146	-0.971253	0.237695	-0.013004	-0.237776	-0.971307	0.005059	-0.011428	0.008006	0.999903	
3659														-0.117642	0.073904	9.829735	-0.971257	0.237679	-0.013004	-0.237760	-0.971311	0.005028	-0.011436	0.007976	0.999903	
3660														-0.117950	0.088008	9.770992	-0.971252	0.237699	-0.013000	-0.237779	-0.971306	0.005045	-0.011428	0.007992	0.999903	
3661														-0.117813	0.087929	9.756346	-0.971253	0.237697	-0.012971	-0.237777	-0.971307	0.005021	-0.011405	0.007961	0.999903	
3662														-0.102768	0.059055	9.785864	-0.971248	0.237714	-0.012982	-0.237795	-0.971302	0.005035	-0.011413	0.007977	0.999903	
3663														-0.131826	0.088661	9.800378	-0.971244	0.237735	-0.012945	-0.237815	-0.971297	0.005045	-0.011374	0.007978	0.999903	
3664														-0.102432	0.074154	9.785710	-0.971245	0.237728	-0.012971	-0.237809	-0.971299	0.005055	-0.011397	0.007994	0.999903	
3665														-0.117355	0.059464	9.771302	-0.971238	0.237754	-0.013005	-0.237834	-0.971293	0.005032	-0.011435	0.007980	0.999903	
3666														-0.102868	0.088639	9.756256	-0.971240	0.237747	-0.012979	-0.237827	-0.971294	0.005023	-0.011412	0.007965	0.999903	
3667														-0.087808	0.089215	9.800111	-0.971240	0.237748	-0.012986	-0.237828	-0.971294	0.005021	-0.011420	0.007966	0.999903	
3668														-0.116843	0.074647	9.800444	-0.971234	0.237775	-0.012950	-0.237855	-0.971288	0.005031	-0.011382	0.007967	0.999903	
3669														-0.102176	0.074208	9.741769	-0.971237	0.237762	-0.012928	-0.237842	-0.971291	0.005037	-0.011359	0.007967	0.999904	
3670														-0.101598	0.074906	9.800360	-0.971240	0.237753	-0.012917	-0.237833	-0.971293	0.005024	-0.011352	0.007952	0.999904	
3671														-0.116007	0.075101	9.815098	-0.971239	0.237756	-0.012910	-0.237835	-0.971292	0.005027	-0.011344	0.007952	0.999904	
3672														-0.116186	0.075010	9.785802	-0.971242	0.237745	-0.012935	-0.237825	-0.971295	0.005037	-0.011366	0.007968	0.999904	
3673														-0.116327	0.060272	9.756662	-0.971242	0.237745	-0.012927	-0.237825	-0.971295	0.005039	-0.011358	0.007968	0.999904	
3674														-0.116247	0.075540	9.800444	-0.971240	0.237749	-0.012979	-0.237829	-0.971294	0.005027	-0.011412	0.007969	0.999903	
3675														-0.116447	0.090257	9.785637	-0.971228	0.237800	-0.012961	-0.237881	-0.971281	0.005048	-0.011389	0.007986	0.999903	
3676														-0.116336	0.075836	9.785794	-0.971229	0.237791	-0.012983	-0.237872	-0.971283	0.005043	-0.011411	0.007986	0.999903	
3677														-0.116336	0.075984	9.785792	-0.971228	0.237798	-0.012976	-0.237879	-0.971282	0.005046	-0.011403	0.007987	0.999903	
3678														-0.116439	0.075892	9.756497	-0.971223	0.237818	-0.012987	-0.237899	-0.971277	0.005059	-0.011411	0.008003	0.999903	
3679														-0.086876	0.076663	9.800258	-0.971225	0.237808	-0.012994	-0.237888	-0.971279	0.005058	-0.011418	0.008004	0.999903	
3680														-0.116151	0.062010	9.785948	-0.971221	0.237825	-0.012991	-0.237906	-0.971275	0.005075	-0.011410	0.008020	0.999903	
3681														-0.116255	0.061989	9.756652	-0.971224	0.237814	-0.013002	-0.237896	-0.971277	0.005089	-0.011418	0.008036	0.999903	
3682														-0.116151	0.062384	9.785946	-0.971216	0.237846	-0.013017	-0.237927	-0.971270	0.005054	-0.011440	0.008006	0.999903	
3683														-0.101539	0.077144	9.785696	-0.971214	0.237851	-0.013013	-0.237933	-0.971268	0.005072	-0.011433	0.008022	0.999902	
3684														-0.116404	0.062439	9.756648	-0.971212	0.237857	-0.013054	-0.237939	-0.971267	0.005078	-0.011471	0.008038	0.999902	
3685														-0.101556	0.048212	9.771365	-0.971208	0.237879	-0.013018	-0.237960	-0.971262	0.005088	-0.011433	0.008039	0.999902	
3686														-0.130574	0.092469	9.785712	-0.971211	0.237866	-0.013014	-0.237948	-0.971265	0.005104	-0.011426	0.008054	0.999902	
3687														-0.101257	0.077955	9.771045	-0.971206	0.237884	-0.013021	-0.237966	-0.971260	0.005103	-0.011433	0.008055	0.999902	
3688														-0.115689	0.063745	9.800590	-0.971205	0.237890	-0.013029	-0.237972	-0.971259	0.005102	-0.011440	0.008056	0.999902	
3689														-0.130352	0.063701	9.786032	-0.971197	0.237921	-0.013021	-0.238003	-0.971251	0.005104	-0.011432	0.008057	0.999902	
3690														-0.115480	0.063809	9.785944	-0.971207	0.237884	-0.012995	-0.237966	-0.971260	0.005096	-0.011410	0.008042	0.999903	
3691														-0.115241	0.064192	9.800592	-0.971206	0.237884	-0.013010	-0.237966	-0.971260	0.005124	-0.011417	0.008072	0.999902	
3692														-0.100810	0.078774	9.771043	-0.971206	0.237885	-0.013010	-0.237967	-0.971260	0.005124	-0.011417	0.008072	0.999902	
3693														-0.115570	0.093535	9.770969	-0.971205	0.237889	-0.013036	-0.237971	-0.971259	0.005133	-0.011441	0.008088	0.999902	
3694														-0.115459	0.079111	9.771130	-0.971207	0.237881	-0.013014	-0.237963	-0.971261	0.005139	-0.011418	0.008088	0.999902	
3695														-0.115219	0.079350	9.785779	-0.971199	0.237914	-0.013018	-0.237996	-0.971253	0.005123	-0.011425	0.008074	0.999902	
3696														-0.085982	0.079658	9.800242	-0.971205	0.237887	-0.013055	-0.237969	-0.971259	0.005114	-0.011463	0.008074	0.999902	
3697														-0.115333	0.064997	9.785938	-0.971208	0.237877	-0.013036	-0.237959	-0.971262	0.005135	-0.011440	0.008090	0.999902	
3698														-0.100557	0.080068	9.800330	-0.971206	0.237882	-0.013059	-0.237964	-0.971260	0.005130	-0.011463	0.008090	0.999902	
3699														-0.115311	0.079931	9.771126	-0.971195	0.237929	-0.013040	-0.238011	-0.971249	0.005151	-0.011440	0.008107	0.999902	
3700														-0.115126	0.065434	9.771290	-0.971201	0.237906	-0.013044	-0.237988	-0.971254	0.005135	-0.011448	0.008092	0.999902	
3701														-0.115033	0.095042	9.785608	-0.971196	0.237924	-0.013041	-0.238006	-0.971250	0.005152	-0.011440	0.008108	0.999902	
3702														-0.129609	0.065935	9.786027	-0.971199	0.237912	-0.013063	-0.237995	-0.971253	0.005147	-0.011463	0.008108	0.999901	
3703														-0.100349	0.080802	9.785679	-0.971198	0.237917	-0.013056	-0.238000	-0.971252	0.005150	-0.011455	0.008109	0.999902	
3704														-0.129535	0.066233	9.786026	-0.971196	0.237922	-0.013063	-0.238005	-0.971250	0.005148	-0.011463	0.008109	0.999901	
3705														-0.100181	0.066361	9.771196	-0.971199	0.237911	-0.013045	-0.237994	-0.971253	0.005169	-0.011440	0.008125	0.999902	
3706														-0.114442	0.081770	9.815063	-0.971195	0.237929	-0.013056	-0.238012	-0.971248	0.005183	-0.011447	0.008141	0.999901	
3707														-0.099979	0.052327	9.786008	-0.971197	0.237917	-0.013074	-0.238000	-0.971251	0.005163	-0.011469	0.008126	0.999901	
3708														-0.114883	0.081327	9.756472	-0.971196	0.237922	-0.013066	-0.238005	-0.971250	0.005165	-0.011462	0.008126	0.999901	
3709														-0.129237	0.067050	9.786025	-0.971203	0.237897	-0.013070	-0.237979	-0.971257	0.005149	-0.011469	0.008111	0.999901	
3710														-0.114515	0.067233	9.785933	-0.971202	0.237901	-0.013066	-0.237984	-0.971255	0.005166	-0.011461	0.008127	0.999901	
3711														-0.129235	0.081658	9.756564	-0.971204	0.237890	-0.013055	-0.237972	-0.971258	0.005154	-0.011454	0.008112	0.999901	
3712														-0.099589	0.082304	9.800322	-0.971211	0.237865	-0.013063	-0.237947	-0.971264	0.005152	-0.011462	0.008112	0.999901	
3713														-0.114439	0.081914	9.756472	-0.971203	0.237896	-0.013055	-0.237979	-0.971257	0.005154	-0.011454	0.008112	0.999901	
3714														-0.099512	0.067622	9.771195	-0.971202	0.237901	-0.013048	-0.237984	-0.971255	0.005156	-0.011446	0.008113	0.999902	
3715														-0.128641	0.067791	9.786027	-0.971204	0.237891	-0.013052	-0.237973	-0.971258	0.005140	-0.011454	0.008098	0.999902	
3716														-0.128826	0.067529	9.756733	-0.971199	0.237910	-0.013059	-0.237992	-0.971253	0.005139	-0.011461	0.008099	0.999902	
3717														-0.099383	0.082735	9.785672	-0.971202	0.237900	-0.013067	-0.237982	-0.971256	0.005138	-0.011469	0.008100	0.999901	
3718														-0.114086	0.067957	9.771285	-0.971197	0.237918	-0.013071	-0.238000	-0.971252	0.005121	-0.011476	0.008085	0.999901	
3719														-0.113919	0.068275	9.785932	-0.971200	0.237907	-0.013067	-0.237989	-0.971254	0.005139	-0.011469	0.008101	0.999901	
3720														-0.099159	0.054039	9.786007	-0.971192	0.237940	-0.013082	-0.238023	-0.971246	0.005167	-0.011476	0.008132	0.999901	
3721														-0.113863	0.068779	9.771282	-0.971198	0.237914	-0.013074	-0.237996	-0.971252	0.005169	-0.011468	0.008132	0.999901	
3722														-0.113622	0.068944	9.785931	-0.971205	0.237889	-0.013059	-0.237972	-0.971259	0.005142	-0.011461	0.008102	0.999902	
3723														-0.098825	0.069055	9.785839	-0.971200	0.237907	-0.013056	-0.237990	-0.971254	0.005159	-0.011453	0.008117	0.999901	
3724														-0.098712	0.054634	9.786008	-0.971195	0.237926	-0.013063	-0.238009	-0.971249	0.005158	-0.011461	0.008118	0.999901	
3725														-0.127878	0.069380	9.800673	-0.971191	0.237946	-0.013049	-0.238028	-0.971245	0.005130	-0.011453	0.008088	0.999902	
3726														-0.098619	0.069113	9.771193	-0.971194	0.237934	-0.013041	-0.238016	-0.971248	0.005132	-0.011445	0.008088	0.999902	
3727														-0.113250	0.083625	9.756471	-0.971200	0.237909	-0.013030	-0.237991	-0.971254	0.005120	-0.011437	0.008073	0.999902	
3728														-0.113044	0.069223	9.771289	-0.971192	0.237943	-0.013038	-0.238025	-0.971246	0.005118	-0.011445	0.008074	0.999902	
3729														-0.112913	0.084192	9.785765	-0.971191	0.237947	-0.013030	-0.238029	-0.971245	0.005121	-0.011437	0.008075	0.999902	
3730														-0.112689	0.055047	9.786107	-0.971190	0.237952	-0.013023	-0.238033	-0.971243	0.005123	-0.011430	0.008075	0.999902	
3731														-0.127412	0.084456	9.785859	-0.971185	0.237970	-0.013046	-0.238052	-0.971239	0.005118	-0.011453	0.008076	0.999902	
3732														-0.098211	0.084581	9.771021	-0.971188	0.237959	-0.013042	-0.238041	-0.971242	0.005134	-0.011445	0.008091	0.999902	
3733														-0.112747	0.070119	9.771286	-0.971190	0.237948	-0.013050	-0.238030	-0.971244	0.005133	-0.011453	0.008091	0.999902	
3734														-0.112842	0.069945	9.756639	-0.971193	0.237937	-0.013050	-0.238019	-0.971247	0.005102	-0.011461	0.008061	0.999902	
3735														-0.112653	0.070362	9.785932	-0.971192	0.237941	-0.013061	-0.238023	-0.971246	0.005115	-0.011468	0.008076	0.999902	
3736														-0.112555	0.070442	9.789595	-0.971193	0.237938	-0.013048	-0.238019	-0.971247	0.005095	-0.011460	0.008054	0.999902	
3737														-0.112457	0.070522	9.793257	-0.971194	0.237935	-0.013035	-0.238016	-0.971248	0.005075	-0.011453	0.008032	0.999902	
3738														-0.112393	0.085158	9.785763	-0.971189	0.237953	-0.013046	-0.238034	-0.971243	0.005088	-0.011460	0.008047	0.999902	
3739														-0.112339	0.085211	9.771116	-0.971188	0.237957	-0.013024	-0.238039	-0.971242	0.005094	-0.011437	0.008048	0.999902	
3740														-0.111791	0.071232	9.815230	-0.971184	0.237976	-0.013017	-0.238057	-0.971238	0.005096	-0.011430	0.008048	0.999902	
3741														-0.097184	0.070998	9.785841	-0.971186	0.237966	-0.013006	-0.238047	-0.971240	0.005084	-0.011422	0.008033	0.999902	
3742														-0.111796	0.085607	9.785766	-0.971189	0.237955	-0.013009	-0.238036	-0.971243	0.005068	-0.011429	0.008018	0.999903	
3743														-0.111796	0.085681	9.785765	-0.971184	0.237974	-0.013017	-0.238055	-0.971238	0.005067	-0.011437	0.008019	0.999902	
3744														-0.111817	0.085735	9.771117	-0.971180	0.237993	-0.013014	-0.238074	-0.971234	0.005084	-0.011429	0.008035	0.999902	
3745														-0.111460	0.071408	9.785938	-0.971190	0.237953	-0.012988	-0.238034	-0.971244	0.005075	-0.011406	0.008020	0.999903	
3746														-0.125846	0.056638	9.786211	-0.971211	0.237869	-0.012972	-0.237949	-0.971264	0.005047	-0.011399	0.007989	0.999903	
3747														-0.228034	-0.046539	9.758812	-0.971384	0.237161	-0.012949	-0.237241	-0.971438	0.005066	-0.011378	0.007993	0.999903	
3748														0.035072	0.189187	9.783582	-0.971848	0.235253	-0.012944	-0.235333	-0.971902	0.005062	-0.011389	0.007966	0.999903	
3749														-0.302631	0.245780	9.785131	-0.972539	0.232379	-0.012954	-0.232459	-0.972593	0.005081	-0.011418	0.007953	0.999903	
3750														-0.493125	0.139187	9.758327	-0.974290	0.224926	-0.012929	-0.225006	-0.974344	0.005077	-0.011456	0.007855	0.999904	
3751														0.154237	-0.056175	9.800401	-0.975566	0.219320	-0.013032	-0.219401	-0.975621	0.005097	-0.011596	0.007832	0.999902	
3752														-0.039003	0.057024	9.770977	-0.976257	0.216228	-0.012982	-0.216307	-0.976312	0.005067	-0.011578	0.007755	0.999903	
3753														-0.038433	0.042914	9.800445	-0.976771	0.213891	-0.013020	-0.213972	-0.976826	0.005130	-0.011621	0.007797	0.999902	
3754														-0.009665	0.043869	9.785601	-0.977033	0.212688	-0.013076	-0.212768	-0.977089	0.005098	-0.011692	0.007763	0.999902	
3755														-0.324368	0.268923	9.770174	-0.977304	0.211439	-0.013071	-0.211519	-0.977361	0.005080	-0.011701	0.007729	0.999902	
3756														-1.217868	1.071661	9.795257	-0.979326	0.201874	-0.012962	-0.201953	-0.979382	0.005042	-0.011677	0.007556	0.999903	
3757														-1.392896	1.216223	9.720942	-0.984437	0.175256	-0.012964	-0.175334	-0.984496	0.005141	-0.011862	0.007334	0.999903	
3758														-0.628951	0.564297	9.782578	-0.990505	0.136871	-0.012869	-0.136947	-0.990565	0.005225	-0.012033	0.006938	0.999904	
3759														0.704918	-0.129410	9.842655	-0.995151	0.097521	-0.012839	-0.097597	-0.995211	0.005433	-0.012247	0.006659	0.999903	
3760														1.150796	-0.535904	9.802305	-0.997835	0.064494	-0.012844	-0.064568	-0.997899	0.005378	-0.012470	0.006195	0.999903	
3761														1.296769	-1.665407	9.773191	-0.998155	0.059340	-0.012856	-0.059415	-0.998218	0.005481	-0.012508	0.006235	0.999902	
3762														-0.137391	0.067950	9.771205	-0.998154	0.059356	-0.012859	-0.059431	-0.998217	0.005480	-0.012511	0.006234	0.999902	
3763														-0.123004	0.071005	9.800396	-0.998153	0.059359	-0.012892	-0.059434	-0.998217	0.005465	-0.012544	0.006221	0.999902	
3764														-0.120605	0.056122	9.771282	-0.998153	0.059375	-0.012882	-0.059449	-0.998216	0.005450	-0.012535	0.006206	0.999902	
3765														-0.960680	0.077366	9.789279	-0.998150	0.059350	-0.013177	-0.059421	-0.998220	0.005022	-0.012856	0.005795	0.999901	
3766														-0.319508	0.059512	9.771965	-0.998151	0.059307	-0.013282	-0.059375	-0.998224	0.004821	-0.012972	0.005601	0.999900	
3767														0.816298	0.031376	9.767730	-0.998168	0.058984	-0.013460	-0.059053	-0.998243	0.004780	-0.013154	0.005566	0.999898	
3768														-0.155473	0.045079	9.800712	-0.998198	0.058468	-0.013470	-0.058537	-0.998274	0.004813	-0.013165	0.005592	0.999898	
3769														-0.126451	0.051286	9.815177	-0.998257	0.057459	-0.013434	-0.057529	-0.998332	0.004918	-0.013129	0.005682	0.999898	
3770														-0.230319	0.046063	9.757046	-0.998333	0.056117	-0.013498	-0.056187	-0.998409	0.004844	-0.013204	0.005595	0.999897	
3771														-0.052595	0.049826	9.770953	-0.998430	0.054346	-0.013532	-0.054416	-0.998506	0.004869	-0.013247	0.005598	0.999897	
3772														-0.061057	0.093428	9.799717	-0.998527	0.052544	-0.013555	-0.052614	-0.998603	0.004846	-0.013281	0.005552	0.999896	
3773														-0.138903	0.107579	9.770520	-0.998616	0.050819	-0.013562	-0.050888	-0.998693	0.004796	-0.013300	0.005479	0.999897	
3774														-0.104883	0.083802	9.770695	-0.998738	0.048359	-0.013593	-0.048427	-0.998815	0.004739	-0.013348	0.005392	0.999896	
3775														-0.191126	0.066895	9.800526	-0.998866	0.045637	-0.013560	-0.045705	-0.998944	0.004785	-0.013328	0.005400	0.999897	
3776														-0.208503	0.077442	9.771150	-0.999004	0.042517	-0.013571	-0.042584	-0.999082	0.004716	-0.013358	0.005290	0.999897	
3777														-0.128827	0.122904	9.755609	-0.999130	0.039410	-0.013627	-0.039478	-0.999209	0.004748	-0.013429	0.005282	0.999896	
3778														-0.153215	0.237897	9.768837	-0.999259	0.035995	-0.013619	-0.036064	-0.999338	0.004788	-0.013438	0.005275	0.999896	
3779														-0.057847	0.138221	9.769798	-0.999382	0.032428	-0.013588	-0.032495	-0.999460	0.004784	-0.013426	0.005223	0.999896	
3780														-0.065215	0.102939	9.773949	-0.999494	0.028528	-0.013551	-0.028595	-0.999572	0.004797	-0.013408	0.005182	0.999897	
3781														-0.072582	0.067656	9.778099	-0.999605	0.024628	-0.013514	-0.024695	-0.999683	0.004810	-0.013391	0.005142	0.999897	
3782														-0.137504	-0.044333	9.772481	-0.999698	0.020518	-0.013520	-0.020586	-0.999776	0.004877	-0.013416	0.005154	0.999897	
3783														-0.055834	0.124288	9.755315	-0.999770	0.016622	-0.013551	-0.016690	-0.999849	0.004882	-0.013468	0.005107	0.999896	
3784														-0.223243	0.130836	9.755782	-0.999827	0.012756	-0.013541	-0.012824	-0.999906	0.004937	-0.013477	0.005109	0.999896	
3785														-0.184363	0.095251	9.770786	-0.999871	0.008780	-0.013420	-0.008849	-0.999948	0.005083	-0.013375	0.005201	0.999897	
3786														-0.457233	0.105769	9.786237	-0.999902	0.004280	-0.013359	-0.004351	-0.999977	0.005249	-0.013336	0.005307	0.999897	
3787														0.071397	-0.021338	9.800846	-0.999910	-0.001157	-0.013399	0.001086	-0.999985	0.005294	-0.013405	0.005279	0.999896	
3788														-0.003231	-0.085162	9.787329	-0.999891	-0.006180	-0.013415	0.006110	-0.999968	0.005236	-0.013447	0.005154	0.999896	
3789														-0.142792	0.105318	9.770489	-0.999848	-0.011082	-0.013436	0.011012	-0.999926	0.005223	-0.013493	0.005075	0.999896	
3790														-0.257183	0.135004	9.785077	-0.999774	-0.016490	-0.013396	0.016423	-0.999852	0.005123	-0.013479	0.004902	0.999897	
3791														-0.264787	0.162710	9.799365	-0.999678	-0.021581	-0.013314	0.021512	-0.999755	0.005306	-0.013425	0.005018	0.999897	
3792														-0.226937	0.019854	9.757269	-0.999546	-0.027008	-0.013381	0.026940	-0.999624	0.005178	-0.013516	0.004815	0.999897	
3793														-0.188645	-0.061250	9.787586	-0.999391	-0.032286	-0.013220	0.032217	-0.999467	0.005353	-0.013386	0.004924	0.999898	
3794														0.018950	-0.201091	9.788915	-0.999240	-0.036606	-0.013365	0.036540	-0.999319	0.005162	-0.013544	0.004670	0.999897	
3795														0.059760	0.128844	9.740231	-0.999032	-0.041882	-0.013444	0.041818	-0.999113	0.004991	-0.013642	0.004424	0.999897	
3796														-0.070876	-0.000570	9.786325	-0.998776	-0.047579	-0.013485	0.047514	-0.998858	0.005068	-0.013711	0.004421	0.999896	
3797														-0.181576	0.012220	9.771800	-0.998589	-0.051379	-0.013413	0.051314	-0.998669	0.005129	-0.013659	0.004433	0.999897	
3798														-0.295132	0.283425	9.782960	-0.998266	-0.057306	-0.013427	0.057242	-0.998347	0.005116	-0.013698	0.004338	0.999897	
3799														-0.264867	0.230737	9.768948	-0.997621	-0.067659	-0.013205	0.067593	-0.997699	0.005374	-0.013539	0.004468	0.999898	
3800														0.018077	-0.124878	9.787906	-0.996882	-0.077762	-0.013408	0.077698	-0.996963	0.005212	-0.013773	0.004154	0.999897	
3801														-0.070283	-0.093975	9.758343	-0.996279	-0.085123	-0.013501	0.085060	-0.996362	0.005160	-0.013891	0.003992	0.999896	
3802														-0.108641	0.109509	9.784839	-0.995678	-0.091899	-0.013423	0.091837	-0.995760	0.005214	-0.013845	0.003959	0.999896	
3803														-0.143493	-0.011036	9.771995	-0.995102	-0.097953	-0.013297	0.097889	-0.995183	0.005395	-0.013761	0.004067	0.999897	
3804														-0.076677	0.106017	9.784819	-0.994337	-0.105420	-0.013445	0.105357	-0.994420	0.005278	-0.013926	0.003832	0.999896	
3805														-0.109398	0.061637	9.785491	-0.993521	-0.112840	-0.013503	0.112779	-0.993607	0.005154	-0.013998	0.003598	0.999896	
3806														-0.168815	0.131751	9.784567	-0.992683	-0.119981	-0.013610	0.119922	-0.992770	0.005058	-0.014118	0.003388	0.999895	
3807														-0.084059	0.069274	9.785296	-0.991791	-0.127138	-0.013633	0.127080	-0.991879	0.005090	-0.014170	0.003315	0.999894	
3808														-0.131326	-0.011764	9.801162	-0.990948	-0.133555	-0.013618	0.133496	-0.991036	0.005156	-0.014184	0.003292	0.999894	
3809														-0.112423	-0.020554	9.801251	-0.990090	-0.139769	-0.013689	0.139711	-0.990179	0.005112	-0.014269	0.003149	0.999893	
3810														-0.148471	0.105646	9.770181	-0.989309	-0.145196	-0.013659	0.145139	-0.989398	0.005059	-0.014249	0.003023	0.999894	
3811														-0.139019	-0.033460	9.786798	-0.988651	-0.149607	-0.013640	0.149551	-0.988741	0.005085	-0.014247	0.002987	0.999894	
3812														-0.106632	0.042736	9.771029	-0.988024	-0.153709	-0.013514	0.153653	-0.988112	0.005085	-0.014135	0.002947	0.999896	
3813														-0.175102	-0.017151	9.786655	-0.987457	-0.157322	-0.013356	0.157264	-0.987542	0.005316	-0.014026	0.003149	0.999897	
3814														-0.218574	-0.098446	9.817231	-0.986956	-0.160439	-0.013314	0.160381	-0.987041	0.005329	-0.013996	0.003124	0.999897	
3815														-0.132117	0.144766	9.769607	-0.986231	-0.164831	-0.013370	0.164773	-0.986317	0.005350	-0.014069	0.003073	0.999896	
3816														-0.074721	0.122476	9.799160	-0.985354	-0.170006	-0.013270	0.169948	-0.985438	0.005421	-0.013998	0.003087	0.999897	
3817														-0.258370	0.106165	9.799645	-0.984632	-0.174152	-0.013057	0.174092	-0.984714	0.005576	-0.013828	0.003217	0.999899	
3818														-0.139671	0.126743	9.769884	-0.983911	-0.178172	-0.013206	0.178112	-0.983994	0.005595	-0.013991	0.003153	0.999897	
3819														-0.119847	-0.138038	9.817691	-0.982680	-0.184812	-0.013602	0.184755	-0.982770	0.005313	-0.014350	0.002708	0.999893	
3820														-0.196326	-0.046807	9.787022	-0.981815	-0.189349	-0.013624	0.189293	-0.981907	0.005260	-0.014374	0.002586	0.999893	
3821														-0.136785	-0.036268	9.772173	-0.981042	-0.193318	-0.013607	0.193262	-0.981133	0.005317	-0.014378	0.002586	0.999893	
3822														-0.061656	0.080353	9.785071	-0.980378	-0.196658	-0.013595	0.196601	-0.980469	0.005390	-0.014390	0.002611	0.999893	
3823														-0.076645	0.008640	9.771488	-0.979836	-0.199336	-0.013632	0.199280	-0.979928	0.005387	-0.014432	0.002562	0.999893	
3824														-0.091144	-0.063405	9.772556	-0.979373	-0.201600	-0.013625	0.201544	-0.979465	0.005355	-0.014425	0.002498	0.999893	
3825														-0.187226	0.036373	9.785775	-0.978969	-0.203557	-0.013575	0.203502	-0.979060	0.005324	-0.014375	0.002450	0.999894	
3826														-0.186034	0.101786	9.784810	-0.978621	-0.205223	-0.013574	0.205168	-0.978712	0.005370	-0.014387	0.002470	0.999893	
3827														-0.095824	0.015069	9.771399	-0.978270	-0.206888	-0.013633	0.206833	-0.978362	0.005338	-0.014442	0.002402	0.999893	
3828														-0.109447	0.008535	9.771494	-0.977945	-0.208416	-0.013678	0.208361	-0.978037	0.005367	-0.014497	0.002399	0.999892	
3829														-0.103622	-0.069481	9.787310	-0.977638	-0.209852	-0.013618	0.209796	-0.977730	0.005429	-0.014454	0.002451	0.999893	
3830														-0.083195	-0.042908	9.801569	-0.977363	-0.211134	-0.013589	0.211079	-0.977454	0.005415	-0.014425	0.002424	0.999893	
3831														-0.128276	0.048866	9.785564	-0.977111	-0.212294	-0.013621	0.212238	-0.977203	0.005415	-0.014460	0.002400	0.999893	
3832														-0.128080	0.114243	9.769934	-0.976832	-0.213576	-0.013622	0.213520	-0.976924	0.005446	-0.014471	0.002411	0.999892	
3833														-0.128685	0.049477	9.800203	-0.976526	-0.214965	-0.013654	0.214909	-0.976619	0.005491	-0.014515	0.002428	0.999892	
3834														-0.168463	-0.036019	9.757549	-0.976172	-0.216568	-0.013652	0.216512	-0.976264	0.005506	-0.014521	0.002419	0.999892	
3835														-0.129149	0.017122	9.800690	-0.975832	-0.218095	-0.013682	0.218038	-0.975924	0.005552	-0.014564	0.002434	0.999891	
3836														-0.135788	0.030202	9.785845	-0.975448	-0.219804	-0.013665	0.219747	-0.975541	0.005567	-0.014554	0.002427	0.999891	
3837														-0.122374	0.004079	9.771596	-0.975090	-0.221392	-0.013618	0.221334	-0.975182	0.005613	-0.014523	0.002459	0.999892	
3838														-0.154653	0.004392	9.786258	-0.974778	-0.222763	-0.013572	0.222706	-0.974870	0.005598	-0.014478	0.002434	0.999892	
3839														-0.154255	0.004539	9.786264	-0.974432	-0.224274	-0.013541	0.224216	-0.974523	0.005644	-0.014462	0.002463	0.999892	
3840														-0.167182	0.030863	9.756578	-0.974081	-0.225799	-0.013480	0.225741	-0.974170	0.005736	-0.014427	0.002544	0.999893	
3841														-0.213386	0.057422	9.785479	-0.973689	-0.227477	-0.013554	0.227418	-0.973780	0.005735	-0.014503	0.002501	0.999892	
3842														-0.135098	0.064519	9.799997	-0.973224	-0.229459	-0.013534	0.229401	-0.973315	0.005703	-0.014482	0.002446	0.999892	
3843														-0.089593	0.103528	9.770087	-0.972806	-0.231226	-0.013531	0.231169	-0.972897	0.005672	-0.014476	0.002390	0.999892	
3844														-0.076417	0.077066	9.770487	-0.972424	-0.232826	-0.013590	0.232769	-0.972516	0.005626	-0.014526	0.002308	0.999892	
3845														-0.088417	-0.028172	9.772098	-0.972068	-0.234303	-0.013635	0.234246	-0.972161	0.005641	-0.014577	0.002290	0.999891	
3846														-0.141245	-0.022823	9.757361	-0.971732	-0.235688	-0.013681	0.235632	-0.971826	0.005626	-0.014621	0.002243	0.999891	
3847														-0.128007	-0.048430	9.787050	-0.971361	-0.237212	-0.013725	0.237155	-0.971455	0.005657	-0.014676	0.002240	0.999890	
3848														-0.208466	0.042013	9.800300	-0.970924	-0.238994	-0.013707	0.238937	-0.971019	0.005672	-0.014665	0.002231	0.999890	
3849														-0.194616	0.015971	9.786059	-0.970447	-0.240928	-0.013672	0.240871	-0.970540	0.005717	-0.014647	0.002255	0.999890	
3850														-0.247665	0.053864	9.785470	-0.969915	-0.243059	-0.013651	0.243003	-0.970009	0.005685	-0.014624	0.002197	0.999891	
3851														-0.187776	0.035216	9.785769	-0.969311	-0.245464	-0.013582	0.245408	-0.969403	0.005668	-0.014558	0.002161	0.999892	
3852														-0.193490	0.015406	9.800729	-0.968667	-0.247992	-0.013588	0.247935	-0.968760	0.005697	-0.014577	0.002149	0.999891	
3853														-0.162788	0.081592	9.799700	-0.967981	-0.250654	-0.013578	0.250599	-0.968074	0.005679	-0.014568	0.002095	0.999892	
3854														-0.089437	0.037663	9.771091	-0.967256	-0.253439	-0.013597	0.253383	-0.967349	0.005738	-0.014608	0.002105	0.999891	
3855														-0.109392	0.043632	9.770995	-0.966511	-0.256268	-0.013571	0.256212	-0.966604	0.005736	-0.014588	0.002067	0.999891	
3856														-0.107893	0.011078	9.786156	-0.965777	-0.259019	-0.013544	0.258964	-0.965870	0.005749	-0.014571	0.002044	0.999892	
3857														-0.134893	0.029302	9.785860	-0.964998	-0.261906	-0.013579	0.261851	-0.965091	0.005716	-0.014602	0.001961	0.999891	
3858														-0.154873	0.033946	9.756474	-0.964189	-0.264868	-0.013567	0.264813	-0.964283	0.005698	-0.014591	0.001901	0.999892	
3859														-0.103650	0.063006	9.799985	-0.963384	-0.267783	-0.013539	0.267729	-0.963478	0.005695	-0.014570	0.001862	0.999892	
3860														-0.134845	0.027892	9.771218	-0.962505	-0.270925	-0.013586	0.270871	-0.962599	0.005693	-0.014620	0.001800	0.999891	
3861														-0.049530	0.025899	9.785929	-0.961594	-0.274140	-0.013557	0.274087	-0.961688	0.005675	-0.014593	0.001741	0.999892	
3862														-0.059982	-0.013917	9.786552	-0.960690	-0.277295	-0.013511	0.277241	-0.960783	0.005717	-0.014567	0.001746	0.999892	
3863														-0.115830	-0.062772	9.787306	-0.959916	-0.279962	-0.013515	0.279908	-0.960009	0.005791	-0.014596	0.001776	0.999892	
3864														-0.155490	-0.030681	9.790447	-0.959259	-0.282196	-0.013492	0.282141	-0.959352	0.005813	-0.014584	0.001769	0.999892	
3865														-0.195150	0.001410	9.793587	-0.958602	-0.284429	-0.013469	0.284375	-0.958695	0.005834	-0.014572	0.001763	0.999892	
3866														-0.171634	0.091798	9.799492	-0.957940	-0.286654	-0.013461	0.286599	-0.958032	0.005879	-0.014582	0.001774	0.999892	
3867														-0.272439	0.031209	9.756448	-0.957190	-0.289150	-0.013437	0.289095	-0.957282	0.005862	-0.014558	0.001726	0.999893	
3868														-0.013765	-0.002106	9.771783	-0.956409	-0.291722	-0.013440	0.291666	-0.956502	0.005936	-0.014588	0.001758	0.999892	
3869														-0.079329	-0.005970	9.801113	-0.955695	-0.294050	-0.013461	0.293994	-0.955788	0.005997	-0.014630	0.001774	0.999891	
3870														-0.094622	0.018900	9.786051	-0.955000	-0.296300	-0.013485	0.296245	-0.955093	0.005966	-0.014647	0.001703	0.999891	
3871														-0.049395	0.028776	9.771274	-0.954337	-0.298429	-0.013463	0.298374	-0.954430	0.005980	-0.014634	0.001690	0.999891	
3872														-0.137390	0.061270	9.785338	-0.953698	-0.300467	-0.013441	0.300412	-0.953791	0.005994	-0.014621	0.001679	0.999892	
3873														-0.079573	0.079538	9.799739	-0.953035	-0.302563	-0.013405	0.302509	-0.953128	0.005977	-0.014585	0.001641	0.999892	
3874														-0.056343	0.041370	9.785718	-0.952266	-0.304975	-0.013414	0.304922	-0.952359	0.005884	-0.014570	0.001513	0.999893	
3875														-0.078316	-0.007149	9.786474	-0.951514	-0.307312	-0.013436	0.307259	-0.951608	0.005884	-0.014595	0.001470	0.999892	
3876														-0.095468	-0.035183	9.786908	-0.950658	-0.309950	-0.013441	0.309897	-0.950752	0.005883	-0.014602	0.001427	0.999892	
3877														-0.145111	0.072458	9.814436	-0.949819	-0.312511	-0.013414	0.312458	-0.949913	0.005926	-0.014594	0.001437	0.999892	
3878														-0.205965	0.085850	9.770211	-0.948918	-0.315238	-0.013429	0.315184	-0.949011	0.006016	-0.014641	0.001476	0.999892	
3879														-0.194890	0.041334	9.785595	-0.947817	-0.318535	-0.013350	0.318481	-0.947910	0.006056	-0.014584	0.001488	0.999893	
3880														-0.327713	0.112690	9.754994	-0.946559	-0.322253	-0.013370	0.322198	-0.946652	0.006191	-0.014652	0.001552	0.999891	
3881														-0.160142	-0.039960	9.786966	-0.945073	-0.326584	-0.013388	0.326528	-0.945167	0.006248	-0.014694	0.001533	0.999891	
3882														-0.134286	0.080635	9.755702	-0.943605	-0.330804	-0.013365	0.330749	-0.943699	0.006197	-0.014663	0.001427	0.999891	
3883														-0.093413	0.071987	9.770543	-0.942155	-0.334915	-0.013280	0.334861	-0.942247	0.006188	-0.014586	0.001383	0.999893	
3884														-0.056877	-0.008849	9.801223	-0.940803	-0.338694	-0.013288	0.338639	-0.940896	0.006216	-0.014608	0.001348	0.999892	
3885														-0.150583	0.103262	9.755294	-0.939403	-0.342557	-0.013334	0.342504	-0.939496	0.006093	-0.014614	0.001156	0.999893	
3886														-0.245101	0.163094	9.783468	-0.937708	-0.347168	-0.013347	0.347115	-0.937802	0.006165	-0.014658	0.001148	0.999892	
3887														0.020432	0.007227	9.771757	-0.935873	-0.352088	-0.013253	0.352035	-0.935966	0.006185	-0.014582	0.001122	0.999893	
3888														-0.059812	-0.029437	9.801559	-0.934078	-0.356823	-0.013234	0.356770	-0.934171	0.006255	-0.014595	0.001121	0.999893	
3889														-0.161627	-0.011355	9.771811	-0.932113	-0.361927	-0.013211	0.361873	-0.932206	0.006339	-0.014610	0.001128	0.999893	
3890														-0.139292	-0.067844	9.787438	-0.929837	-0.367737	-0.013159	0.367684	-0.929929	0.006298	-0.014553	0.001018	0.999894	
3891														-0.150165	-0.078376	9.743626	-0.927336	-0.373999	-0.013166	0.373949	-0.927429	0.006215	-0.014535	0.000840	0.999894	
3892														-0.136747	0.003208	9.800875	-0.924716	-0.380431	-0.013166	0.380381	-0.924809	0.006222	-0.014543	0.000746	0.999894	
3893														-0.162354	0.111314	9.813671	-0.922235	-0.386407	-0.013154	0.386357	-0.922328	0.006229	-0.014539	0.000663	0.999894	
3894														-0.200935	0.062668	9.785085	-0.919933	-0.391853	-0.013185	0.391805	-0.920028	0.006133	-0.014534	0.000476	0.999894	
