// Start Time: Unknown: 
// Update Rate: 60.0Hz 
// Filter Profile: human (46.1) 
// Firmware Version: 4.6.0
PacketCounter	SampleTimeFine	Year	Month	Day	Second	UTC_Nano	UTC_Year	UTC_Month	UTC_Day	UTC_Hour	UTC_Minute	UTC_Second	UTC_Valid	Acc_X	Acc_Y	Acc_Z	Mat[1][1]	Mat[2][1]	Mat[3][1]	Mat[1][2]	Mat[2][2]	Mat[3][2]	Mat[1][3]	Mat[2][3]	Mat[3][3] 
3598														-0.139587	0.079682	9.754821	-0.983435	0.180706	-0.014159	-0.180773	-0.983518	0.003585	-0.013278	0.006085	0.999893	
3599														-0.123567	0.036522	9.755712	-0.983441	0.180676	-0.014160	-0.180744	-0.983524	0.003608	-0.013275	0.006107	0.999893	
3600														-0.109349	0.051613	9.741011	-0.983435	0.180707	-0.014152	-0.180774	-0.983518	0.003585	-0.013271	0.006084	0.999893	
3601														-0.124668	0.051529	9.770115	-0.983432	0.180723	-0.014170	-0.180790	-0.983515	0.003542	-0.013297	0.006045	0.999893	
3602														-0.110937	0.066625	9.770057	-0.983434	0.180709	-0.014194	-0.180775	-0.983518	0.003528	-0.013323	0.006036	0.999893	
3603														-0.140094	0.051278	9.784567	-0.983434	0.180711	-0.014153	-0.180776	-0.983518	0.003497	-0.013288	0.005997	0.999894	
3604														-0.125415	0.065762	9.740578	-0.983434	0.180711	-0.014166	-0.180777	-0.983518	0.003501	-0.013299	0.006004	0.999894	
3605														-0.126687	0.081385	9.784272	-0.983437	0.180697	-0.014163	-0.180763	-0.983520	0.003509	-0.013296	0.006011	0.999894	
3606														-0.125984	0.052399	9.784742	-0.983434	0.180713	-0.014176	-0.180779	-0.983517	0.003513	-0.013307	0.006018	0.999893	
3607														-0.126019	0.052534	9.770092	-0.983434	0.180713	-0.014176	-0.180780	-0.983517	0.003536	-0.013304	0.006040	0.999893	
3608														-0.141395	0.067079	9.784310	-0.983442	0.180670	-0.014150	-0.180736	-0.983525	0.003502	-0.013285	0.006001	0.999894	
3609														-0.126288	0.052982	9.784735	-0.983437	0.180701	-0.014134	-0.180766	-0.983520	0.003512	-0.013266	0.006009	0.999894	
3610														-0.126834	0.067841	9.784494	-0.983439	0.180686	-0.014129	-0.180752	-0.983522	0.003505	-0.013263	0.006000	0.999894	
3611														-0.156614	0.081444	9.769232	-0.983439	0.180687	-0.014138	-0.180753	-0.983522	0.003494	-0.013274	0.005992	0.999894	
3612														-0.127167	0.067966	9.769839	-0.983439	0.180688	-0.014151	-0.180753	-0.983522	0.003498	-0.013285	0.005998	0.999894	
3613														-0.127663	0.068416	9.784479	-0.983438	0.180688	-0.014160	-0.180754	-0.983522	0.003488	-0.013297	0.005989	0.999894	
3614														-0.127673	0.064783	9.777213	-0.983437	0.180697	-0.014172	-0.180762	-0.983521	0.003485	-0.013308	0.005989	0.999894	
3615														-0.127683	0.061150	9.769946	-0.983435	0.180705	-0.014183	-0.180771	-0.983519	0.003482	-0.013320	0.005988	0.999893	
3616														-0.127427	0.039627	9.770299	-0.983438	0.180690	-0.014199	-0.180756	-0.983522	0.003501	-0.013332	0.006009	0.999893	
3617														-0.128745	0.068896	9.769812	-0.983434	0.180706	-0.014211	-0.180772	-0.983519	0.003427	-0.013358	0.005940	0.999893	
3618														-0.143480	0.053932	9.784504	-0.983434	0.180707	-0.014224	-0.180772	-0.983519	0.003432	-0.013369	0.005946	0.999893	
3619														-0.114155	0.054870	9.770236	-0.983434	0.180708	-0.014204	-0.180773	-0.983519	0.003427	-0.013351	0.005938	0.999893	
3620														-0.143905	0.054529	9.799144	-0.983437	0.180694	-0.014199	-0.180759	-0.983521	0.003420	-0.013347	0.005930	0.999893	
3621														-0.129545	0.069557	9.784446	-0.983437	0.180695	-0.014163	-0.180760	-0.983521	0.003419	-0.013312	0.005922	0.999894	
3622														-0.129547	0.069703	9.784445	-0.983440	0.180681	-0.014158	-0.180746	-0.983524	0.003411	-0.013308	0.005914	0.999894	
3623														-0.128946	0.054898	9.770041	-0.983440	0.180682	-0.014135	-0.180746	-0.983524	0.003392	-0.013290	0.005891	0.999894	
3624														-0.114383	0.055524	9.770230	-0.983445	0.180653	-0.014133	-0.180717	-0.983529	0.003400	-0.013286	0.005898	0.999894	
3625														-0.129655	0.070048	9.769792	-0.983442	0.180669	-0.014134	-0.180733	-0.983526	0.003422	-0.013283	0.005920	0.999894	
3626														-0.144522	0.069783	9.769596	-0.983437	0.180700	-0.014141	-0.180764	-0.983521	0.003396	-0.013294	0.005896	0.999894	
3627														-0.129555	0.055847	9.770027	-0.983437	0.180700	-0.014127	-0.180765	-0.983520	0.003422	-0.013276	0.005919	0.999894	
3628														-0.115675	0.071575	9.784616	-0.983442	0.180671	-0.014125	-0.180736	-0.983526	0.003430	-0.013272	0.005926	0.999894	
3629														-0.130269	0.071144	9.769776	-0.983445	0.180657	-0.014122	-0.180722	-0.983528	0.003437	-0.013268	0.005932	0.999894	
3630														-0.115224	0.057211	9.770210	-0.983445	0.180658	-0.014102	-0.180723	-0.983528	0.003433	-0.013249	0.005925	0.999895	
3631														-0.130424	0.071582	9.769770	-0.983448	0.180644	-0.014099	-0.180709	-0.983531	0.003441	-0.013245	0.005932	0.999895	
3632														-0.130093	0.057237	9.770012	-0.983442	0.180675	-0.014097	-0.180739	-0.983525	0.003448	-0.013242	0.005939	0.999895	
3633														-0.145294	0.071533	9.769572	-0.983442	0.180676	-0.014074	-0.180740	-0.983525	0.003430	-0.013223	0.005916	0.999895	
3634														-0.130803	0.072017	9.769762	-0.983436	0.180707	-0.014081	-0.180771	-0.983519	0.003404	-0.013233	0.005893	0.999895	
3635														-0.116537	0.072497	9.769950	-0.983444	0.180663	-0.014102	-0.180726	-0.983528	0.003376	-0.013260	0.005869	0.999895	
3636														-0.131467	0.057988	9.799288	-0.983441	0.180678	-0.014115	-0.180742	-0.983525	0.003381	-0.013272	0.005876	0.999895	
3637														-0.131142	0.057802	9.769995	-0.983444	0.180664	-0.014083	-0.180728	-0.983527	0.003394	-0.013238	0.005883	0.999895	
3638														-0.131220	0.058095	9.769992	-0.983444	0.180665	-0.014096	-0.180729	-0.983527	0.003399	-0.013250	0.005890	0.999895	
3639														-0.131234	0.043914	9.784879	-0.983443	0.180666	-0.014105	-0.180730	-0.983527	0.003388	-0.013261	0.005881	0.999895	
3640														-0.117728	0.073977	9.784574	-0.983441	0.180682	-0.014091	-0.180746	-0.983524	0.003413	-0.013242	0.005904	0.999895	
3641														-0.132103	0.058989	9.784624	-0.983438	0.180698	-0.014110	-0.180761	-0.983521	0.003370	-0.013268	0.005865	0.999895	
3642														-0.132272	0.058812	9.769974	-0.983443	0.180668	-0.014122	-0.180732	-0.983527	0.003375	-0.013280	0.005871	0.999895	
3643														-0.147758	0.073415	9.784171	-0.983440	0.180684	-0.014102	-0.180748	-0.983524	0.003370	-0.013261	0.005863	0.999895	
3644														-0.147623	0.059238	9.799061	-0.983428	0.180748	-0.014124	-0.180812	-0.983512	0.003382	-0.013280	0.005880	0.999895	
3645														-0.118369	0.060279	9.784803	-0.983431	0.180734	-0.014121	-0.180798	-0.983514	0.003390	-0.013276	0.005887	0.999895	
3646														-0.132878	0.059609	9.769960	-0.983433	0.180721	-0.014095	-0.180785	-0.983517	0.003356	-0.013256	0.005849	0.999895	
3647														-0.132727	0.059534	9.769963	-0.983431	0.180738	-0.014042	-0.180801	-0.983514	0.003343	-0.013207	0.005826	0.999896	
3648														-0.132730	0.059755	9.769962	-0.983433	0.180723	-0.014058	-0.180787	-0.983517	0.003363	-0.013219	0.005848	0.999896	
3649														-0.118038	0.060228	9.755509	-0.983433	0.180726	-0.014035	-0.180789	-0.983516	0.003343	-0.013199	0.005825	0.999896	
3650														-0.117249	0.031193	9.770655	-0.983434	0.180725	-0.014012	-0.180788	-0.983516	0.003324	-0.013180	0.005802	0.999896	
3651														-0.132459	0.045476	9.770207	-0.983434	0.180725	-0.014010	-0.180788	-0.983516	0.003331	-0.013177	0.005809	0.999896	
3652														-0.134221	0.075702	9.813637	-0.983437	0.180710	-0.014005	-0.180772	-0.983519	0.003324	-0.013174	0.005801	0.999896	
3653														-0.118825	0.061221	9.784791	-0.983437	0.180710	-0.014000	-0.180773	-0.983519	0.003316	-0.013170	0.005792	0.999896	
3654														-0.103927	0.061379	9.755696	-0.983437	0.180711	-0.013995	-0.180774	-0.983519	0.003309	-0.013167	0.005784	0.999897	
3655														-0.134155	0.075298	9.755042	-0.983438	0.180697	-0.014056	-0.180760	-0.983522	0.003320	-0.013224	0.005805	0.999896	
3656														-0.120365	0.062281	9.814064	-0.983441	0.180683	-0.014059	-0.180745	-0.983524	0.003279	-0.013235	0.005766	0.999896	
3657														-0.133618	0.045983	9.740891	-0.983435	0.180714	-0.014043	-0.180776	-0.983519	0.003289	-0.013217	0.005774	0.999896	
3658														-0.119546	0.047272	9.770376	-0.983441	0.180684	-0.014056	-0.180746	-0.983524	0.003294	-0.013229	0.005780	0.999896	
3659														-0.135906	0.076748	9.798956	-0.983438	0.180700	-0.014065	-0.180763	-0.983521	0.003283	-0.013240	0.005772	0.999896	
3660														-0.135214	0.061836	9.769915	-0.983438	0.180701	-0.014063	-0.180763	-0.983521	0.003291	-0.013237	0.005779	0.999896	
3661														-0.120018	0.047826	9.755719	-0.983434	0.180718	-0.014064	-0.180781	-0.983518	0.003313	-0.013233	0.005801	0.999896	
3662														-0.120724	0.049012	9.799650	-0.983434	0.180719	-0.014050	-0.180782	-0.983518	0.003338	-0.013215	0.005823	0.999896	
3663														-0.136005	0.063687	9.813840	-0.983435	0.180720	-0.014015	-0.180783	-0.983517	0.003337	-0.013181	0.005816	0.999896	
3664														-0.134966	0.048273	9.755510	-0.983434	0.180720	-0.014073	-0.180783	-0.983517	0.003333	-0.013238	0.005822	0.999895	
3665														-0.120765	0.034929	9.785248	-0.983434	0.180720	-0.014086	-0.180783	-0.983517	0.003338	-0.013250	0.005829	0.999895	
3666														-0.121722	0.064247	9.770087	-0.983439	0.180691	-0.014069	-0.180754	-0.983523	0.003349	-0.013232	0.005836	0.999895	
3667														-0.136439	0.064029	9.769883	-0.983436	0.180707	-0.014066	-0.180770	-0.983520	0.003356	-0.013228	0.005844	0.999895	
3668														-0.136502	0.050110	9.799427	-0.983436	0.180707	-0.014062	-0.180770	-0.983520	0.003349	-0.013225	0.005836	0.999896	
3669														-0.135738	0.049329	9.740845	-0.983436	0.180708	-0.014044	-0.180771	-0.983519	0.003360	-0.013206	0.005843	0.999896	
3670														-0.122392	0.065374	9.784721	-0.983439	0.180694	-0.014051	-0.180757	-0.983522	0.003334	-0.013217	0.005819	0.999896	
3671														-0.122753	0.065768	9.799363	-0.983442	0.180680	-0.014034	-0.180743	-0.983525	0.003345	-0.013199	0.005826	0.999896	
3672														-0.136396	0.049933	9.755482	-0.983439	0.180697	-0.014038	-0.180759	-0.983522	0.003305	-0.013209	0.005787	0.999896	
3673														-0.122707	0.065480	9.770067	-0.983436	0.180713	-0.014038	-0.180776	-0.983519	0.003327	-0.013206	0.005809	0.999896	
3674														-0.137710	0.065508	9.784505	-0.983438	0.180699	-0.014033	-0.180762	-0.983521	0.003319	-0.013202	0.005801	0.999896	
3675														-0.123737	0.080805	9.784446	-0.983441	0.180685	-0.014027	-0.180747	-0.983524	0.003312	-0.013198	0.005793	0.999896	
3676														-0.122648	0.051497	9.770316	-0.983444	0.180671	-0.014025	-0.180733	-0.983527	0.003320	-0.013194	0.005800	0.999896	
3677														-0.122514	0.051539	9.755669	-0.983441	0.180687	-0.014008	-0.180750	-0.983523	0.003331	-0.013175	0.005808	0.999896	
3678														-0.138243	0.066305	9.784492	-0.983446	0.180658	-0.014014	-0.180720	-0.983529	0.003306	-0.013186	0.005784	0.999896	
3679														-0.123525	0.052509	9.799597	-0.983443	0.180674	-0.014009	-0.180736	-0.983526	0.003299	-0.013182	0.005776	0.999896	
3680														-0.108398	0.052341	9.755865	-0.983443	0.180675	-0.014001	-0.180737	-0.983526	0.003277	-0.013178	0.005753	0.999897	
3681														-0.123400	0.052291	9.770302	-0.983446	0.180661	-0.014002	-0.180723	-0.983528	0.003299	-0.013175	0.005775	0.999897	
3682														-0.139729	0.081766	9.798862	-0.983445	0.180663	-0.014008	-0.180725	-0.983528	0.003274	-0.013186	0.005751	0.999897	
3683														-0.138412	0.052053	9.770092	-0.983448	0.180648	-0.013988	-0.180710	-0.983531	0.003270	-0.013167	0.005744	0.999897	
3684														-0.124369	0.067284	9.770034	-0.983448	0.180649	-0.013980	-0.180711	-0.983531	0.003248	-0.013163	0.005720	0.999897	
3685														-0.124444	0.067355	9.770032	-0.983451	0.180635	-0.013960	-0.180696	-0.983534	0.003244	-0.013144	0.005713	0.999897	
3686														-0.154011	0.066776	9.784265	-0.983451	0.180636	-0.013958	-0.180697	-0.983533	0.003251	-0.013141	0.005720	0.999897	
3687														-0.124459	0.067464	9.755382	-0.983451	0.180637	-0.013950	-0.180698	-0.983533	0.003229	-0.013137	0.005696	0.999897	
3688														-0.139013	0.052771	9.770079	-0.983453	0.180623	-0.013965	-0.180684	-0.983536	0.003249	-0.013148	0.005719	0.999897	
3689														-0.124837	0.067898	9.755374	-0.983453	0.180624	-0.013942	-0.180685	-0.983536	0.003230	-0.013129	0.005695	0.999898	
3690														-0.139764	0.067694	9.769812	-0.983456	0.180610	-0.013937	-0.180671	-0.983538	0.003223	-0.013125	0.005688	0.999898	
3691														-0.124899	0.053653	9.770276	-0.983458	0.180596	-0.013958	-0.180657	-0.983541	0.003194	-0.013152	0.005663	0.999897	
3692														-0.125798	0.068354	9.770008	-0.983461	0.180582	-0.013969	-0.180642	-0.983544	0.003184	-0.013164	0.005655	0.999897	
3693														-0.125477	0.039807	9.799818	-0.983461	0.180582	-0.013982	-0.180643	-0.983544	0.003188	-0.013176	0.005661	0.999897	
3694														-0.126326	0.068786	9.769998	-0.983463	0.180568	-0.013977	-0.180628	-0.983546	0.003182	-0.013172	0.005654	0.999897	
3695														-0.125276	0.039399	9.755877	-0.983463	0.180569	-0.013987	-0.180629	-0.983546	0.003171	-0.013184	0.005645	0.999897	
3696														-0.126485	0.068816	9.755347	-0.983460	0.180585	-0.013967	-0.180645	-0.983543	0.003167	-0.013165	0.005637	0.999897	
3697														-0.111737	0.041399	9.814659	-0.983457	0.180601	-0.013967	-0.180661	-0.983540	0.003189	-0.013162	0.005660	0.999897	
3698														-0.126312	0.041051	9.799802	-0.983460	0.180586	-0.013968	-0.180647	-0.983543	0.003212	-0.013158	0.005682	0.999897	
3699														-0.127316	0.070098	9.769976	-0.983459	0.180587	-0.014008	-0.180648	-0.983543	0.003196	-0.013200	0.005673	0.999897	
3700														-0.127472	0.069980	9.755325	-0.983454	0.180618	-0.014003	-0.180678	-0.983537	0.003189	-0.013197	0.005666	0.999897	
3701														-0.127309	0.055746	9.770233	-0.983459	0.180589	-0.013998	-0.180649	-0.983542	0.003182	-0.013193	0.005658	0.999897	
3702														-0.127775	0.070341	9.755319	-0.983459	0.180589	-0.013996	-0.180650	-0.983542	0.003189	-0.013190	0.005665	0.999897	
3703														-0.112585	0.042344	9.785349	-0.983465	0.180560	-0.013976	-0.180621	-0.983548	0.003185	-0.013171	0.005657	0.999897	
3704														-0.128519	0.071295	9.784601	-0.983459	0.180591	-0.014004	-0.180652	-0.983542	0.003187	-0.013198	0.005664	0.999897	
3705														-0.128529	0.070990	9.755304	-0.983455	0.180607	-0.014029	-0.180667	-0.983539	0.003173	-0.013225	0.005655	0.999897	
3706														-0.128734	0.057014	9.784856	-0.983458	0.180593	-0.014024	-0.180653	-0.983542	0.003166	-0.013221	0.005647	0.999897	
3707														-0.113784	0.042987	9.785332	-0.983458	0.180594	-0.014030	-0.180654	-0.983542	0.003140	-0.013232	0.005623	0.999897	
3708														-0.114396	0.057355	9.770416	-0.983460	0.180580	-0.014036	-0.180640	-0.983544	0.003115	-0.013243	0.005599	0.999897	
3709														-0.130314	0.072036	9.799221	-0.983460	0.180581	-0.014046	-0.180641	-0.983544	0.003105	-0.013254	0.005591	0.999897	
3710														-0.129238	0.042571	9.785109	-0.983463	0.180567	-0.014038	-0.180626	-0.983547	0.003083	-0.013250	0.005567	0.999897	
3711														-0.130172	0.071801	9.769926	-0.983468	0.180538	-0.014024	-0.180598	-0.983552	0.003108	-0.013232	0.005590	0.999897	
3712														-0.129934	0.057794	9.784836	-0.983468	0.180539	-0.014022	-0.180599	-0.983552	0.003116	-0.013228	0.005597	0.999897	
3713														-0.130405	0.072388	9.769918	-0.983465	0.180555	-0.014016	-0.180615	-0.983549	0.003108	-0.013225	0.005588	0.999897	
3714														-0.144181	0.042638	9.770240	-0.983465	0.180556	-0.014023	-0.180615	-0.983549	0.003083	-0.013236	0.005565	0.999897	
3715														-0.130462	0.058300	9.784826	-0.983465	0.180557	-0.014009	-0.180616	-0.983549	0.003109	-0.013218	0.005588	0.999897	
3716														-0.130863	0.073043	9.769907	-0.983465	0.180557	-0.014007	-0.180617	-0.983549	0.003117	-0.013214	0.005595	0.999897	
3717														-0.145107	0.058077	9.769960	-0.983467	0.180543	-0.014002	-0.180603	-0.983551	0.003110	-0.013211	0.005587	0.999897	
3718														-0.116282	0.059504	9.785030	-0.983470	0.180529	-0.014009	-0.180589	-0.983554	0.003084	-0.013222	0.005563	0.999897	
3719														-0.116828	0.074020	9.770111	-0.983470	0.180530	-0.014006	-0.180590	-0.983554	0.003092	-0.013218	0.005571	0.999897	
3720														-0.145782	0.058500	9.769948	-0.983467	0.180546	-0.014016	-0.180606	-0.983551	0.003082	-0.013229	0.005562	0.999897	
3721														-0.115961	0.044846	9.756002	-0.983469	0.180532	-0.014011	-0.180591	-0.983553	0.003074	-0.013226	0.005554	0.999897	
3722														-0.131594	0.059261	9.770156	-0.983469	0.180533	-0.014018	-0.180592	-0.983553	0.003049	-0.013237	0.005530	0.999897	
3723														-0.116558	0.045248	9.770641	-0.983464	0.180564	-0.013998	-0.180623	-0.983548	0.003045	-0.013218	0.005523	0.999897	
3724														-0.132140	0.073700	9.755236	-0.983463	0.180566	-0.013987	-0.180624	-0.983548	0.003007	-0.013213	0.005484	0.999898	
3725														-0.131890	0.059324	9.770151	-0.983464	0.180567	-0.013967	-0.180625	-0.983548	0.003003	-0.013195	0.005476	0.999898	
3726														-0.117006	0.045652	9.785282	-0.983461	0.180583	-0.013962	-0.180641	-0.983545	0.002996	-0.013191	0.005468	0.999898	
3727														-0.117633	0.060433	9.785008	-0.983466	0.180554	-0.013941	-0.180612	-0.983550	0.002992	-0.013171	0.005460	0.999898	
3728														-0.132270	0.060024	9.784791	-0.983464	0.180570	-0.013921	-0.180628	-0.983547	0.002987	-0.013153	0.005452	0.999899	
3729														-0.117483	0.060461	9.770361	-0.983472	0.180526	-0.013916	-0.180584	-0.983555	0.002980	-0.013149	0.005444	0.999899	
3730														-0.132415	0.059894	9.770141	-0.983474	0.180512	-0.013935	-0.180569	-0.983558	0.002937	-0.013175	0.005405	0.999899	
3731														-0.132866	0.060226	9.784782	-0.983471	0.180528	-0.013918	-0.180585	-0.983555	0.002947	-0.013157	0.005412	0.999899	
3732														-0.132490	0.059991	9.755490	-0.983471	0.180529	-0.013916	-0.180586	-0.983555	0.002955	-0.013154	0.005419	0.999899	
3733														-0.132642	0.060208	9.755487	-0.983477	0.180500	-0.013911	-0.180557	-0.983560	0.002947	-0.013150	0.005410	0.999899	
3734														-0.118840	0.061709	9.799634	-0.983476	0.180501	-0.013906	-0.180558	-0.983560	0.002940	-0.013146	0.005402	0.999899	
3735														-0.133320	0.060757	9.770123	-0.983476	0.180502	-0.013930	-0.180559	-0.983560	0.002926	-0.013173	0.005393	0.999899	
3736														-0.137318	0.060855	9.777387	-0.983476	0.180504	-0.013932	-0.180560	-0.983560	0.002917	-0.013177	0.005384	0.999899	
3737														-0.141316	0.060953	9.784650	-0.983475	0.180505	-0.013935	-0.180561	-0.983559	0.002908	-0.013181	0.005376	0.999899	
3738														-0.134097	0.075361	9.740547	-0.983470	0.180536	-0.013917	-0.180592	-0.983554	0.002918	-0.013162	0.005384	0.999899	
3739														-0.118950	0.047257	9.770603	-0.983475	0.180507	-0.013921	-0.180563	-0.983559	0.002879	-0.013172	0.005345	0.999899	
3740														-0.134673	0.061586	9.784748	-0.983472	0.180523	-0.013931	-0.180579	-0.983556	0.002868	-0.013184	0.005336	0.999899	
3741														-0.120035	0.062176	9.770319	-0.983472	0.180523	-0.013932	-0.180580	-0.983556	0.002891	-0.013181	0.005359	0.999899	
3742														-0.120420	0.062738	9.784960	-0.983469	0.180540	-0.013927	-0.180596	-0.983553	0.002883	-0.013177	0.005351	0.999899	
3743														-0.135133	0.062318	9.784737	-0.983461	0.180586	-0.013907	-0.180642	-0.983545	0.002879	-0.013158	0.005343	0.999899	
3744														-0.119807	0.062230	9.741024	-0.983458	0.180602	-0.013887	-0.180658	-0.983542	0.002874	-0.013139	0.005336	0.999899	
3745														-0.105405	0.063286	9.755887	-0.983458	0.180603	-0.013870	-0.180659	-0.983542	0.002885	-0.013120	0.005343	0.999900	
3746														-0.120046	0.063016	9.755665	-0.983447	0.180664	-0.013853	-0.180720	-0.983530	0.002896	-0.013102	0.005351	0.999900	
3747														-0.120693	0.078000	9.770033	-0.983423	0.180801	-0.013798	-0.180856	-0.983505	0.002866	-0.013053	0.005314	0.999901	
3748														-0.135268	0.077810	9.784460	-0.983263	0.181672	-0.013758	-0.181728	-0.983345	0.002875	-0.013007	0.005327	0.999901	
3749														-0.118695	0.034589	9.770868	-0.983232	0.181838	-0.013760	-0.181894	-0.983314	0.002895	-0.013004	0.005350	0.999901	
3750														-0.119947	0.064157	9.770308	-0.983229	0.181855	-0.013755	-0.181910	-0.983311	0.002888	-0.013000	0.005341	0.999901	
3751														-0.134197	0.049612	9.785009	-0.983230	0.181856	-0.013714	-0.181912	-0.983311	0.002935	-0.012951	0.005380	0.999902	
3752														-0.190131	0.064580	9.769246	-0.983222	0.181934	-0.013223	-0.181995	-0.983293	0.003524	-0.012361	0.005872	0.999906	
3753														-0.527396	0.154689	9.851059	-0.983412	0.181085	-0.010451	-0.181157	-0.983433	0.006409	-0.009118	0.008196	0.999925	
3754														0.167731	0.035897	9.671921	-0.983955	0.178223	-0.008282	-0.178293	-0.983939	0.008711	-0.006596	0.010048	0.999928	
3755														-0.102097	0.124971	9.799023	-0.984160	0.177100	-0.008067	-0.177168	-0.984141	0.008813	-0.006378	0.010102	0.999929	
3756														0.196423	0.035186	9.789228	-0.984152	0.177146	-0.007972	-0.177214	-0.984133	0.008824	-0.006282	0.010097	0.999929	
3757														-0.054368	0.082383	9.756504	-0.984095	0.177463	-0.007978	-0.177531	-0.984076	0.008781	-0.006293	0.010057	0.999930	
3758														-0.083086	0.052296	9.771596	-0.983945	0.178289	-0.008044	-0.178357	-0.983927	0.008770	-0.006351	0.010064	0.999929	
3759														-0.026574	0.083000	9.742099	-0.983630	0.180015	-0.008154	-0.180084	-0.983613	0.008621	-0.006469	0.009948	0.999930	
3760														-0.046911	0.156090	9.784172	-0.983368	0.181424	-0.008490	-0.181495	-0.983355	0.008521	-0.006802	0.009920	0.999928	
3761														-0.078311	0.154924	9.783901	-0.983274	0.181934	-0.008561	-0.182005	-0.983261	0.008480	-0.006875	0.009896	0.999927	
3762														-0.045080	0.039371	9.772279	-0.983117	0.182774	-0.008608	-0.182847	-0.983104	0.008598	-0.006891	0.010027	0.999926	
3763														-0.062403	0.099622	9.800030	-0.982800	0.184470	-0.008636	-0.184544	-0.982786	0.008731	-0.006877	0.010175	0.999925	
3764														-0.062751	0.129592	9.755380	-0.982696	0.185026	-0.008596	-0.185100	-0.982679	0.008900	-0.006801	0.010337	0.999923	
3765														-0.017757	0.102824	9.756467	-0.982506	0.186031	-0.008632	-0.186106	-0.982490	0.008879	-0.006829	0.010330	0.999923	
3766														-0.078759	0.145986	9.798806	-0.982369	0.186751	-0.008682	-0.186826	-0.982353	0.008872	-0.006872	0.010338	0.999923	
3767														-0.034017	0.118285	9.785259	-0.982229	0.187486	-0.008679	-0.187562	-0.982212	0.008908	-0.006855	0.010377	0.999923	
3768														-0.107818	0.146006	9.769228	-0.982172	0.187787	-0.008651	-0.187863	-0.982153	0.009075	-0.006793	0.010539	0.999921	
3769														-0.048250	0.120345	9.785098	-0.982269	0.187278	-0.008641	-0.187355	-0.982250	0.009149	-0.006774	0.010606	0.999921	
3770														-0.034516	0.166187	9.769484	-0.982440	0.186380	-0.008574	-0.186458	-0.982418	0.009424	-0.006666	0.010858	0.999919	
3771														0.053666	0.142759	9.814897	-0.982641	0.185314	-0.008673	-0.185394	-0.982619	0.009463	-0.006769	0.010907	0.999918	
3772														-0.111095	0.223832	9.738027	-0.982961	0.183604	-0.008780	-0.183684	-0.982939	0.009503	-0.006885	0.010954	0.999916	
3773														0.016133	0.275373	9.796666	-0.983374	0.181365	-0.009040	-0.181450	-0.983353	0.009640	-0.007141	0.011120	0.999913	
3774														-0.072395	0.243346	9.796559	-0.983853	0.178754	-0.009005	-0.178838	-0.983832	0.009574	-0.007148	0.011030	0.999914	
3775														-0.051138	0.082334	9.771455	-0.984383	0.175811	-0.008993	-0.175895	-0.984362	0.009646	-0.007156	0.011077	0.999913	
3776														-0.038882	0.127339	9.770479	-0.984949	0.172610	-0.008996	-0.172694	-0.984928	0.009654	-0.007194	0.011062	0.999913	
3777														-0.080469	0.361613	9.793545	-0.985539	0.169212	-0.008969	-0.169297	-0.985516	0.009839	-0.007174	0.011215	0.999911	
3778														-0.011932	0.438648	9.763045	-0.986190	0.165376	-0.008914	-0.165461	-0.986167	0.009831	-0.007165	0.011170	0.999912	
3779														-0.198327	0.354062	9.763175	-0.986846	0.161434	-0.008657	-0.161516	-0.986822	0.009753	-0.006969	0.011023	0.999915	
3780														-0.066037	0.167362	9.776524	-0.987499	0.157334	-0.008639	-0.157415	-0.987476	0.009707	-0.007003	0.010945	0.999916	
3781														0.066252	-0.019338	9.789873	-0.988152	0.153234	-0.008620	-0.153315	-0.988130	0.009661	-0.007037	0.010868	0.999916	
3782														-0.381144	0.216903	9.720657	-0.988876	0.148517	-0.008120	-0.148590	-0.988856	0.009243	-0.006657	0.010347	0.999924	
3783														-0.089901	0.426859	9.748006	-0.989671	0.143105	-0.008453	-0.143182	-0.989653	0.009247	-0.007042	0.010362	0.999922	
3784														0.103039	0.355119	9.810482	-0.990547	0.136924	-0.008230	-0.136997	-0.990530	0.009063	-0.006911	0.010105	0.999925	
3785														-0.021892	0.093531	9.815349	-0.991242	0.131811	-0.008099	-0.131882	-0.991225	0.008965	-0.006846	0.009954	0.999927	
3786														0.033719	-0.021829	9.730758	-0.992025	0.125783	-0.008059	-0.125854	-0.992009	0.008917	-0.006873	0.009860	0.999928	
3787														0.051222	-0.209293	9.794018	-0.992715	0.120202	-0.008216	-0.120275	-0.992700	0.008987	-0.007076	0.009910	0.999926	
3788														-0.032616	0.033024	9.772725	-0.993323	0.115074	-0.008235	-0.115147	-0.993307	0.009034	-0.007140	0.009921	0.999925	
3789														-0.025261	0.225233	9.753633	-0.993916	0.109818	-0.008375	-0.109893	-0.993903	0.008983	-0.007337	0.009848	0.999925	
3790														-0.172800	0.208695	9.766937	-0.994511	0.104303	-0.008322	-0.104377	-0.994497	0.008997	-0.007337	0.009816	0.999925	
3791														-0.218077	0.203745	9.810461	-0.995088	0.098646	-0.008327	-0.098720	-0.995074	0.009003	-0.007398	0.009781	0.999925	
3792														-0.116814	0.214303	9.738164	-0.995630	0.093016	-0.008328	-0.093090	-0.995616	0.009071	-0.007447	0.009807	0.999924	
3793														-0.055788	0.075159	9.771487	-0.996152	0.087244	-0.008335	-0.087318	-0.996140	0.009000	-0.007518	0.009694	0.999925	
3794														0.098095	-0.184649	9.764843	-0.996661	0.081224	-0.008334	-0.081299	-0.996648	0.009087	-0.007568	0.009734	0.999924	
3795														0.135672	-0.029358	9.776383	-0.997151	0.074970	-0.008372	-0.075046	-0.997138	0.009153	-0.007662	0.009756	0.999923	
3796														-0.039279	0.242269	9.782473	-0.997630	0.068285	-0.008429	-0.068362	-0.997618	0.009174	-0.007783	0.009728	0.999922	
3797														-0.170717	0.400576	9.821036	-0.998063	0.061641	-0.008415	-0.061717	-0.998052	0.009127	-0.007836	0.009629	0.999923	
3798														-0.043671	0.075421	9.727683	-0.998450	0.055058	-0.008157	-0.055129	-0.998440	0.008869	-0.007656	0.009305	0.999927	
3799														-0.047812	-0.074558	9.760350	-0.998787	0.048557	-0.008215	-0.048630	-0.998777	0.008873	-0.007774	0.009262	0.999927	
3800														-0.006876	0.111741	9.756647	-0.999115	0.041257	-0.008244	-0.041330	-0.999105	0.008964	-0.007867	0.009297	0.999926	
3801														-0.088123	0.217561	9.782450	-0.999396	0.033721	-0.008355	-0.033796	-0.999388	0.009000	-0.008047	0.009277	0.999925	
3802														-0.061863	0.298202	9.810295	-0.999620	0.026274	-0.008369	-0.026349	-0.999612	0.008987	-0.008130	0.009204	0.999925	
3803														0.121667	0.124144	9.685001	-0.999792	0.018592	-0.008406	-0.018669	-0.999783	0.009188	-0.008233	0.009343	0.999922	
3804														-0.077800	0.071584	9.756661	-0.999910	0.010555	-0.008300	-0.010632	-0.999901	0.009270	-0.008202	0.009358	0.999923	
3805														-0.043541	0.112858	9.888106	-0.999958	0.003648	-0.008357	-0.003726	-0.999950	0.009311	-0.008323	0.009342	0.999922	
3806														-0.208238	0.042922	9.784710	-0.999960	-0.003169	-0.008357	0.003092	-0.999952	0.009251	-0.008386	0.009225	0.999922	
3807														-0.045733	0.121944	9.697376	-0.999917	-0.009880	-0.008252	0.009804	-0.999910	0.009187	-0.008342	0.009106	0.999924	
3808														-0.192892	-0.029066	9.889080	-0.999826	-0.016672	-0.008325	0.016595	-0.999820	0.009227	-0.008478	0.009087	0.999923	
3809														-0.083581	-0.098658	9.701768	-0.999702	-0.022972	-0.008256	0.022896	-0.999696	0.009157	-0.008463	0.008965	0.999924	
3810														-0.237498	0.089627	9.768451	-0.999556	-0.028614	-0.008271	0.028538	-0.999551	0.009089	-0.008528	0.008849	0.999924	
3811														-0.074280	0.040333	9.786688	-0.999402	-0.033594	-0.008208	0.033520	-0.999397	0.009070	-0.008508	0.008790	0.999925	
3812														-0.134038	0.038872	9.756489	-0.999237	-0.038207	-0.008157	0.038132	-0.999231	0.009125	-0.008499	0.008807	0.999925	
3813														-0.143708	-0.038860	9.802013	-0.999041	-0.043020	-0.008093	0.042946	-0.999036	0.009075	-0.008476	0.008719	0.999926	
3814														-0.141835	0.065827	9.770399	-0.998816	-0.047972	-0.008083	0.047900	-0.998812	0.008959	-0.008504	0.008562	0.999927	
3815														-0.150967	0.093941	9.813586	-0.998546	-0.053295	-0.008096	0.053222	-0.998542	0.008967	-0.008562	0.008523	0.999927	
3816														-0.012146	0.192463	9.755020	-0.998256	-0.058465	-0.008118	0.058392	-0.998254	0.008881	-0.008623	0.008392	0.999928	
3817														-0.133979	0.188132	9.797137	-0.997997	-0.062755	-0.007969	0.062685	-0.997994	0.008819	-0.008507	0.008302	0.999929	
3818														-0.089225	0.091537	9.741308	-0.997714	-0.067123	-0.007799	0.067055	-0.997712	0.008682	-0.008364	0.008139	0.999932	
3819														-0.065820	-0.086330	9.745462	-0.997387	-0.071830	-0.007721	0.071763	-0.997385	0.008601	-0.008319	0.008025	0.999933	
3820														-0.178249	-0.119828	9.788336	-0.997057	-0.076262	-0.007782	0.076194	-0.997055	0.008691	-0.008422	0.008073	0.999932	
3821														-0.171441	0.005739	9.800427	-0.996742	-0.080278	-0.007787	0.080210	-0.996739	0.008783	-0.008466	0.008130	0.999931	
3822														-0.128022	0.064285	9.741270	-0.996478	-0.083494	-0.007766	0.083425	-0.996475	0.008826	-0.008476	0.008147	0.999931	
3823														-0.088251	-0.060682	9.759252	-0.996261	-0.086048	-0.007708	0.085979	-0.996258	0.008867	-0.008442	0.008171	0.999931	
3824														-0.092910	0.001085	9.816473	-0.996069	-0.088248	-0.007697	0.088179	-0.996065	0.008871	-0.008450	0.008158	0.999931	
3825														-0.161220	0.069445	9.755270	-0.995893	-0.090202	-0.007759	0.090133	-0.995891	0.008778	-0.008519	0.008043	0.999931	
3826														-0.124886	0.097440	9.799225	-0.995746	-0.091816	-0.007679	0.091748	-0.995743	0.008784	-0.008453	0.008042	0.999932	
3827														-0.040676	0.170864	9.784391	-0.995604	-0.093354	-0.007644	0.093287	-0.995601	0.008770	-0.008429	0.008019	0.999932	
3828														-0.081692	0.063752	9.742036	-0.995461	-0.094876	-0.007519	0.094809	-0.995457	0.008778	-0.008318	0.008025	0.999933	
3829														-0.055606	-0.109996	9.819461	-0.995333	-0.096200	-0.007602	0.096132	-0.995329	0.008893	-0.008423	0.008121	0.999932	
3830														-0.078395	-0.041310	9.773663	-0.995206	-0.097507	-0.007595	0.097440	-0.995203	0.008785	-0.008415	0.008003	0.999933	
3831														-0.074183	0.084005	9.785710	-0.995069	-0.098892	-0.007598	0.098824	-0.995065	0.008860	-0.008437	0.008065	0.999932	
3832														-0.004989	0.246040	9.754097	-0.994915	-0.100430	-0.007609	0.100362	-0.994912	0.008844	-0.008459	0.008035	0.999932	
3833														-0.061254	0.134587	9.784850	-0.994758	-0.101969	-0.007626	0.101902	-0.994757	0.008674	-0.008471	0.007852	0.999933	
3834														-0.069666	0.022162	9.757785	-0.994581	-0.103691	-0.007592	0.103624	-0.994579	0.008693	-0.008452	0.007859	0.999933	
3835														-0.084435	0.110734	9.770317	-0.994400	-0.105414	-0.007573	0.105347	-0.994397	0.008725	-0.008450	0.007879	0.999933	
3836														-0.084730	0.111060	9.770311	-0.994206	-0.107229	-0.007568	0.107162	-0.994203	0.008743	-0.008461	0.007881	0.999933	
3837														-0.093655	0.091798	9.755913	-0.994019	-0.108951	-0.007526	0.108885	-0.994017	0.008639	-0.008422	0.007768	0.999934	
3838														-0.116160	-0.023299	9.801935	-0.993849	-0.110489	-0.007513	0.110422	-0.993846	0.008731	-0.008431	0.007848	0.999934	
3839														-0.106902	0.041283	9.756770	-0.993689	-0.111918	-0.007450	0.111852	-0.993686	0.008734	-0.008380	0.007845	0.999934	
3840														-0.098171	0.060289	9.771168	-0.993526	-0.113364	-0.007462	0.113298	-0.993523	0.008717	-0.008402	0.007815	0.999934	
3841														-0.104486	0.120964	9.799081	-0.993346	-0.114932	-0.007427	0.114867	-0.993343	0.008704	-0.008378	0.007792	0.999935	
3842														-0.114281	0.148633	9.783678	-0.993119	-0.116870	-0.007424	0.116804	-0.993116	0.008783	-0.008399	0.007855	0.999934	
3843														-0.017479	0.137599	9.800224	-0.992919	-0.118561	-0.007420	0.118495	-0.992916	0.008799	-0.008410	0.007857	0.999934	
3844														-0.016803	0.137308	9.756286	-0.992713	-0.120283	-0.007342	0.120217	-0.992708	0.008865	-0.008354	0.007918	0.999934	
3845														-0.044818	0.128217	9.770662	-0.992508	-0.121959	-0.007367	0.121893	-0.992504	0.008865	-0.008393	0.007900	0.999934	
3846														-0.077948	-0.039075	9.788320	-0.992314	-0.123527	-0.007301	0.123461	-0.992310	0.008837	-0.008337	0.007868	0.999934	
3847														-0.047393	0.049813	9.772297	-0.992097	-0.125264	-0.007268	0.125198	-0.992092	0.008901	-0.008326	0.007921	0.999934	
3848														-0.105702	0.122746	9.784397	-0.991850	-0.127201	-0.007304	0.127135	-0.991846	0.008856	-0.008371	0.007855	0.999934	
3849														-0.113140	0.057418	9.785660	-0.991616	-0.129014	-0.007236	0.128949	-0.991612	0.008846	-0.008316	0.007839	0.999935	
3850														-0.240413	0.149674	9.752188	-0.991341	-0.131119	-0.007148	0.131055	-0.991336	0.008823	-0.008243	0.007810	0.999936	
3851														-0.084946	0.067682	9.771277	-0.991029	-0.133456	-0.007155	0.133391	-0.991023	0.008919	-0.008281	0.007885	0.999935	
3852														-0.097229	0.141033	9.754850	-0.990703	-0.135853	-0.007168	0.135789	-0.990699	0.008817	-0.008299	0.007762	0.999935	
3853														-0.053762	0.189447	9.783887	-0.990357	-0.138358	-0.007139	0.138293	-0.990352	0.008840	-0.008293	0.007768	0.999935	
3854														-0.016662	0.173447	9.799537	-0.989986	-0.140985	-0.007110	0.140920	-0.989981	0.008910	-0.008295	0.007819	0.999935	
3855														-0.109427	0.089515	9.726440	-0.989575	-0.143843	-0.007093	0.143778	-0.989569	0.008965	-0.008309	0.007852	0.999935	
3856														-0.010728	0.035611	9.787947	-0.989160	-0.146669	-0.007089	0.146604	-0.989155	0.008958	-0.008326	0.007822	0.999935	
3857														-0.091175	0.161020	9.769206	-0.988707	-0.149694	-0.007022	0.149630	-0.988702	0.008941	-0.008281	0.007789	0.999935	
3858														-0.099760	0.062934	9.756488	-0.988264	-0.152597	-0.007019	0.152532	-0.988258	0.008980	-0.008307	0.007804	0.999935	
3859														-0.037934	0.104683	9.800661	-0.987759	-0.155835	-0.006933	0.155771	-0.987753	0.008949	-0.008242	0.007759	0.999936	
3860														-0.136067	0.111960	9.784107	-0.987192	-0.159382	-0.007011	0.159318	-0.987187	0.008914	-0.008342	0.007683	0.999936	
3861														-0.037871	0.024262	9.743761	-0.986529	-0.163434	-0.007039	0.163370	-0.986524	0.008930	-0.008404	0.007660	0.999935	
3862														0.081190	-0.035492	9.820435	-0.985988	-0.166671	-0.006953	0.166607	-0.985983	0.008868	-0.008333	0.007586	0.999937	
3863														-0.214303	0.029415	9.769749	-0.985511	-0.169476	-0.006837	0.169415	-0.985507	0.008667	-0.008207	0.007383	0.999939	
3864														-0.158735	0.011593	9.767435	-0.985100	-0.171837	-0.006723	0.171777	-0.985096	0.008568	-0.008095	0.007286	0.999941	
3865														-0.103168	-0.006230	9.765120	-0.984689	-0.174197	-0.006608	0.174139	-0.984685	0.008469	-0.007982	0.007189	0.999942	
3866														-0.131640	0.249939	9.751989	-0.984244	-0.176695	-0.006546	0.176639	-0.984240	0.008325	-0.007914	0.007038	0.999944	
3867														-0.362893	0.229559	9.733616	-0.983867	-0.178781	-0.006628	0.178725	-0.983864	0.008311	-0.008007	0.006993	0.999943	
3868														0.228113	-0.072846	9.794370	-0.983418	-0.181233	-0.006630	0.181177	-0.983415	0.008302	-0.008025	0.006963	0.999944	
3869														-0.043242	0.001281	9.787966	-0.982946	-0.183777	-0.006614	0.183722	-0.982944	0.008234	-0.008015	0.006878	0.999944	
3870														-0.060919	0.041429	9.786830	-0.982496	-0.186168	-0.006618	0.186112	-0.982494	0.008254	-0.008039	0.006878	0.999944	
3871														-0.047727	0.047503	9.772307	-0.982072	-0.188389	-0.006639	0.188332	-0.982070	0.008319	-0.008088	0.006920	0.999943	
3872														-0.045413	0.113342	9.785677	-0.981655	-0.190549	-0.006659	0.190493	-0.981654	0.008262	-0.008111	0.006842	0.999944	
3873														-0.023300	0.170851	9.770271	-0.981225	-0.192754	-0.006649	0.192698	-0.981224	0.008252	-0.008115	0.006816	0.999944	
3874														0.031233	0.083342	9.773056	-0.980746	-0.195173	-0.006697	0.195117	-0.980745	0.008242	-0.008176	0.006777	0.999944	
3875														-0.002920	0.052086	9.743769	-0.980243	-0.197684	-0.006684	0.197626	-0.980242	0.008356	-0.008204	0.006870	0.999943	
3876														-0.036559	0.054617	9.772417	-0.979721	-0.200255	-0.006685	0.200198	-0.979720	0.008348	-0.008221	0.006841	0.999943	
3877														-0.095398	0.075871	9.770890	-0.979163	-0.202963	-0.006759	0.202906	-0.979163	0.008264	-0.008296	0.006720	0.999943	
3878														-0.087750	0.161282	9.827932	-0.978557	-0.205869	-0.006724	0.205812	-0.978557	0.008228	-0.008274	0.006668	0.999944	
3879														-0.093189	0.139135	9.740344	-0.977866	-0.209124	-0.006654	0.209069	-0.977868	0.008058	-0.008192	0.006488	0.999945	
3880														-0.374671	0.185220	9.778081	-0.977155	-0.212425	-0.006647	0.212371	-0.977156	0.008025	-0.008200	0.006430	0.999946	
3881														0.134201	0.100611	9.774711	-0.976300	-0.216321	-0.006633	0.216267	-0.976302	0.007950	-0.008195	0.006327	0.999946	
3882														-0.090078	0.059048	9.785934	-0.975363	-0.220506	-0.006662	0.220452	-0.975366	0.007924	-0.008245	0.006260	0.999946	
3883														-0.088835	0.155920	9.769409	-0.974394	-0.224749	-0.006643	0.224697	-0.974398	0.007760	-0.008217	0.006069	0.999948	
3884														-0.042666	0.128098	9.741520	-0.973479	-0.228684	-0.006521	0.228632	-0.973482	0.007778	-0.008127	0.006081	0.999948	
3885														0.015332	0.206838	9.785085	-0.972527	-0.232696	-0.006613	0.232645	-0.972532	0.007645	-0.008210	0.005896	0.999949	
3886														-0.340283	0.324074	9.805320	-0.971614	-0.236476	-0.006662	0.236426	-0.971620	0.007509	-0.008249	0.005721	0.999950	
3887														0.209894	0.008868	9.778019	-0.970580	-0.240682	-0.006783	0.240632	-0.970588	0.007439	-0.008374	0.005588	0.999949	
3888														0.183613	0.092723	9.717346	-0.969294	-0.245813	-0.006771	0.245764	-0.969302	0.007284	-0.008354	0.005396	0.999951	
3889														-0.092956	0.052049	9.815241	-0.967877	-0.251335	-0.006678	0.251287	-0.967885	0.007314	-0.008302	0.005401	0.999951	
3890														-0.000175	0.034225	9.788100	-0.966282	-0.257400	-0.006607	0.257351	-0.966289	0.007409	-0.008292	0.005459	0.999951	
3891														-0.129967	-0.002084	9.756896	-0.964552	-0.263810	-0.006641	0.263762	-0.964560	0.007371	-0.008350	0.005358	0.999951	
3892														-0.067141	0.065305	9.771563	-0.962769	-0.270244	-0.006597	0.270195	-0.962777	0.007424	-0.008358	0.005366	0.999951	
3893														-0.118040	0.004473	9.786307	-0.961007	-0.276444	-0.006633	0.276395	-0.961016	0.007401	-0.008420	0.005279	0.999951	
3894														-0.150153	0.120257	9.754249	-0.959318	-0.282246	-0.006746	0.282195	-0.959327	0.007530	-0.008597	0.005320	0.999949	
3895														-0.206018	0.243374	9.780179	-0.957588	-0.288058	-0.006945	0.288005	-0.957597	0.007800	-0.008898	0.005469	0.999945	
