// Start Time: Unknown: 
// Update Rate: 60.0Hz 
// Filter Profile: human (46.1) 
// Firmware Version: 4.6.0
PacketCounter	SampleTimeFine	Year	Month	Day	Second	UTC_Nano	UTC_Year	UTC_Month	UTC_Day	UTC_Hour	UTC_Minute	UTC_Second	UTC_Valid	Acc_X	Acc_Y	Acc_Z	Mat[1][1]	Mat[2][1]	Mat[3][1]	Mat[1][2]	Mat[2][2]	Mat[3][2]	Mat[1][3]	Mat[2][3]	Mat[3][3] 
13114								0.091951	0.041000	9.772767	0.999476	0.030934	-0.009549	-0.030973	0.999513	-0.003887	0.009424	0.004181	0.999947	
13115								0.084470	0.071534	9.730113	0.999473	0.031012	-0.009543	-0.031051	0.999510	-0.003909	0.009417	0.004203	0.999947	
13116								0.078251	0.035883	9.771051	0.999472	0.031055	-0.009538	-0.031094	0.999509	-0.003949	0.009411	0.004243	0.999947	
13117								0.075525	0.053635	9.733542	0.999470	0.031135	-0.009514	-0.031174	0.999506	-0.003984	0.009385	0.004279	0.999947	
13118								0.066785	0.035408	9.736974	0.999468	0.031195	-0.009519	-0.031234	0.999504	-0.004007	0.009390	0.004302	0.999947	
13119								0.079701	0.063692	9.794827	0.999467	0.031219	-0.009528	-0.031259	0.999503	-0.004059	0.009397	0.004355	0.999946	
13120								0.068405	0.062979	9.760749	0.999467	0.031238	-0.009492	-0.031278	0.999502	-0.004089	0.009359	0.004384	0.999947	
13121								0.076421	0.046345	9.752293	0.999465	0.031298	-0.009472	-0.031339	0.999500	-0.004144	0.009337	0.004439	0.999947	
13122								0.090829	0.043617	9.772766	0.999464	0.031367	-0.009426	-0.031407	0.999498	-0.004165	0.009290	0.004459	0.999947	
13123								0.099209	0.062371	9.769333	0.999462	0.031413	-0.009405	-0.031454	0.999496	-0.004204	0.009268	0.004498	0.999947	
13124								0.080533	0.034306	9.757446	0.999461	0.031461	-0.009388	-0.031501	0.999495	-0.004230	0.009250	0.004524	0.999947	
13125								0.067300	0.064412	9.760747	0.999460	0.031495	-0.009349	-0.031535	0.999494	-0.004266	0.009210	0.004558	0.999947	
13126								0.092304	0.049299	9.740407	0.999458	0.031552	-0.009339	-0.031594	0.999491	-0.004328	0.009198	0.004621	0.999947	
13127								0.078667	0.043941	9.738690	0.999459	0.031560	-0.009281	-0.031601	0.999491	-0.004347	0.009139	0.004638	0.999947	
13938								0.089761	0.058261	9.766407	0.999485	0.031022	-0.008224	-0.031063	0.999505	-0.004890	0.008068	0.005143	0.999954	
13939								0.080281	0.048057	9.751198	0.999484	0.031034	-0.008229	-0.031075	0.999505	-0.004909	0.008073	0.005163	0.999954	
13940								0.065632	0.050387	9.730423	0.999484	0.031049	-0.008222	-0.031090	0.999505	-0.004911	0.008065	0.005164	0.999954	
13941								0.081192	0.068095	9.793274	0.999484	0.031052	-0.008197	-0.031093	0.999504	-0.004908	0.008041	0.005160	0.999954	
13942								0.088757	0.059610	9.766408	0.999485	0.031032	-0.008218	-0.031072	0.999505	-0.004895	0.008062	0.005148	0.999954	
13943								0.075464	0.053595	9.764632	0.999486	0.031001	-0.008203	-0.031042	0.999506	-0.004890	0.008047	0.005142	0.999954	
13944								0.088497	0.060247	9.766407	0.999485	0.031006	-0.008237	-0.031047	0.999506	-0.004914	0.008081	0.005167	0.999954	
13945								0.072688	0.050505	9.797062	0.999484	0.031042	-0.008224	-0.031083	0.999505	-0.004884	0.008068	0.005137	0.999954	
13946								0.086847	0.068946	9.747406	0.999484	0.031038	-0.008227	-0.031079	0.999505	-0.004901	0.008071	0.005154	0.999954	
13947								0.072222	0.051080	9.797062	0.999484	0.031039	-0.008220	-0.031079	0.999505	-0.004885	0.008064	0.005138	0.999954	
13948								0.087682	0.061273	9.766408	0.999484	0.031040	-0.008213	-0.031080	0.999505	-0.004869	0.008058	0.005122	0.999954	
13949								0.074435	0.055298	9.764631	0.999484	0.031048	-0.008236	-0.031089	0.999505	-0.004875	0.008081	0.005129	0.999954	
13950								0.070192	0.032509	9.754992	0.999484	0.031052	-0.008211	-0.031092	0.999505	-0.004873	0.008056	0.005125	0.999954	
13951								0.080599	0.035217	9.789201	0.999484	0.031028	-0.008247	-0.031069	0.999505	-0.004862	0.008092	0.005116	0.999954	
13952								0.081911	0.074821	9.760836	0.999484	0.031048	-0.008228	-0.031089	0.999505	-0.004846	0.008073	0.005099	0.999954	
13953								0.077643	0.052093	9.751198	0.999485	0.031024	-0.008240	-0.031065	0.999505	-0.004878	0.008084	0.005131	0.999954	
13954								0.069684	0.061214	9.778059	0.999480	0.031163	-0.008295	-0.031205	0.999501	-0.004924	0.008138	0.005180	0.999953	
13955								0.082430	0.040148	9.756770	0.999479	0.031178	-0.008291	-0.031219	0.999501	-0.004910	0.008134	0.005166	0.999954	
13956								0.069044	0.061609	9.778061	0.999479	0.031199	-0.008255	-0.031240	0.999500	-0.004907	0.008098	0.005162	0.999954	
13957								0.068683	0.061901	9.778061	0.999480	0.031180	-0.008258	-0.031222	0.999500	-0.004907	0.008101	0.005162	0.999954	
13958								0.076277	0.053420	9.751202	0.999479	0.031198	-0.008254	-0.031239	0.999500	-0.004893	0.008097	0.005148	0.999954	
13959								0.062912	0.047431	9.749425	0.999478	0.031229	-0.008249	-0.031270	0.999499	-0.004896	0.008092	0.005152	0.999954	
13960								0.095533	0.039622	9.777557	0.999479	0.031191	-0.008265	-0.031232	0.999500	-0.004897	0.008108	0.005153	0.999954	
13961								0.094099	0.048025	9.758553	0.999478	0.031222	-0.008263	-0.031263	0.999499	-0.004886	0.008106	0.005141	0.999954	
13962								0.058417	0.052529	9.762854	0.999479	0.031196	-0.008237	-0.031237	0.999500	-0.004863	0.008081	0.005118	0.999954	
13963								0.070031	0.067077	9.745628	0.999479	0.031190	-0.008261	-0.031231	0.999500	-0.004852	0.008105	0.005107	0.999954	
13964								0.076478	0.046691	9.770207	0.999480	0.031171	-0.008264	-0.031212	0.999501	-0.004852	0.008108	0.005107	0.999954	
13965								0.089498	0.053262	9.771984	0.999481	0.031134	-0.008279	-0.031175	0.999502	-0.004852	0.008124	0.005108	0.999954	
13966								0.061726	0.049207	9.749423	0.999480	0.031168	-0.008260	-0.031209	0.999501	-0.004853	0.008104	0.005108	0.999954	
13967								0.078391	0.051392	9.737775	0.999481	0.031138	-0.008246	-0.031178	0.999502	-0.004848	0.008091	0.005103	0.999954	
13968								0.093874	0.041530	9.777565	0.999480	0.031167	-0.008247	-0.031208	0.999501	-0.004822	0.008093	0.005077	0.999954	
13969								0.087193	0.062453	9.752982	0.999480	0.031180	-0.008252	-0.031220	0.999501	-0.004841	0.008097	0.005096	0.999954	
13970								0.079202	0.044120	9.756780	0.999480	0.031174	-0.008273	-0.031214	0.999501	-0.004845	0.008117	0.005101	0.999954	
13971								0.073994	0.056983	9.751199	0.999480	0.031169	-0.008293	-0.031210	0.999501	-0.004849	0.008138	0.005105	0.999954	
13972								0.077858	0.052817	9.737771	0.999480	0.031167	-0.008305	-0.031207	0.999501	-0.004820	0.008150	0.005077	0.999954	
13973								0.080391	0.036667	9.775784	0.999479	0.031180	-0.008315	-0.031221	0.999501	-0.004809	0.008161	0.005066	0.999954	
13974								0.078901	0.044975	9.756778	0.999480	0.031166	-0.008306	-0.031206	0.999501	-0.004791	0.008153	0.005048	0.999954	
13975								0.082647	0.068349	9.766404	0.999479	0.031196	-0.008302	-0.031236	0.999501	-0.004795	0.008148	0.005052	0.999954	
13976								0.100791	0.062371	9.773763	0.999479	0.031178	-0.008308	-0.031219	0.999501	-0.004780	0.008155	0.005037	0.999954	
13977								0.091437	0.051989	9.758558	0.999479	0.031176	-0.008313	-0.031217	0.999501	-0.004781	0.008160	0.005038	0.999954	
13978								0.074128	0.050310	9.770207	0.999480	0.031165	-0.008290	-0.031205	0.999502	-0.004761	0.008137	0.005017	0.999954	
13979								0.083043	0.061238	9.785413	0.999480	0.031161	-0.008292	-0.031202	0.999502	-0.004778	0.008139	0.005035	0.999954	
13980								0.078822	0.038510	9.775790	0.999480	0.031177	-0.008285	-0.031217	0.999501	-0.004780	0.008132	0.005036	0.999954	
13981								0.089050	0.061360	9.739553	0.999480	0.031177	-0.008276	-0.031217	0.999501	-0.004779	0.008123	0.005035	0.999954	
13982								0.080974	0.070336	9.766404	0.999479	0.031194	-0.008272	-0.031234	0.999501	-0.004765	0.008119	0.005021	0.999954	
13983								0.081868	0.034849	9.762369	0.999480	0.031185	-0.008248	-0.031225	0.999501	-0.004745	0.008096	0.005000	0.999955	
13984								0.068690	0.056413	9.783634	0.999479	0.031191	-0.008282	-0.031231	0.999501	-0.004768	0.008129	0.005024	0.999954	
13985								0.089594	0.054459	9.758562	0.999480	0.031171	-0.008283	-0.031211	0.999501	-0.004784	0.008129	0.005040	0.999954	
13986								0.084105	0.067400	9.752976	0.999480	0.031155	-0.008268	-0.031195	0.999502	-0.004796	0.008114	0.005051	0.999954	
13987								0.085130	0.059493	9.771987	0.999480	0.031158	-0.008264	-0.031198	0.999502	-0.004765	0.008112	0.005020	0.999954	
13988								0.088785	0.055284	9.758565	0.999480	0.031158	-0.008255	-0.031198	0.999502	-0.004764	0.008103	0.005019	0.999955	
13989								0.080674	0.064327	9.785413	0.999480	0.031160	-0.008245	-0.031200	0.999502	-0.004763	0.008093	0.005018	0.999955	
13990								0.088359	0.055839	9.758565	0.999481	0.031140	-0.008266	-0.031180	0.999502	-0.004750	0.008114	0.005005	0.999955	
13991								0.093295	0.043566	9.764154	0.999481	0.031146	-0.008227	-0.031186	0.999502	-0.004745	0.008075	0.004999	0.999955	
13992								0.070826	0.054558	9.770209	0.999481	0.031152	-0.008262	-0.031192	0.999502	-0.004768	0.008109	0.005024	0.999955	
13993								0.074656	0.050525	9.756785	0.999482	0.031123	-0.008250	-0.031163	0.999503	-0.004749	0.008099	0.005003	0.999955	
13994								0.066518	0.059548	9.783630	0.999482	0.031122	-0.008238	-0.031162	0.999503	-0.004763	0.008086	0.005018	0.999955	
13995								0.083370	0.061936	9.771987	0.999482	0.031114	-0.008256	-0.031154	0.999503	-0.004783	0.008103	0.005038	0.999954	
13996								0.087196	0.057987	9.758563	0.999482	0.031110	-0.008262	-0.031150	0.999503	-0.004785	0.008109	0.005040	0.999954	
13997								0.083126	0.062681	9.771984	0.999482	0.031091	-0.008265	-0.031132	0.999504	-0.004784	0.008112	0.005039	0.999954	
13998								0.086764	0.058627	9.758563	0.999481	0.031126	-0.008246	-0.031166	0.999503	-0.004786	0.008093	0.005040	0.999955	
13999								0.069440	0.057109	9.770204	0.999482	0.031106	-0.008246	-0.031146	0.999503	-0.004801	0.008092	0.005055	0.999954	
14000								0.079743	0.032461	9.781389	0.999482	0.031120	-0.008257	-0.031161	0.999503	-0.004789	0.008103	0.005044	0.999954	
14001								0.086215	0.059538	9.758563	0.999482	0.031104	-0.008262	-0.031144	0.999504	-0.004773	0.008110	0.005028	0.999954	
14002								0.089939	0.055327	9.745142	0.999482	0.031106	-0.008256	-0.031146	0.999504	-0.004758	0.008104	0.005013	0.999955	
14003								0.074033	0.045471	9.775797	0.999482	0.031104	-0.008264	-0.031144	0.999504	-0.004745	0.008112	0.004999	0.999955	
14004								0.085567	0.060104	9.758565	0.999482	0.031107	-0.008240	-0.031147	0.999504	-0.004742	0.008088	0.004996	0.999955	
14005								0.086441	0.052266	9.777582	0.999482	0.031111	-0.008216	-0.031151	0.999503	-0.004739	0.008064	0.004992	0.999955	
14006								0.082332	0.056896	9.791002	0.999482	0.031121	-0.008242	-0.031160	0.999503	-0.004730	0.008090	0.004984	0.999955	
14007								0.076990	0.042213	9.762379	0.999482	0.031102	-0.008242	-0.031142	0.999504	-0.004745	0.008090	0.004999	0.999955	
14008								0.072860	0.046820	9.775800	0.999482	0.031104	-0.008238	-0.031144	0.999504	-0.004714	0.008087	0.004968	0.999955	
14009								0.085698	0.053340	9.777583	0.999482	0.031103	-0.008226	-0.031143	0.999504	-0.004728	0.008075	0.004982	0.999955	
14010								0.068373	0.051816	9.789220	0.999482	0.031119	-0.008219	-0.031158	0.999503	-0.004730	0.008068	0.004984	0.999955	
14011								0.100913	0.064080	9.746930	0.999482	0.031100	-0.008222	-0.031140	0.999504	-0.004730	0.008071	0.004984	0.999955	
14012								0.074396	0.051797	9.743366	0.999483	0.031104	-0.008198	-0.031143	0.999504	-0.004727	0.008047	0.004980	0.999955	
14013								0.080748	0.058861	9.791004	0.999483	0.031104	-0.008198	-0.031143	0.999504	-0.004727	0.008047	0.004980	0.999955	
14014								0.079269	0.067188	9.771987	0.999483	0.031088	-0.008183	-0.031128	0.999504	-0.004739	0.008032	0.004992	0.999955	
14015								0.088129	0.050721	9.764168	0.999482	0.031119	-0.008179	-0.031159	0.999503	-0.004743	0.008027	0.004995	0.999955	
14016								0.070864	0.048984	9.775804	0.999482	0.031121	-0.008175	-0.031160	0.999503	-0.004712	0.008025	0.004964	0.999955	
14017								0.100733	0.057427	9.765953	0.999482	0.031121	-0.008163	-0.031160	0.999503	-0.004727	0.008012	0.004979	0.999956	
14018								0.075487	0.037047	9.781406	0.999481	0.031155	-0.008147	-0.031194	0.999502	-0.004713	0.007996	0.004964	0.999956	
14019								0.086995	0.051628	9.764173	0.999481	0.031172	-0.008143	-0.031211	0.999502	-0.004699	0.007992	0.004951	0.999956	
14020								0.068390	0.058143	9.756788	0.999481	0.031186	-0.008133	-0.031225	0.999501	-0.004716	0.007982	0.004967	0.999956	
14021								0.100958	0.050318	9.784978	0.999481	0.031171	-0.008145	-0.031210	0.999502	-0.004670	0.007996	0.004921	0.999956	
14022								0.069453	0.050352	9.775807	0.999479	0.031229	-0.008161	-0.031268	0.999500	-0.004680	0.008011	0.004933	0.999956	
14023								0.078602	0.034112	9.767991	0.999480	0.031202	-0.008185	-0.031241	0.999501	-0.004730	0.008033	0.004983	0.999955	
14024								0.104656	0.047213	9.771557	0.999478	0.031251	-0.008171	-0.031290	0.999499	-0.004718	0.008020	0.004971	0.999955	
14025								0.090009	0.076719	9.773767	0.999479	0.031219	-0.008175	-0.031258	0.999500	-0.004701	0.008024	0.004954	0.999956	
14026								0.063579	0.064343	9.770199	0.999479	0.031219	-0.008166	-0.031258	0.999500	-0.004700	0.008015	0.004953	0.999956	
14027								0.076418	0.043355	9.748973	0.999479	0.031235	-0.008162	-0.031274	0.999500	-0.004687	0.008012	0.004939	0.999956	
14028								0.086798	0.046127	9.783193	0.999479	0.031230	-0.008185	-0.031269	0.999500	-0.004676	0.008035	0.004929	0.999956	
14029								0.085391	0.054427	9.764172	0.999478	0.031247	-0.008182	-0.031286	0.999500	-0.004662	0.008032	0.004915	0.999956	
14030								0.068069	0.052806	9.775804	0.999479	0.031231	-0.008167	-0.031270	0.999500	-0.004674	0.008017	0.004927	0.999956	
14031								0.070378	0.056899	9.743368	0.999479	0.031231	-0.008158	-0.031269	0.999500	-0.004674	0.008008	0.004927	0.999956	
14032								0.089761	0.042954	9.769781	0.999478	0.031262	-0.008153	-0.031301	0.999499	-0.004677	0.008003	0.004930	0.999956	
14033								0.084238	0.055833	9.764174	0.999478	0.031261	-0.008141	-0.031300	0.999499	-0.004692	0.007990	0.004944	0.999956	
14034								0.089225	0.043516	9.769784	0.999478	0.031265	-0.008140	-0.031304	0.999499	-0.004645	0.007991	0.004898	0.999956	
14035								0.066726	0.054072	9.775806	0.999478	0.031266	-0.008134	-0.031305	0.999499	-0.004630	0.007985	0.004882	0.999956	
14036								0.075717	0.037477	9.768001	0.999478	0.031279	-0.008142	-0.031318	0.999499	-0.004634	0.007993	0.004886	0.999956	
14037								0.074294	0.073309	9.771982	0.999477	0.031279	-0.008153	-0.031317	0.999499	-0.004605	0.008005	0.004858	0.999956	
14038								0.070120	0.050307	9.762393	0.999478	0.031282	-0.008129	-0.031320	0.999499	-0.004602	0.007981	0.004854	0.999956	
14039								0.099928	0.058695	9.752553	0.999477	0.031285	-0.008125	-0.031323	0.999499	-0.004571	0.007978	0.004823	0.999957	
14040								0.082581	0.057045	9.764181	0.999479	0.031252	-0.008105	-0.031290	0.999500	-0.004597	0.007957	0.004848	0.999957	
14041								0.065272	0.055557	9.775807	0.999479	0.031250	-0.008110	-0.031288	0.999500	-0.004599	0.007963	0.004850	0.999957	
14042								0.069050	0.051586	9.762394	0.999479	0.031245	-0.008113	-0.031283	0.999500	-0.004616	0.007965	0.004868	0.999956	
14043								0.089794	0.049535	9.737355	0.999479	0.031245	-0.008104	-0.031283	0.999500	-0.004616	0.007956	0.004867	0.999957	
14044								0.085531	0.081846	9.773765	0.999479	0.031260	-0.008095	-0.031298	0.999499	-0.004632	0.007946	0.004883	0.999957	
14045								0.081477	0.059197	9.764178	0.999478	0.031283	-0.008117	-0.031321	0.999499	-0.004656	0.007967	0.004908	0.999956	
14046								0.081344	0.059542	9.764177	0.999478	0.031268	-0.008108	-0.031307	0.999499	-0.004639	0.007959	0.004890	0.999956	
14047								0.086309	0.047293	9.769793	0.999478	0.031268	-0.008099	-0.031306	0.999499	-0.004639	0.007950	0.004890	0.999956	
14048								0.082123	0.052056	9.783204	0.999479	0.031250	-0.008098	-0.031288	0.999500	-0.004654	0.007949	0.004905	0.999956	
14049								0.084542	0.056086	9.750767	0.999478	0.031266	-0.008095	-0.031304	0.999499	-0.004640	0.007945	0.004891	0.999956	
14050								0.076485	0.065029	9.777588	0.999478	0.031265	-0.008103	-0.031303	0.999499	-0.004627	0.007954	0.004878	0.999956	
14051								0.076305	0.037706	9.754597	0.999479	0.031235	-0.008089	-0.031273	0.999500	-0.004622	0.007940	0.004872	0.999957	
14052								0.083928	0.056717	9.750768	0.999479	0.031233	-0.008097	-0.031271	0.999500	-0.004609	0.007949	0.004860	0.999957	
14053								0.088967	0.071896	9.779377	0.999479	0.031235	-0.008094	-0.031272	0.999500	-0.004578	0.007947	0.004829	0.999957	
14054								0.067836	0.047131	9.781419	0.999478	0.031260	-0.008098	-0.031298	0.999499	-0.004615	0.007950	0.004866	0.999957	
14055								0.084570	0.049631	9.769796	0.999478	0.031277	-0.008074	-0.031315	0.999499	-0.004629	0.007925	0.004880	0.999957	
14056								0.071244	0.043523	9.768010	0.999480	0.031213	-0.008091	-0.031251	0.999501	-0.004595	0.007943	0.004845	0.999957	
14057								0.082781	0.058216	9.750769	0.999480	0.031229	-0.008063	-0.031267	0.999500	-0.004624	0.007914	0.004874	0.999957	
14058								0.079857	0.054916	9.783207	0.999479	0.031243	-0.008074	-0.031281	0.999500	-0.004613	0.007925	0.004863	0.999957	
14059								0.071842	0.036395	9.787039	0.999479	0.031259	-0.008067	-0.031297	0.999499	-0.004615	0.007919	0.004865	0.999957	
14060								0.100384	0.052967	9.758179	0.999480	0.031229	-0.008055	-0.031267	0.999501	-0.004595	0.007908	0.004844	0.999957	
14061								0.080580	0.047318	9.802238	0.999481	0.031196	-0.008080	-0.031233	0.999502	-0.004550	0.007934	0.004800	0.999957	
14062								0.083189	0.051347	9.769799	0.999481	0.031172	-0.008089	-0.031209	0.999502	-0.004598	0.007942	0.004848	0.999957	
14063								0.070060	0.045615	9.768009	0.999480	0.031196	-0.008115	-0.031234	0.999501	-0.004606	0.007967	0.004857	0.999956	
14064								0.083007	0.052275	9.769796	0.999481	0.031165	-0.008101	-0.031203	0.999502	-0.004602	0.007953	0.004852	0.999957	
14065								0.074789	0.033755	9.773633	0.999481	0.031169	-0.008076	-0.031207	0.999502	-0.004598	0.007929	0.004848	0.999957	
14066								0.076906	0.065350	9.764176	0.999482	0.031156	-0.008047	-0.031194	0.999503	-0.004608	0.007900	0.004857	0.999957	
14067								0.081846	0.053256	9.769800	0.999482	0.031154	-0.008053	-0.031191	0.999503	-0.004610	0.007905	0.004859	0.999957	
14068								0.080247	0.061725	9.750769	0.999482	0.031171	-0.008028	-0.031209	0.999502	-0.004624	0.007880	0.004872	0.999957	
14069								0.081113	0.054011	9.769802	0.999482	0.031174	-0.008004	-0.031212	0.999502	-0.004621	0.007856	0.004869	0.999957	
14070								0.067693	0.047910	9.768014	0.999481	0.031191	-0.008000	-0.031228	0.999502	-0.004608	0.007853	0.004855	0.999957	
14071								0.076711	0.058897	9.783209	0.999481	0.031185	-0.008021	-0.031222	0.999502	-0.004613	0.007873	0.004861	0.999957	
14072								0.097385	0.056913	9.758187	0.999482	0.031189	-0.007976	-0.031226	0.999502	-0.004638	0.007827	0.004884	0.999957	
14073								0.076070	0.059720	9.783209	0.999482	0.031168	-0.007997	-0.031206	0.999502	-0.004625	0.007849	0.004872	0.999957	
14074								0.083898	0.051285	9.756398	0.999482	0.031165	-0.008000	-0.031202	0.999502	-0.004642	0.007851	0.004889	0.999957	
14075								0.088856	0.066712	9.784997	0.999482	0.031166	-0.007994	-0.031204	0.999502	-0.004626	0.007845	0.004873	0.999957	
14076								0.062506	0.054311	9.781417	0.999481	0.031194	-0.008004	-0.031232	0.999501	-0.004632	0.007856	0.004880	0.999957	
14077								0.101704	0.046171	9.763817	0.999482	0.031175	-0.008004	-0.031212	0.999502	-0.004647	0.007856	0.004895	0.999957	
14078								0.092190	0.063407	9.771591	0.999481	0.031209	-0.007985	-0.031247	0.999501	-0.004648	0.007836	0.004895	0.999957	
14079								0.078766	0.057385	9.769802	0.999481	0.031210	-0.007977	-0.031247	0.999501	-0.004648	0.007827	0.004894	0.999957	
14080								0.077218	0.065836	9.750766	0.999482	0.031190	-0.007977	-0.031228	0.999501	-0.004663	0.007828	0.004909	0.999957	
14081								0.078250	0.058000	9.769803	0.999481	0.031211	-0.007961	-0.031249	0.999501	-0.004631	0.007812	0.004877	0.999958	
14082								0.091223	0.064526	9.771593	0.999482	0.031187	-0.007993	-0.031225	0.999502	-0.004636	0.007845	0.004883	0.999957	
14083								0.057243	0.033328	9.771853	0.999482	0.031185	-0.008002	-0.031223	0.999502	-0.004623	0.007854	0.004870	0.999957	
14084								0.081978	0.054336	9.756397	0.999482	0.031183	-0.008008	-0.031220	0.999502	-0.004624	0.007859	0.004872	0.999957	
14085								0.076485	0.067098	9.750764	0.999482	0.031168	-0.007996	-0.031205	0.999502	-0.004622	0.007848	0.004869	0.999957	
14086								0.081379	0.054925	9.756399	0.999482	0.031171	-0.007972	-0.031209	0.999502	-0.004619	0.007824	0.004865	0.999958	
14087								0.071877	0.044464	9.741208	0.999483	0.031141	-0.007958	-0.031179	0.999503	-0.004614	0.007810	0.004860	0.999958	
14088								0.076745	0.059890	9.769803	0.999482	0.031172	-0.007953	-0.031209	0.999502	-0.004618	0.007805	0.004863	0.999958	
14089								0.072615	0.064772	9.783203	0.999483	0.031148	-0.007966	-0.031186	0.999503	-0.004650	0.007817	0.004896	0.999957	
14090								0.094737	0.054745	9.777228	0.999483	0.031148	-0.007956	-0.031186	0.999503	-0.004650	0.007808	0.004895	0.999958	
14091								0.085316	0.044391	9.762037	0.999483	0.031148	-0.007944	-0.031185	0.999503	-0.004664	0.007795	0.004910	0.999958	
14092								0.082450	0.041052	9.794477	0.999483	0.031161	-0.007956	-0.031199	0.999502	-0.004653	0.007807	0.004899	0.999958	
14093								0.075645	0.061745	9.769800	0.999482	0.031181	-0.007938	-0.031218	0.999502	-0.004637	0.007789	0.004883	0.999958	
14094								0.084597	0.045125	9.762040	0.999483	0.031148	-0.007938	-0.031185	0.999503	-0.004635	0.007790	0.004880	0.999958	
14095								0.076570	0.054232	9.788839	0.999483	0.031142	-0.007959	-0.031180	0.999503	-0.004639	0.007810	0.004885	0.999958	
14096								0.092312	0.064611	9.758189	0.999483	0.031137	-0.007979	-0.031175	0.999503	-0.004643	0.007831	0.004889	0.999957	
14097								0.080438	0.050402	9.775437	0.999483	0.031154	-0.007978	-0.031191	0.999503	-0.004615	0.007831	0.004861	0.999958	
14098								0.080261	0.050671	9.775437	0.999482	0.031165	-0.007983	-0.031202	0.999502	-0.004634	0.007835	0.004881	0.999957	
14099								0.098389	0.044979	9.782869	0.999482	0.031165	-0.007974	-0.031202	0.999502	-0.004634	0.007826	0.004880	0.999957	
14100								0.082521	0.054913	9.742997	0.999482	0.031165	-0.007985	-0.031202	0.999502	-0.004605	0.007838	0.004852	0.999958	
14101								0.096876	0.053422	9.763829	0.999482	0.031174	-0.008008	-0.031211	0.999502	-0.004612	0.007860	0.004859	0.999957	
14102								0.065487	0.053473	9.754602	0.999481	0.031184	-0.008034	-0.031221	0.999502	-0.004603	0.007887	0.004852	0.999957	
14103								0.075539	0.056456	9.788835	0.999482	0.031177	-0.007975	-0.031215	0.999502	-0.004609	0.007827	0.004855	0.999958	
14104								0.092262	0.058873	9.777228	0.999482	0.031182	-0.008010	-0.031220	0.999502	-0.004633	0.007861	0.004880	0.999957	
14105								0.079142	0.052804	9.775435	0.999482	0.031185	-0.008006	-0.031223	0.999502	-0.004602	0.007859	0.004849	0.999957	
14106								0.090796	0.067484	9.758183	0.999481	0.031193	-0.008026	-0.031231	0.999501	-0.004623	0.007878	0.004872	0.999957	
14107								0.077571	0.061546	9.756391	0.999481	0.031194	-0.008017	-0.031231	0.999501	-0.004623	0.007869	0.004871	0.999957	
14108								0.077382	0.061803	9.756390	0.999481	0.031207	-0.008028	-0.031245	0.999501	-0.004612	0.007880	0.004860	0.999957	
14109								0.074705	0.058284	9.788830	0.999481	0.031204	-0.008055	-0.031241	0.999501	-0.004586	0.007908	0.004835	0.999957	
14110								0.074811	0.058512	9.788828	0.999481	0.031195	-0.008090	-0.031233	0.999502	-0.004592	0.007943	0.004843	0.999957	
14111								0.073466	0.066763	9.769784	0.999481	0.031197	-0.008087	-0.031235	0.999502	-0.004562	0.007940	0.004812	0.999957	
14112								0.079753	0.046353	9.794475	0.999480	0.031217	-0.008068	-0.031254	0.999501	-0.004546	0.007922	0.004796	0.999957	
14113								0.063806	0.056333	9.754597	0.999480	0.031214	-0.008073	-0.031252	0.999501	-0.004548	0.007928	0.004798	0.999957	
14114								0.068938	0.044309	9.760243	0.999480	0.031226	-0.008079	-0.031263	0.999501	-0.004567	0.007932	0.004817	0.999957	
14115								0.079120	0.047423	9.794475	0.999480	0.031226	-0.008070	-0.031263	0.999501	-0.004567	0.007923	0.004817	0.999957	
14116								0.076318	0.063774	9.756386	0.999479	0.031239	-0.008080	-0.031277	0.999500	-0.004556	0.007934	0.004806	0.999957	
14117								0.081557	0.051619	9.762033	0.999479	0.031233	-0.008101	-0.031271	0.999501	-0.004560	0.007954	0.004811	0.999957	
14118								0.064327	0.049821	9.773638	0.999479	0.031239	-0.008083	-0.031277	0.999501	-0.004526	0.007937	0.004777	0.999957	
14119								0.077382	0.028765	9.752496	0.999479	0.031233	-0.008103	-0.031271	0.999501	-0.004531	0.007957	0.004782	0.999957	
14120								0.093996	0.058660	9.763827	0.999478	0.031271	-0.008069	-0.031308	0.999500	-0.004530	0.007923	0.004780	0.999957	
14121								0.059623	0.055033	9.787034	0.999479	0.031250	-0.008087	-0.031287	0.999500	-0.004532	0.007941	0.004783	0.999957	
14122								0.077823	0.049286	9.794477	0.999479	0.031250	-0.008077	-0.031287	0.999500	-0.004532	0.007932	0.004782	0.999957	
14123								0.084148	0.076554	9.771569	0.999479	0.031258	-0.008097	-0.031296	0.999500	-0.004553	0.007951	0.004804	0.999957	
14124								0.067048	0.047472	9.760241	0.999478	0.031275	-0.008073	-0.031313	0.999499	-0.004568	0.007926	0.004818	0.999957	
14125								0.098195	0.048094	9.769479	0.999478	0.031273	-0.008081	-0.031311	0.999499	-0.004555	0.007935	0.004805	0.999957	
14126								0.062620	0.052368	9.773636	0.999478	0.031290	-0.008077	-0.031327	0.999499	-0.004541	0.007931	0.004792	0.999957	
14127								0.075594	0.059033	9.775427	0.999477	0.031315	-0.008103	-0.031352	0.999498	-0.004550	0.007956	0.004801	0.999957	
14128								0.075481	0.059614	9.775425	0.999477	0.031294	-0.008097	-0.031332	0.999498	-0.004595	0.007949	0.004846	0.999957	
14129								0.070183	0.045001	9.746844	0.999477	0.031306	-0.008105	-0.031344	0.999498	-0.004599	0.007957	0.004851	0.999957	
14130								0.078979	0.056078	9.762030	0.999478	0.031294	-0.008078	-0.031332	0.999498	-0.004595	0.007931	0.004845	0.999957	
14131								0.073316	0.068792	9.756375	0.999478	0.031294	-0.008069	-0.031332	0.999498	-0.004594	0.007921	0.004844	0.999957	
14132								0.092865	0.054971	9.782872	0.999477	0.031304	-0.008095	-0.031342	0.999498	-0.004585	0.007947	0.004837	0.999957	
14133								0.086292	0.075739	9.758164	0.999477	0.031298	-0.008115	-0.031336	0.999498	-0.004590	0.007968	0.004842	0.999957	
14134								0.078347	0.057326	9.762028	0.999478	0.031282	-0.008101	-0.031320	0.999499	-0.004603	0.007953	0.004854	0.999957	
14135								0.073967	0.062164	9.775420	0.999477	0.031300	-0.008076	-0.031337	0.999498	-0.004617	0.007928	0.004868	0.999957	
14136								0.073788	0.062646	9.775419	0.999478	0.031274	-0.008106	-0.031312	0.999499	-0.004638	0.007957	0.004889	0.999956	
14137								0.081687	0.054195	9.748634	0.999477	0.031291	-0.008102	-0.031329	0.999498	-0.004624	0.007953	0.004876	0.999956	
14138								0.077502	0.058841	9.762026	0.999478	0.031272	-0.008105	-0.031310	0.999499	-0.004624	0.007956	0.004876	0.999956	
14139								0.082513	0.046632	9.767687	0.999478	0.031277	-0.008084	-0.031315	0.999499	-0.004607	0.007936	0.004857	0.999957	
14140								0.076875	0.059280	9.762028	0.999478	0.031277	-0.008075	-0.031315	0.999499	-0.004606	0.007927	0.004857	0.999957	
14141								0.081776	0.047291	9.767690	0.999478	0.031278	-0.008045	-0.031316	0.999499	-0.004634	0.007896	0.004884	0.999957	
14142								0.077465	0.052145	9.781081	0.999478	0.031275	-0.008050	-0.031313	0.999499	-0.004636	0.007901	0.004886	0.999957	
14143								0.086467	0.035538	9.773354	0.999479	0.031264	-0.008026	-0.031302	0.999499	-0.004616	0.007878	0.004865	0.999957	
14144								0.075586	0.060700	9.762029	0.999479	0.031275	-0.008032	-0.031313	0.999499	-0.004636	0.007883	0.004885	0.999957	
14145								0.062325	0.054742	9.760235	0.999478	0.031306	-0.008027	-0.031344	0.999498	-0.004639	0.007878	0.004889	0.999957	
14146								0.072519	0.057857	9.794470	0.999477	0.031319	-0.008035	-0.031357	0.999497	-0.004644	0.007886	0.004893	0.999957	
14147								0.079072	0.057435	9.748637	0.999477	0.031331	-0.008043	-0.031369	0.999497	-0.004648	0.007893	0.004898	0.999957	
14148								0.074852	0.062326	9.762025	0.999476	0.031344	-0.008030	-0.031383	0.999496	-0.004680	0.007880	0.004929	0.999957	
14149								0.079858	0.050292	9.767691	0.999476	0.031346	-0.008024	-0.031384	0.999497	-0.004664	0.007874	0.004913	0.999957	
14150								0.066600	0.044149	9.765897	0.999476	0.031343	-0.008030	-0.031381	0.999497	-0.004666	0.007879	0.004916	0.999957	
14151								0.075515	0.055361	9.781078	0.999476	0.031355	-0.008035	-0.031393	0.999496	-0.004685	0.007884	0.004935	0.999957	
14152								0.079220	0.051264	9.767691	0.999477	0.031344	-0.008011	-0.031382	0.999497	-0.004665	0.007861	0.004914	0.999957	
14153								0.080178	0.043548	9.786748	0.999476	0.031374	-0.008004	-0.031412	0.999496	-0.004684	0.007853	0.004933	0.999957	
14154								0.073319	0.064245	9.762024	0.999476	0.031376	-0.008001	-0.031414	0.999496	-0.004653	0.007851	0.004902	0.999957	
14155								0.082064	0.075198	9.777207	0.999475	0.031395	-0.007979	-0.031432	0.999495	-0.004653	0.007829	0.004901	0.999957	
14156								0.083189	0.039847	9.773366	0.999475	0.031398	-0.007955	-0.031435	0.999495	-0.004650	0.007805	0.004897	0.999958	
14157								0.095908	0.046557	9.775163	0.999474	0.031429	-0.007950	-0.031467	0.999494	-0.004653	0.007800	0.004901	0.999958	
14158								0.081352	0.048522	9.754311	0.999474	0.031426	-0.007956	-0.031464	0.999494	-0.004655	0.007806	0.004903	0.999958	
14159								0.077304	0.053296	9.767695	0.999473	0.031451	-0.007982	-0.031489	0.999493	-0.004664	0.007831	0.004913	0.999957	
14160								0.099577	0.043080	9.761776	0.999473	0.031453	-0.007979	-0.031491	0.999493	-0.004633	0.007829	0.004882	0.999957	
14161								0.062582	0.055354	9.746843	0.999474	0.031453	-0.007966	-0.031490	0.999493	-0.004648	0.007816	0.004897	0.999957	
14162								0.080866	0.049766	9.754308	0.999473	0.031459	-0.008004	-0.031497	0.999493	-0.004657	0.007853	0.004907	0.999957	
14163								0.069017	0.035636	9.771572	0.999473	0.031479	-0.007985	-0.031517	0.999492	-0.004641	0.007835	0.004891	0.999957	
14164								0.101354	0.075600	9.752224	0.999473	0.031472	-0.008003	-0.031510	0.999493	-0.004661	0.007852	0.004911	0.999957	
14165								0.085761	0.038458	9.759981	0.999473	0.031468	-0.008005	-0.031506	0.999493	-0.004679	0.007854	0.004929	0.999957	
14166								0.077597	0.047679	9.786750	0.999473	0.031465	-0.008011	-0.031503	0.999493	-0.004681	0.007860	0.004931	0.999957	
14167								0.063120	0.049558	9.765895	0.999472	0.031478	-0.008022	-0.031516	0.999492	-0.004671	0.007871	0.004921	0.999957	
14168								0.062921	0.049984	9.765894	0.999471	0.031507	-0.008012	-0.031545	0.999491	-0.004705	0.007860	0.004955	0.999957	
14169								0.092920	0.058882	9.756097	0.999472	0.031467	-0.008042	-0.031506	0.999492	-0.004707	0.007890	0.004958	0.999957	
14170								0.088861	0.063564	9.769480	0.999471	0.031499	-0.008041	-0.031537	0.999492	-0.004696	0.007889	0.004947	0.999957	
14171								0.084850	0.040654	9.759980	0.999472	0.031483	-0.008026	-0.031522	0.999492	-0.004709	0.007874	0.004959	0.999957	
14172								0.075354	0.057957	9.767684	0.999472	0.031492	-0.008046	-0.031530	0.999492	-0.004731	0.007893	0.004982	0.999956	
14173								0.080457	0.045961	9.773362	0.999471	0.031511	-0.008025	-0.031549	0.999491	-0.004730	0.007872	0.004980	0.999957	
14174								0.070982	0.063105	9.781065	0.999472	0.031471	-0.008055	-0.031510	0.999492	-0.004732	0.007902	0.004983	0.999956	
14175								0.066792	0.067718	9.794448	0.999474	0.031430	-0.008026	-0.031468	0.999494	-0.004708	0.007874	0.004958	0.999957	
14176								0.105870	0.059738	9.776953	0.999473	0.031439	-0.008025	-0.031478	0.999493	-0.004757	0.007871	0.005008	0.999956	
14177								0.070110	0.064269	9.781064	0.999474	0.031427	-0.007999	-0.031466	0.999494	-0.004752	0.007845	0.005002	0.999957	
14178								0.100136	0.045331	9.748397	0.999474	0.031443	-0.007992	-0.031482	0.999493	-0.004754	0.007838	0.005003	0.999957	
14179								0.077559	0.056072	9.754301	0.999474	0.031440	-0.007997	-0.031478	0.999493	-0.004756	0.007843	0.005006	0.999957	
14180								0.090468	0.062733	9.756096	0.999474	0.031423	-0.008003	-0.031461	0.999494	-0.004741	0.007850	0.004990	0.999957	
14181								0.069264	0.065391	9.781063	0.999474	0.031420	-0.008009	-0.031459	0.999494	-0.004743	0.007856	0.004992	0.999957	
14182								0.084766	0.075775	9.750411	0.999475	0.031404	-0.007994	-0.031443	0.999494	-0.004755	0.007841	0.005004	0.999957	
14183								0.079471	0.041129	9.792430	0.999474	0.031420	-0.008011	-0.031458	0.999494	-0.004714	0.007859	0.004964	0.999957	
14184								0.076600	0.057284	9.754302	0.999475	0.031406	-0.007982	-0.031445	0.999494	-0.004725	0.007829	0.004973	0.999957	
14185								0.069637	0.058363	9.800128	0.999473	0.031452	-0.008001	-0.031490	0.999493	-0.004703	0.007849	0.004952	0.999957	
14186								0.081523	0.045337	9.759987	0.999473	0.031452	-0.007992	-0.031490	0.999493	-0.004702	0.007840	0.004951	0.999957	
14187								0.094424	0.052088	9.761783	0.999473	0.031446	-0.008012	-0.031485	0.999493	-0.004707	0.007860	0.004956	0.999957	
14188								0.078531	0.042422	9.792433	0.999473	0.031446	-0.008003	-0.031485	0.999493	-0.004706	0.007851	0.004956	0.999957	
14189								0.062558	0.052458	9.752504	0.999473	0.031460	-0.007990	-0.031499	0.999493	-0.004738	0.007837	0.004987	0.999957	
14190								0.095005	0.045128	9.780851	0.999473	0.031449	-0.007987	-0.031487	0.999493	-0.004690	0.007836	0.004939	0.999957	
14191								0.085385	0.062168	9.788544	0.999474	0.031447	-0.007972	-0.031485	0.999493	-0.004720	0.007820	0.004969	0.999957	
14192								0.088955	0.058205	9.775166	0.999473	0.031484	-0.007938	-0.031522	0.999492	-0.004720	0.007785	0.004967	0.999957	
14193								0.074421	0.060130	9.754301	0.999472	0.031490	-0.007976	-0.031528	0.999492	-0.004729	0.007823	0.004978	0.999957	
14194								0.075662	0.052584	9.773367	0.999480	0.031228	-0.007978	-0.031266	0.999500	-0.004705	0.007827	0.004952	0.999957	
14195								0.092599	0.054951	9.761785	0.999480	0.031242	-0.008004	-0.031280	0.999500	-0.004697	0.007853	0.004945	0.999957	
14196								0.067637	0.034371	9.777261	0.999480	0.031242	-0.007980	-0.031280	0.999500	-0.004694	0.007829	0.004941	0.999957	
14197								0.084041	0.064480	9.788540	0.999481	0.031216	-0.007977	-0.031254	0.999500	-0.004724	0.007825	0.004971	0.999957	
14198								0.074894	0.054211	9.773364	0.999480	0.031222	-0.007997	-0.031261	0.999500	-0.004746	0.007844	0.004993	0.999957	
14199								0.074712	0.054384	9.773365	0.999481	0.031210	-0.007979	-0.031248	0.999501	-0.004696	0.007828	0.004943	0.999957	
14200								0.087641	0.060998	9.775161	0.999481	0.031215	-0.008014	-0.031254	0.999500	-0.004720	0.007862	0.004968	0.999957	
14201								0.091371	0.056890	9.761785	0.999481	0.031206	-0.007960	-0.031244	0.999501	-0.004695	0.007810	0.004941	0.999957	
14202								0.077905	0.050655	9.759991	0.999481	0.031206	-0.007966	-0.031244	0.999501	-0.004697	0.007815	0.004943	0.999957	
14203								0.066114	0.036601	9.777263	0.999481	0.031218	-0.007989	-0.031256	0.999500	-0.004704	0.007838	0.004951	0.999957	
14204								0.060724	0.049360	9.771567	0.999481	0.031215	-0.007995	-0.031253	0.999500	-0.004706	0.007844	0.004953	0.999957	
14205								0.083058	0.039250	9.765682	0.999481	0.031212	-0.008018	-0.031251	0.999501	-0.004695	0.007868	0.004943	0.999957	
14206								0.073507	0.056311	9.773363	0.999481	0.031213	-0.007994	-0.031251	0.999501	-0.004692	0.007844	0.004939	0.999957	
14207								0.067915	0.068953	9.767667	0.999480	0.031223	-0.008005	-0.031262	0.999500	-0.004681	0.007855	0.004929	0.999957	
14208								0.099189	0.069554	9.776958	0.999479	0.031256	-0.008007	-0.031294	0.999499	-0.004655	0.007858	0.004903	0.999957	
14209								0.072883	0.056869	9.773364	0.999479	0.031258	-0.007998	-0.031296	0.999499	-0.004654	0.007848	0.004902	0.999957	
14210								0.063598	0.046251	9.758193	0.999479	0.031260	-0.007992	-0.031298	0.999499	-0.004638	0.007843	0.004886	0.999957	
14211								0.080113	0.076180	9.769465	0.999479	0.031255	-0.007997	-0.031293	0.999499	-0.004640	0.007848	0.004888	0.999957	
14212								0.077629	0.045224	9.779062	0.999479	0.031272	-0.008009	-0.031310	0.999499	-0.004629	0.007860	0.004877	0.999957	
14213								0.066754	0.070347	9.767665	0.999479	0.031271	-0.007997	-0.031309	0.999499	-0.004644	0.007847	0.004892	0.999957	
14214								0.081193	0.041512	9.765689	0.999480	0.031234	-0.007997	-0.031272	0.999500	-0.004642	0.007848	0.004890	0.999957	
14215								0.079458	0.077504	9.769460	0.999479	0.031256	-0.008022	-0.031294	0.999499	-0.004651	0.007873	0.004899	0.999957	
14216								0.073025	0.050981	9.792434	0.999480	0.031237	-0.008028	-0.031275	0.999500	-0.004635	0.007879	0.004884	0.999957	
14217								0.079552	0.050262	9.746614	0.999481	0.031207	-0.008017	-0.031245	0.999501	-0.004615	0.007869	0.004863	0.999957	
14218								0.075292	0.054892	9.759988	0.999482	0.031183	-0.008019	-0.031221	0.999502	-0.004615	0.007871	0.004863	0.999957	
14219								0.065998	0.044340	9.744818	0.999481	0.031202	-0.007998	-0.031240	0.999501	-0.004615	0.007850	0.004862	0.999957	
14220								0.062956	0.041236	9.777265	0.999482	0.031185	-0.007995	-0.031223	0.999502	-0.004645	0.007846	0.004892	0.999957	
14221								0.087566	0.062639	9.761785	0.999482	0.031163	-0.008010	-0.031201	0.999502	-0.004663	0.007860	0.004910	0.999957	
14222								0.075554	0.048531	9.779063	0.999482	0.031188	-0.007977	-0.031225	0.999502	-0.004644	0.007828	0.004891	0.999957	
14223								0.079179	0.044328	9.765693	0.999482	0.031188	-0.007967	-0.031225	0.999502	-0.004644	0.007819	0.004891	0.999957	
14224								0.070763	0.053373	9.792438	0.999482	0.031177	-0.007944	-0.031215	0.999502	-0.004624	0.007796	0.004870	0.999958	
14225								0.077217	0.052801	9.746620	0.999482	0.031175	-0.007947	-0.031212	0.999502	-0.004641	0.007798	0.004887	0.999958	
14226								0.074343	0.049669	9.779066	0.999482	0.031187	-0.007955	-0.031225	0.999502	-0.004646	0.007806	0.004892	0.999958	
14227								0.092466	0.043981	9.786572	0.999481	0.031210	-0.007936	-0.031247	0.999501	-0.004629	0.007788	0.004875	0.999958	
14228								0.080658	0.049397	9.733248	0.999481	0.031219	-0.007956	-0.031256	0.999501	-0.004651	0.007807	0.004897	0.999958	
14229								0.072591	0.058599	9.759987	0.999481	0.031199	-0.007977	-0.031237	0.999501	-0.004638	0.007829	0.004885	0.999957	
14230								0.090853	0.052846	9.767493	0.999481	0.031219	-0.007974	-0.031256	0.999501	-0.004625	0.007825	0.004871	0.999958	
14231								0.064230	0.067799	9.786728	0.999481	0.031203	-0.007980	-0.031240	0.999501	-0.004610	0.007833	0.004857	0.999958	
14232								0.077474	0.046883	9.765695	0.999482	0.031179	-0.007980	-0.031216	0.999502	-0.004625	0.007832	0.004872	0.999957	
14233								0.073234	0.051635	9.779065	0.999481	0.031210	-0.007979	-0.031248	0.999501	-0.004614	0.007831	0.004861	0.999958	
14234								0.090060	0.053932	9.767495	0.999481	0.031226	-0.007972	-0.031264	0.999501	-0.004616	0.007824	0.004863	0.999958	
14235								0.085718	0.058734	9.780865	0.999481	0.031208	-0.007957	-0.031246	0.999501	-0.004629	0.007808	0.004875	0.999958	
14236								0.073693	0.044698	9.798145	0.999481	0.031221	-0.007950	-0.031258	0.999501	-0.004630	0.007801	0.004876	0.999958	
14237								0.070737	0.060940	9.759987	0.999481	0.031237	-0.007928	-0.031274	0.999500	-0.004629	0.007779	0.004875	0.999958	
14238								0.075806	0.048873	9.765698	0.999481	0.031233	-0.007933	-0.031270	0.999500	-0.004631	0.007785	0.004877	0.999958	
14239								0.079795	0.044822	9.752328	0.999480	0.031256	-0.007959	-0.031294	0.999499	-0.004640	0.007810	0.004887	0.999958	
14240								0.088795	0.055862	9.767495	0.999479	0.031270	-0.007976	-0.031307	0.999499	-0.004599	0.007828	0.004846	0.999958	
