// Start Time: Unknown: 
// Update Rate: 60.0Hz 
// Filter Profile: human (46.1) 
// Firmware Version: 4.6.0
// Option Flags: AHS Disabled ICC Disabled 
PacketCounter	SampleTimeFine	Year	Month	Day	Second	UTC_Nano	UTC_Year	UTC_Month	UTC_Day	UTC_Hour	UTC_Minute	UTC_Second	UTC_Valid	Acc_X	Acc_Y	Acc_Z	Mat[1][1]	Mat[2][1]	Mat[3][1]	Mat[1][2]	Mat[2][2]	Mat[3][2]	Mat[1][3]	Mat[2][3]	Mat[3][3] 
13512								2021	08	20	14	51	26.056	9.053376	-1.373087	-3.472310	0.207941	0.966673	0.149344	0.324149	-0.212156	0.921910	0.922869	-0.143293	-0.357462	
13513								2021	08	20	14	51	26.073	9.093601	-1.337900	-3.527053	0.208017	0.966635	0.149483	0.324232	-0.212329	0.921841	0.922823	-0.143291	-0.357582	
13514								2021	08	20	14	51	26.089	9.080221	-1.442359	-3.511131	0.208142	0.966549	0.149869	0.324234	-0.212744	0.921744	0.922794	-0.143262	-0.357669	
13515								2021	08	20	14	51	26.106	9.067147	-1.541233	-3.527531	0.208097	0.966505	0.150213	0.324297	-0.213065	0.921648	0.922782	-0.143079	-0.357772	
13516								2021	08	20	14	51	26.123	9.038330	-1.475368	-3.412307	0.208067	0.966495	0.150317	0.324376	-0.213166	0.921597	0.922761	-0.142995	-0.357860	
13517								2021	08	20	14	51	26.139	9.044932	-1.436561	-3.347463	0.208174	0.966449	0.150468	0.324439	-0.213359	0.921530	0.922715	-0.143021	-0.357970	
13518								2021	08	20	14	51	26.156	9.123589	-1.455128	-3.397531	0.208245	0.966370	0.150873	0.324495	-0.213781	0.921412	0.922679	-0.142922	-0.358101	
13519								2021	08	20	14	51	26.173	9.009018	-1.471817	-3.448373	0.208233	0.966324	0.151189	0.324590	-0.214091	0.921307	0.922649	-0.142772	-0.358239	
13520								2021	08	20	14	51	26.189	9.025896	-1.289234	-3.520906	0.208402	0.966230	0.151550	0.324677	-0.214512	0.921178	0.922580	-0.142771	-0.358418	
13521								2021	08	20	14	51	26.206	9.048542	-1.267061	-3.419641	0.208637	0.966072	0.152232	0.324717	-0.215256	0.920991	0.922513	-0.142720	-0.358611	
13522								2021	08	20	14	51	26.223	9.128378	-1.418072	-3.306335	0.209034	0.965793	0.153457	0.324807	-0.216584	0.920648	0.922391	-0.142603	-0.358970	
13523								2021	08	20	14	51	26.239	9.101771	-1.538435	-3.289291	0.209287	0.965642	0.154059	0.325057	-0.217291	0.920393	0.922246	-0.142548	-0.359365	
13524								2021	08	20	14	51	26.256	9.080127	-1.479291	-3.436236	0.209484	0.965656	0.153704	0.325440	-0.217085	0.920306	0.922066	-0.142768	-0.359738	
13525								2021	08	20	14	51	26.273	9.250165	-1.227988	-3.596752	0.209808	0.965749	0.152677	0.325584	-0.216249	0.920452	0.921941	-0.143409	-0.359803	
13526								2021	08	20	14	51	26.289	9.204007	-1.215426	-3.668016	0.210226	0.965657	0.152684	0.325596	-0.216413	0.920409	0.921842	-0.143781	-0.359909	
13527								2021	08	20	14	51	26.306	9.082986	-1.590381	-3.608090	0.210642	0.965561	0.152713	0.325657	-0.216605	0.920342	0.921725	-0.144130	-0.360068	
13528								2021	08	20	14	51	26.323	9.127575	-1.449004	-3.419811	0.210966	0.965666	0.151601	0.325697	-0.215672	0.920547	0.921637	-0.144828	-0.360014	
13529								2021	08	20	14	51	26.339	9.027545	-1.342273	-3.170158	0.211213	0.965802	0.150384	0.325798	-0.214620	0.920757	0.921545	-0.145481	-0.359987	
13530								2021	08	20	14	51	26.356	8.996999	-1.377780	-3.009844	0.211605	0.965902	0.149189	0.326075	-0.213669	0.920880	0.921357	-0.146216	-0.360170	
13531								2021	08	20	14	51	26.373	9.202519	-1.541421	-3.161963	0.212007	0.965935	0.148399	0.326475	-0.213131	0.920863	0.921123	-0.146781	-0.360539	
13532								2021	08	20	14	51	26.389	9.129778	-1.612930	-3.473487	0.212368	0.966065	0.147033	0.326963	-0.212041	0.920942	0.920866	-0.147504	-0.360898	
13533								2021	08	20	14	51	26.406	9.001942	-1.373261	-3.612260	0.212888	0.966257	0.145004	0.327559	-0.210397	0.921107	0.920534	-0.148596	-0.361298	
13534								2021	08	20	14	51	26.423	9.019322	-1.229996	-3.633567	0.213541	0.966347	0.143437	0.328107	-0.209237	0.921176	0.920188	-0.149646	-0.361746	
13535								2021	08	20	14	51	26.439	9.077186	-1.547525	-3.518260	0.214258	0.966292	0.142735	0.328627	-0.208921	0.921063	0.919836	-0.150439	-0.362313	
13536								2021	08	20	14	51	26.456	9.097685	-1.729213	-3.357131	0.214870	0.966359	0.141358	0.329291	-0.207947	0.921046	0.919456	-0.151357	-0.362895	
13537								2021	08	20	14	51	26.473	9.100755	-1.530492	-3.121149	0.215628	0.966436	0.139666	0.330013	-0.206740	0.921059	0.919019	-0.152515	-0.363515	
13538								2021	08	20	14	51	26.489	9.073968	-1.430296	-2.841287	0.216529	0.966410	0.138443	0.330845	-0.206053	0.920915	0.918508	-0.153601	-0.364348	
13539								2021	08	20	14	51	26.506	9.128377	-1.401687	-2.349217	0.217809	0.966284	0.137311	0.331809	-0.205621	0.920664	0.917857	-0.154968	-0.365408	
13540								2021	08	20	14	51	26.523	9.301128	-1.698694	-2.364126	0.219184	0.965990	0.137195	0.333178	-0.206266	0.920025	0.917034	-0.155944	-0.367057	
13541								2021	08	20	14	51	26.539	9.315557	-1.842815	-2.413288	0.220652	0.965864	0.135720	0.334858	-0.205709	0.919540	0.916069	-0.157451	-0.368817	
13542								2021	08	20	14	51	26.556	9.262043	-1.648101	-2.488750	0.222316	0.965743	0.133854	0.336793	-0.204907	0.919012	0.914957	-0.159230	-0.370810	
13543								2021	08	20	14	51	26.573	9.306922	-1.831129	-2.295936	0.223853	0.965678	0.131743	0.339098	-0.203898	0.918389	0.913730	-0.160911	-0.373102	
13544								2021	08	20	14	51	26.589	9.446366	-1.969197	-1.744765	0.225572	0.965618	0.129226	0.341841	-0.202661	0.917645	0.912284	-0.162820	-0.375803	
13545								2021	08	20	14	51	26.606	9.479972	-2.175153	-1.257814	0.227508	0.965633	0.125673	0.345073	-0.200630	0.916882	0.910585	-0.165231	-0.378859	
13546								2021	08	20	14	51	26.623	9.563460	-2.103991	-0.943308	0.229489	0.965769	0.120932	0.348759	-0.197591	0.916147	0.908681	-0.168069	-0.382166	
13547								2021	08	20	14	51	26.639	9.708454	-2.350380	-0.941374	0.231456	0.965820	0.116708	0.353143	-0.195194	0.914980	0.906487	-0.170563	-0.386251	
13548								2021	08	20	14	51	26.656	10.088878	-2.925443	-1.275210	0.233223	0.965811	0.113206	0.358489	-0.193611	0.913236	0.903932	-0.172404	-0.391387	
13549								2021	08	20	14	51	26.673	10.202977	-3.579636	-1.260498	0.234463	0.966148	0.107635	0.365713	-0.190250	0.911076	0.900711	-0.174250	-0.397940	
13550								2021	08	20	14	51	26.689	10.217100	-3.581006	-1.035204	0.234836	0.966936	0.099432	0.374411	-0.184380	0.908747	0.897033	-0.176179	-0.405330	
13551								2021	08	20	14	51	26.706	10.138594	-3.631394	-1.281261	0.234227	0.968050	0.089537	0.384653	-0.176863	0.905959	0.892849	-0.177759	-0.413789	
13552								2021	08	20	14	51	26.723	10.047245	-3.313043	-1.826154	0.232516	0.969445	0.078183	0.395826	-0.167751	0.902874	0.888402	-0.178986	-0.422736	
13553								2021	08	20	14	51	26.739	10.177509	-2.625640	-2.480206	0.229994	0.970850	0.067475	0.407605	-0.159057	0.899199	0.883720	-0.179307	-0.432305	
13554								2021	08	20	14	51	26.756	10.176361	-2.338947	-3.281503	0.226622	0.972150	0.059723	0.420106	-0.152885	0.894504	0.878723	-0.177624	-0.443054	
13555								2021	08	20	14	51	26.773	10.038556	-2.304278	-4.178399	0.221756	0.973626	0.053630	0.433197	-0.147642	0.889125	0.873593	-0.173937	-0.454512	
13556								2021	08	20	14	51	26.789	9.454205	-1.699339	-4.687394	0.215700	0.975342	0.046695	0.446799	-0.141106	0.883436	0.868242	-0.169694	-0.466219	
13557								2021	08	20	14	51	26.806	9.677895	-1.553551	-5.575843	0.208012	0.977333	0.039387	0.459087	-0.133108	0.878363	0.863696	-0.164628	-0.476369	
13558								2021	08	20	14	51	26.823	9.124314	-1.365883	-5.775469	0.200581	0.979195	0.030720	0.467169	-0.123164	0.875548	0.861116	-0.161267	-0.482154	
13559								2021	08	20	14	51	26.839	8.702203	-1.136514	-5.813010	0.194663	0.980608	0.022690	0.469802	-0.113518	0.875443	0.861042	-0.159756	-0.482789	
13560								2021	08	20	14	51	26.856	8.283122	-1.000771	-5.682524	0.190386	0.981566	0.016792	0.466188	-0.105449	0.878379	0.863957	-0.159403	-0.477671	
13561								2021	08	20	14	51	26.873	8.443847	-0.905003	-5.407925	0.187433	0.982192	0.012953	0.457029	-0.098872	0.883939	0.869479	-0.159759	-0.467422	
13562								2021	08	20	14	51	26.889	8.570681	-0.976345	-4.973075	0.186097	0.982464	0.011507	0.442433	-0.094250	0.891835	0.877281	-0.160877	-0.452214	
13563								2021	08	20	14	51	26.906	8.379783	-0.896248	-4.762540	0.186450	0.982386	0.012385	0.422680	-0.091589	0.901639	0.886892	-0.162876	-0.432312	
13564								2021	08	20	14	51	26.923	8.417576	-1.054853	-4.495631	0.188444	0.981945	0.016490	0.398697	-0.091837	0.912473	0.897513	-0.165376	-0.408804	
13565								2021	08	20	14	51	26.939	8.597185	-1.463079	-4.225760	0.191822	0.981139	0.023885	0.370926	-0.095009	0.923790	0.908636	-0.168343	-0.382154	
13566								2021	08	20	14	51	26.956	8.824126	-1.866792	-3.717174	0.195891	0.980070	0.033022	0.340289	-0.099520	0.935040	0.919690	-0.171929	-0.353002	
13567								2021	08	20	14	51	26.973	8.661348	-2.293724	-3.386093	0.200197	0.978815	0.042921	0.307435	-0.104354	0.945830	0.930272	-0.176157	-0.321813	
13568								2021	08	20	14	51	26.989	8.390918	-2.642158	-3.304762	0.204471	0.977476	0.052268	0.273665	-0.108350	0.955703	0.939840	-0.181110	-0.289655	
13569								2021	08	20	14	51	27.006	8.407162	-2.526579	-3.133241	0.208277	0.976256	0.059536	0.239526	-0.109929	0.964647	0.948287	-0.186653	-0.256734	
13570								2021	08	20	14	51	27.023	8.467309	-2.070991	-2.801773	0.211667	0.975177	0.065010	0.205826	-0.109503	0.972443	0.955423	-0.192453	-0.223896	
13571								2021	08	20	14	51	27.039	9.019649	-1.608409	-2.220343	0.214737	0.974099	0.070840	0.172857	-0.109292	0.978865	0.961254	-0.197953	-0.191849	
13572								2021	08	20	14	51	27.056	8.831531	-1.475929	-1.898135	0.217865	0.972708	0.079833	0.142238	-0.112570	0.983411	0.965558	-0.202896	-0.162881	
13573								2021	08	20	14	51	27.073	8.729412	-2.287923	-1.711381	0.220946	0.971087	0.090400	0.115787	-0.118153	0.986222	0.968389	-0.207435	-0.138545	
13574								2021	08	20	14	51	27.089	8.271562	-2.915663	-1.544643	0.224390	0.969479	0.098792	0.093009	-0.122221	0.988135	0.970051	-0.212539	-0.117595	
13575								2021	08	20	14	51	27.106	8.209742	-3.241890	-1.097952	0.226780	0.968327	0.104471	0.073397	-0.123953	0.989570	0.971176	-0.216747	-0.099182	
13576								2021	08	20	14	51	27.123	7.726431	-2.956342	-0.439503	0.227242	0.968103	0.105535	0.058247	-0.121688	0.990858	0.972095	-0.219017	-0.084042	
13577								2021	08	20	14	51	27.139	7.858225	-1.858850	0.129417	0.226280	0.968647	0.102568	0.048715	-0.116421	0.992005	0.972843	-0.219474	-0.073531	
13578								2021	08	20	14	51	27.156	7.941210	-1.213201	0.020635	0.224134	0.969395	0.100181	0.045956	-0.113196	0.992509	0.973474	-0.217851	-0.069921	
13579								2021	08	20	14	51	27.173	7.356477	-1.596208	0.073496	0.219434	0.970090	0.103797	0.050565	-0.117555	0.991778	0.974316	-0.212382	-0.074849	
13580								2021	08	20	14	51	27.189	7.074695	-2.638076	-1.740790	0.211811	0.971121	0.109823	0.063128	-0.125733	0.990054	0.975270	-0.202771	-0.087937	
13581								2021	08	20	14	51	27.206	7.455668	-2.018952	-3.010277	0.204454	0.972896	0.108040	0.080121	-0.126634	0.988709	0.975592	-0.193489	-0.103840	
13582								2021	08	20	14	51	27.223	9.649259	-2.754405	-1.893061	0.199187	0.974298	0.105207	0.093672	-0.125797	0.987624	0.975474	-0.186866	-0.116321	
13583								2021	08	20	14	51	27.239	11.943734	-2.724295	0.608701	0.196974	0.974733	0.105342	0.101212	-0.127090	0.986714	0.975171	-0.183695	-0.123688	
13584								2021	08	20	14	51	27.256	11.639465	-1.459514	0.979939	0.191974	0.975668	0.105912	0.110079	-0.128645	0.985562	0.975207	-0.177544	-0.132097	
13585								2021	08	20	14	51	27.273	12.070605	-0.342312	-0.292884	0.186232	0.976483	0.108623	0.121502	-0.132598	0.983695	0.974964	-0.169998	-0.143339	
13586								2021	08	20	14	51	27.289	10.326942	-0.761914	-2.286049	0.182144	0.976311	0.116788	0.133039	-0.142153	0.980863	0.974230	-0.163121	-0.155780	
13587								2021	08	20	14	51	27.306	8.376368	-2.212177	-4.407327	0.178583	0.975440	0.128939	0.144658	-0.155650	0.977163	0.973233	-0.155852	-0.168901	
13588								2021	08	20	14	51	27.323	8.574590	-3.048291	-5.419834	0.173317	0.975532	0.135275	0.156559	-0.162897	0.974143	0.972343	-0.147657	-0.180961	
13589								2021	08	20	14	51	27.339	8.944464	-2.518112	-5.880675	0.166997	0.977276	0.130551	0.167418	-0.158594	0.973046	0.971639	-0.140640	-0.190099	
13590								2021	08	20	14	51	27.356	8.718610	-0.663705	-5.623729	0.161098	0.979488	0.121038	0.177189	-0.149351	0.972779	0.970902	-0.135266	-0.197615	
13591								2021	08	20	14	51	27.373	9.731409	0.652683	-4.778682	0.156100	0.980867	0.116333	0.186325	-0.144904	0.971744	0.970008	-0.130014	-0.205380	
13592								2021	08	20	14	51	27.389	10.245866	0.448473	-4.388636	0.151571	0.981403	0.117786	0.194812	-0.146486	0.969840	0.969058	-0.124054	-0.213393	
13593								2021	08	20	14	51	27.406	9.705791	-0.560450	-4.063374	0.147269	0.981624	0.121352	0.202994	-0.150073	0.967611	0.968042	-0.117865	-0.221365	
13594								2021	08	20	14	51	27.423	9.488610	-0.744195	-4.002660	0.143525	0.981923	0.123400	0.210184	-0.152090	0.965759	0.967069	-0.112674	-0.228213	
13595								2021	08	20	14	51	27.439	9.342764	-0.230517	-3.835329	0.140344	0.982208	0.124784	0.216092	-0.153379	0.964250	0.966234	-0.108362	-0.233773	
13596								2021	08	20	14	51	27.456	9.257286	-0.232066	-3.320520	0.137472	0.982256	0.127574	0.221402	-0.156011	0.962622	0.965444	-0.104088	-0.238921	
13597								2021	08	20	14	51	27.473	9.300482	-0.554309	-2.575305	0.134975	0.981960	0.132424	0.226330	-0.160669	0.960708	0.964654	-0.099700	-0.243933	
13598								2021	08	20	14	51	27.489	9.653454	-0.569830	-2.263134	0.132736	0.981481	0.138118	0.230838	-0.166132	0.958705	0.963896	-0.095372	-0.248614	
13599								2021	08	20	14	51	27.506	9.698291	-0.335574	-2.014940	0.130377	0.981036	0.143425	0.235405	-0.171153	0.956708	0.963113	-0.090969	-0.253255	
13600								2021	08	20	14	51	27.523	9.616653	-0.151663	-2.106322	0.128059	0.980525	0.148901	0.239747	-0.176290	0.954695	0.962352	-0.086559	-0.257654	
13601								2021	08	20	14	51	27.539	9.495338	-0.287898	-2.471227	0.125572	0.979977	0.154523	0.244292	-0.181503	0.952564	0.961537	-0.081867	-0.262192	
13602								2021	08	20	14	51	27.556	9.375654	-0.801705	-2.585239	0.123048	0.979600	0.158882	0.249353	-0.185481	0.950484	0.960564	-0.077337	-0.267089	
13603								2021	08	20	14	51	27.573	9.535203	-0.833829	-2.621080	0.120814	0.979628	0.160413	0.254341	-0.186750	0.948913	0.959539	-0.073842	-0.271722	
13604								2021	08	20	14	51	27.589	9.529621	-0.436629	-2.456277	0.118805	0.979960	0.159884	0.259293	-0.186057	0.947708	0.958464	-0.071136	-0.276201	
13605								2021	08	20	14	51	27.606	9.469825	-0.328376	-2.380617	0.117038	0.980234	0.159512	0.264275	-0.185564	0.946427	0.957319	-0.068613	-0.280770	
13606								2021	08	20	14	51	27.623	9.457381	-0.363608	-2.546626	0.115224	0.980481	0.159310	0.269206	-0.185199	0.945108	0.956165	-0.066012	-0.285291	
13607								2021	08	20	14	51	27.639	9.361049	-0.583976	-2.604621	0.113160	0.980760	0.159077	0.274260	-0.184718	0.943748	0.954975	-0.063167	-0.289885	
13608								2021	08	20	14	51	27.656	9.234792	-0.903285	-2.698600	0.110946	0.981096	0.158563	0.279526	-0.183913	0.942359	0.953707	-0.060228	-0.294646	
13609								2021	08	20	14	51	27.673	9.271699	-0.740247	-2.843055	0.108736	0.981615	0.156869	0.285002	-0.181964	0.941097	0.952340	-0.057623	-0.299548	
13610								2021	08	20	14	51	27.689	9.197661	-0.363577	-2.765986	0.106694	0.982081	0.155349	0.290547	-0.180216	0.939736	0.950894	-0.055128	-0.304569	
13611								2021	08	20	14	51	27.706	9.355209	-0.309849	-2.375557	0.104900	0.982338	0.154945	0.296325	-0.179602	0.938048	0.949309	-0.052487	-0.309932	
13612								2021	08	20	14	51	27.723	9.598087	-0.531630	-2.245092	0.102756	0.982425	0.155829	0.302542	-0.180104	0.935965	0.947581	-0.049031	-0.315732	
13613								2021	08	20	14	51	27.739	9.390271	-0.863772	-2.605505	0.100014	0.982677	0.156025	0.309016	-0.179734	0.933919	0.945784	-0.045191	-0.321638	
13614								2021	08	20	14	51	27.756	9.136210	-1.126315	-2.823878	0.097461	0.983143	0.154698	0.315784	-0.177954	0.931994	0.943812	-0.041982	-0.327804	
13615								2021	08	20	14	51	27.773	9.147538	-0.939070	-2.822933	0.095441	0.983633	0.152832	0.322902	-0.175823	0.929957	0.941608	-0.039407	-0.334397	
13616								2021	08	20	14	51	27.789	9.474460	-0.584513	-2.510830	0.093527	0.984126	0.150829	0.330336	-0.173585	0.927764	0.939218	-0.036947	-0.341327	
13617								2021	08	20	14	51	27.806	9.466061	-0.319120	-2.688025	0.091338	0.984748	0.148084	0.338046	-0.170537	0.925550	0.936687	-0.034478	-0.348466	
13618								2021	08	20	14	51	27.823	9.325342	-0.052146	-2.715883	0.088839	0.985600	0.143876	0.346265	-0.165998	0.923334	0.933921	-0.032209	-0.356026	
13619								2021	08	20	14	51	27.839	9.150575	-0.113202	-2.240825	0.086421	0.986350	0.140161	0.354860	-0.161936	0.920788	0.930917	-0.029838	-0.364011	
13620								2021	08	20	14	51	27.856	9.353816	-0.699066	-2.373761	0.084018	0.986893	0.137777	0.363885	-0.159104	0.917755	0.927647	-0.026973	-0.372483	
13621								2021	08	20	14	51	27.873	9.268594	-0.807153	-2.731342	0.081819	0.987732	0.133006	0.373243	-0.154109	0.914844	0.924119	-0.025208	-0.381273	
13622								2021	08	20	14	51	27.889	9.198409	0.119662	-2.925850	0.080326	0.988499	0.128131	0.382640	-0.149277	0.911758	0.920399	-0.024210	-0.390230	
13623								2021	08	20	14	51	27.906	9.128179	0.316459	-2.941595	0.079078	0.988735	0.127079	0.392175	-0.148055	0.907898	0.916485	-0.021958	-0.399465	
13624								2021	08	20	14	51	27.923	9.064611	-0.500422	-2.986792	0.077503	0.988907	0.126712	0.402318	-0.147308	0.903571	0.912213	-0.019051	-0.409272	
13625								2021	08	20	14	51	27.939	9.183395	-0.344240	-3.229113	0.075728	0.989548	0.122717	0.412992	-0.143145	0.899415	0.907581	-0.017430	-0.419516	
13626								2021	08	20	14	51	27.956	8.978821	0.176661	-3.593107	0.074139	0.990275	0.117726	0.423960	-0.138150	0.895082	0.902641	-0.016450	-0.430080	
13627								2021	08	20	14	51	27.973	8.848811	-0.013489	-4.129773	0.072934	0.990783	0.114148	0.434925	-0.134593	0.890351	0.897508	-0.015291	-0.440733	
13628								2021	08	20	14	51	27.989	8.619585	0.105890	-4.064537	0.072216	0.991367	0.109440	0.446154	-0.130245	0.885428	0.892038	-0.015115	-0.451708	
13629								2021	08	20	14	51	28.006	8.691395	0.415122	-3.905065	0.072256	0.991796	0.105455	0.457324	-0.126907	0.880199	0.886360	-0.015372	-0.462742	
13630								2021	08	20	14	51	28.023	8.853583	0.615454	-4.286239	0.072448	0.992081	0.102596	0.468536	-0.124662	0.874605	0.880469	-0.015293	-0.473857	
13631								2021	08	20	14	51	28.039	8.698152	0.446993	-4.541019	0.072814	0.992260	0.100590	0.479971	-0.123274	0.868580	0.874258	-0.014965	-0.485232	
13632								2021	08	20	14	51	28.056	8.743437	0.051578	-4.546414	0.072951	0.992505	0.098037	0.491920	-0.121318	0.862147	0.867579	-0.014668	-0.497083	
13633								2021	08	20	14	51	28.073	9.290670	0.263148	-4.294950	0.073311	0.992852	0.094188	0.504230	-0.118382	0.855417	0.860452	-0.015219	-0.509304	
13634								2021	08	20	14	51	28.089	9.434455	0.223677	-4.394590	0.073741	0.993222	0.089850	0.516873	-0.115114	0.848287	0.852880	-0.016113	-0.521858	
13635								2021	08	20	14	51	28.106	9.323552	0.008464	-4.317488	0.074226	0.993638	0.084703	0.530103	-0.111257	0.840603	0.844678	-0.017493	-0.534988	
13636								2021	08	20	14	51	28.123	9.588285	-0.191230	-3.778098	0.075199	0.994033	0.079017	0.544016	-0.107307	0.832185	0.835698	-0.019593	-0.548839	
13637								2021	08	20	14	51	28.139	10.060526	-1.021877	-3.049349	0.076790	0.994277	0.074273	0.558615	-0.104606	0.822804	0.825865	-0.021693	-0.563451	
13638								2021	08	20	14	51	28.156	10.291097	-1.981499	-1.997672	0.078651	0.994498	0.069198	0.574326	-0.101939	0.812255	0.814839	-0.024143	-0.579184	
13639								2021	08	20	14	51	28.173	10.555127	-2.702286	-0.863497	0.080275	0.994859	0.061740	0.591295	-0.097393	0.800553	0.802450	-0.027758	-0.596073	
13640								2021	08	20	14	51	28.189	10.918738	-3.018265	-0.261886	0.081394	0.995322	0.052052	0.609510	-0.091029	0.787535	0.788589	-0.032374	-0.614068	
13641								2021	08	20	14	51	28.206	11.478399	-3.515447	-0.004591	0.081694	0.995817	0.040919	0.628867	-0.083355	0.773032	0.773209	-0.037420	-0.633046	
13642								2021	08	20	14	51	28.223	12.205103	-4.209898	0.186164	0.081018	0.996313	0.028228	0.648761	-0.074214	0.757365	0.756667	-0.043047	-0.652382	
13643								2021	08	20	14	51	28.239	13.182992	-4.414017	0.319287	0.079807	0.996725	0.013035	0.668330	-0.063205	0.741174	0.739571	-0.050439	-0.671186	
13644								2021	08	20	14	51	28.256	13.805401	-4.027076	-0.163959	0.078514	0.996907	-0.003481	0.688005	-0.051658	0.723865	0.721446	-0.059229	-0.689933	
13645								2021	08	20	14	51	28.273	13.807758	-2.377686	-1.413024	0.078363	0.996733	-0.019539	0.705186	-0.041566	0.707803	0.704679	-0.069245	-0.706139	
13646								2021	08	20	14	51	28.289	12.541899	-0.367816	-4.061596	0.078275	0.996278	-0.036090	0.719785	-0.031430	0.693486	0.689770	-0.080259	-0.719566	
13647								2021	08	20	14	51	28.306	10.617642	2.068868	-7.277704	0.077721	0.995542	-0.053438	0.734009	-0.020866	0.678819	0.674678	-0.091982	-0.732359	
13648								2021	08	20	14	51	28.323	9.316987	2.106709	-9.473990	0.075898	0.994852	-0.067156	0.748172	-0.012297	0.663391	0.659149	-0.100595	-0.745254	
13649								2021	08	20	14	51	28.339	10.155410	1.616227	-9.194696	0.072967	0.994686	-0.072639	0.761476	-0.008528	0.648137	0.644073	-0.102606	-0.758052	
13650								2021	08	20	14	51	28.356	11.909979	0.635223	-9.390782	0.071439	0.994821	-0.072299	0.767850	-0.008586	0.640572	0.636634	-0.101276	-0.764487	
13651								2021	08	20	14	51	28.373	10.511875	0.795662	-9.149872	0.075405	0.994860	-0.067584	0.762798	-0.013898	0.646488	0.642225	-0.100301	-0.759925	
13652								2021	08	20	14	51	28.389	7.911617	0.373078	-9.377796	0.082743	0.994698	-0.061064	0.748619	-0.021594	0.662649	0.657817	-0.100543	-0.746437	
13653								2021	08	20	14	51	28.406	6.294850	0.797499	-9.410438	0.090856	0.994294	-0.055901	0.728327	-0.028060	0.684655	0.679180	-0.102919	-0.726720	
13654								2021	08	20	14	51	28.423	5.548398	0.706242	-9.460209	0.099146	0.993897	-0.048369	0.703620	-0.035652	0.709681	0.703625	-0.104396	-0.702861	
13655								2021	08	20	14	51	28.439	4.890170	0.500421	-9.543125	0.107623	0.993461	-0.038109	0.674010	-0.044731	0.737367	0.730841	-0.105043	-0.674417	
13656								2021	08	20	14	51	28.456	4.112122	0.312950	-9.233212	0.115050	0.992972	-0.027752	0.639592	-0.052672	0.766908	0.760056	-0.105983	-0.641157	
13657								2021	08	20	14	51	28.473	3.923930	0.570025	-8.858854	0.122378	0.992389	-0.013669	0.600842	-0.063117	0.796872	0.789945	-0.105732	-0.603993	
13658								2021	08	20	14	51	28.489	3.983760	-1.158108	-8.616053	0.130004	0.991502	0.004851	0.558476	-0.077267	0.825914	0.819270	-0.104664	-0.563775	
13659								2021	08	20	14	51	28.506	5.037441	-1.509926	-7.865768	0.139038	0.990077	0.020404	0.511694	-0.089468	0.854497	0.847843	-0.108367	-0.519056	
13660								2021	08	20	14	51	28.523	5.633033	-1.013176	-7.411904	0.150448	0.987962	0.036004	0.459199	-0.102086	0.882448	0.875501	-0.116230	-0.469030	
13661								2021	08	20	14	51	28.539	6.241818	-1.035143	-7.007552	0.162681	0.985317	0.051829	0.401670	-0.114114	0.908647	0.901219	-0.127001	-0.414336	
13662								2021	08	20	14	51	28.556	6.565678	-0.379686	-7.029574	0.172320	0.982666	0.068358	0.340388	-0.124524	0.932003	0.924360	-0.137334	-0.355946	
13663								2021	08	20	14	51	28.573	6.595712	0.428709	-6.646164	0.179028	0.980012	0.086747	0.281133	-0.135453	0.950061	0.942822	-0.145700	-0.299764	
13664								2021	08	20	14	51	28.589	6.043903	-0.685190	-6.473838	0.183608	0.976645	0.111590	0.224647	-0.152205	0.962480	0.956986	-0.151650	-0.247347	
13665								2021	08	20	14	51	28.606	5.302297	-2.471518	-6.517845	0.186048	0.973268	0.134668	0.171233	-0.167081	0.970960	0.967505	-0.157585	-0.197741	
13666								2021	08	20	14	51	28.623	6.399246	-2.537918	-5.703959	0.186624	0.971066	0.149003	0.121288	-0.173281	0.977376	0.974916	-0.164329	-0.150117	
13667								2021	08	20	14	51	28.639	8.172606	-0.649223	-4.174335	0.186652	0.970203	0.154493	0.075273	-0.170917	0.982406	0.979538	-0.171739	-0.104932	
13668								2021	08	20	14	51	28.656	9.191303	0.783861	-2.953205	0.189037	0.968729	0.160712	0.031782	-0.169613	0.984998	0.981455	-0.181093	-0.062852	
13669								2021	08	20	14	51	28.673	7.929161	-0.009210	-1.550328	0.192964	0.965189	0.176566	-0.008063	-0.178382	0.983928	0.981173	-0.191286	-0.026639	
13670								2021	08	20	14	51	28.689	7.290128	-2.133343	-0.073513	0.196290	0.959935	0.199986	-0.040074	-0.195930	0.979799	0.979727	-0.200339	0.000009	
13671								2021	08	20	14	51	28.706	7.563476	-3.850963	0.995665	0.197966	0.955297	0.219582	-0.062628	-0.211231	0.975428	0.978206	-0.206853	0.018012	
13672								2021	08	20	14	51	28.723	7.373732	-3.604993	1.997958	0.196835	0.953695	0.227426	-0.074947	-0.216649	0.973368	0.977568	-0.208638	0.028833	
13673								2021	08	20	14	51	28.739	7.408117	-2.038690	2.269108	0.193883	0.954000	0.228677	-0.075483	-0.217902	0.973047	0.978116	-0.205918	0.029763	
13674								2021	08	20	14	51	28.756	7.110602	-1.754675	1.282532	0.190490	0.954350	0.230064	-0.064505	-0.221680	0.972983	0.979567	-0.200184	0.019333	
13675								2021	08	20	14	51	28.773	6.652514	-2.674484	-0.883125	0.183734	0.953356	0.239489	-0.038434	-0.236483	0.970875	0.982224	-0.187587	-0.006809	
13676								2021	08	20	14	51	28.789	11.790970	-3.122494	-3.636377	0.178284	0.952800	0.245737	-0.021070	-0.245985	0.969045	0.983753	-0.177943	-0.023779	
13677								2021	08	20	14	51	28.806	12.528789	-4.732128	0.269727	0.178054	0.952024	0.248891	-0.010958	-0.250998	0.967925	0.983960	-0.175071	-0.034259	
13678								2021	08	20	14	51	28.823	12.735258	-3.314936	0.156590	0.176620	0.952021	0.249917	0.005326	-0.254770	0.966842	0.984129	-0.169418	-0.050062	
13679								2021	08	20	14	51	28.839	12.941728	-1.897744	0.043454	0.175186	0.952018	0.250943	0.021609	-0.258541	0.965759	0.984298	-0.163765	-0.065865	
13680								2021	08	20	14	51	28.856	10.433449	-1.854834	-3.547239	0.169920	0.952360	0.253253	0.041688	-0.263707	0.963701	0.984576	-0.153194	-0.084512	
13681								2021	08	20	14	51	28.873	7.825229	-1.742335	-5.360743	0.166477	0.954015	0.249280	0.061852	-0.262414	0.962971	0.984103	-0.144894	-0.102694	
13682								2021	08	20	14	51	28.889	7.521683	-0.776137	-6.103624	0.164253	0.956585	0.240761	0.080594	-0.256274	0.963238	0.983120	-0.138811	-0.119189	
13683								2021	08	20	14	51	28.906	8.780454	0.335549	-6.620649	0.161278	0.959658	0.230316	0.096953	-0.247649	0.963987	0.982135	-0.133140	-0.132982	
13684								2021	08	20	14	51	28.923	8.846413	0.713088	-6.522510	0.157510	0.961988	0.223093	0.111661	-0.241813	0.963877	0.981184	-0.126910	-0.145505	
13685								2021	08	20	14	51	28.939	9.372482	0.506813	-5.316930	0.155291	0.963029	0.220137	0.125420	-0.240257	0.962573	0.979875	-0.121869	-0.158093	
13686								2021	08	20	14	51	28.956	10.008799	1.096003	-3.911409	0.154573	0.963121	0.220240	0.137181	-0.241682	0.960610	0.978411	-0.118271	-0.169479	
13687								2021	08	20	14	51	28.973	9.747119	0.390211	-3.504962	0.154454	0.961396	0.227733	0.147454	-0.250349	0.956861	0.976935	-0.114211	-0.180429	
13688								2021	08	20	14	51	28.989	9.422254	-0.982559	-3.076362	0.154408	0.958640	0.239096	0.157408	-0.262776	0.951930	0.975388	-0.109350	-0.191472	
13689								2021	08	20	14	51	29.006	9.644488	-1.265043	-2.857219	0.154385	0.956178	0.248774	0.166594	-0.273380	0.947370	0.973864	-0.104816	-0.201500	
13690								2021	08	20	14	51	29.023	9.606048	-1.006004	-2.779804	0.153783	0.954858	0.254159	0.175802	-0.279555	0.943898	0.972340	-0.100474	-0.210857	
13691								2021	08	20	14	51	29.039	9.473877	-0.284910	-2.468466	0.152953	0.954516	0.255939	0.185370	-0.282101	0.941306	0.970692	-0.096532	-0.220087	
13692								2021	08	20	14	51	29.056	9.733785	0.277456	-2.454488	0.152412	0.953975	0.258270	0.195101	-0.285222	0.938394	0.968869	-0.092633	-0.229593	
13693								2021	08	20	14	51	29.073	9.780261	-0.003621	-3.173366	0.151757	0.953118	0.261792	0.204813	-0.289434	0.935029	0.966965	-0.088279	-0.239135	
13694								2021	08	20	14	51	29.089	9.326757	-0.513115	-3.834050	0.150904	0.952685	0.263854	0.214121	-0.292074	0.932119	0.965081	-0.084164	-0.248065	
13695								2021	08	20	14	51	29.106	9.034380	-1.023441	-4.005260	0.150123	0.953052	0.262972	0.222733	-0.291751	0.930200	0.963251	-0.081072	-0.256074	
13696								2021	08	20	14	51	29.123	9.070206	-1.280280	-3.797560	0.149604	0.954040	0.259668	0.231201	-0.289097	0.928961	0.961335	-0.078941	-0.263825	
13697								2021	08	20	14	51	29.139	9.308657	-1.194337	-3.068397	0.149206	0.955598	0.254105	0.239985	-0.284295	0.928215	0.959242	-0.077513	-0.271748	
13698								2021	08	20	14	51	29.156	9.620048	-0.559076	-2.253690	0.148835	0.957469	0.247188	0.248556	-0.278170	0.927816	0.957115	-0.076651	-0.279386	
13699								2021	08	20	14	51	29.173	9.639609	-0.232015	-1.974203	0.147999	0.959151	0.241093	0.257110	-0.272710	0.927105	0.954982	-0.075223	-0.286968	
13700								2021	08	20	14	51	29.189	9.324037	-0.427539	-1.894849	0.147021	0.960593	0.235893	0.265729	-0.268075	0.926026	0.952771	-0.073461	-0.294670	
13701								2021	08	20	14	51	29.206	9.294693	-0.689207	-1.763315	0.146381	0.961511	0.232528	0.274585	-0.265317	0.924235	0.950356	-0.071441	-0.302853	
13702								2021	08	20	14	51	29.223	9.416498	-0.907814	-1.868198	0.145852	0.962043	0.230651	0.283819	-0.264034	0.921809	0.947720	-0.068984	-0.311556	
13703								2021	08	20	14	51	29.239	9.280771	-0.640053	-1.945362	0.145527	0.962404	0.229348	0.293431	-0.263371	0.918985	0.944839	-0.066440	-0.320727	
13704								2021	08	20	14	51	29.256	9.164384	-0.316982	-1.899028	0.145746	0.962462	0.228964	0.303255	-0.263756	0.915679	0.941698	-0.064022	-0.330313	
13705								2021	08	20	14	51	29.273	9.049678	-0.548048	-1.879750	0.146311	0.962104	0.230108	0.313502	-0.265717	0.911653	0.938248	-0.061245	-0.340498	
13706								2021	08	20	14	51	29.289	9.448727	-0.886278	-1.900836	0.146744	0.961912	0.230633	0.324412	-0.267061	0.907433	0.934464	-0.058341	-0.351245	
13707								2021	08	20	14	51	29.306	9.542847	-1.309926	-2.432375	0.147175	0.962300	0.228732	0.335748	-0.266124	0.903577	0.930383	-0.056188	-0.362257	
13708								2021	08	20	14	51	29.323	9.167533	-0.641250	-3.045683	0.147851	0.963363	0.223765	0.347492	-0.262428	0.900212	0.925953	-0.055341	-0.373561	
13709								2021	08	20	14	51	29.339	8.936084	-0.162727	-3.325542	0.148951	0.964195	0.219411	0.359642	-0.259514	0.896276	0.921125	-0.054592	-0.385419	
13710								2021	08	20	14	51	29.356	9.041520	-0.090021	-3.131844	0.150205	0.964735	0.216160	0.372383	-0.257745	0.891571	0.915844	-0.053425	-0.397965	
13711								2021	08	20	14	51	29.373	9.138694	-0.593938	-2.768864	0.151474	0.965179	0.213274	0.385787	-0.256378	0.886250	0.910068	-0.051965	-0.411188	
13712								2021	08	20	14	51	29.389	9.455626	-0.428353	-2.234265	0.153031	0.966109	0.207884	0.400029	-0.252917	0.880914	0.903636	-0.051647	-0.425175	
13713								2021	08	20	14	51	29.406	9.731345	-0.030686	-1.617482	0.155056	0.966945	0.202423	0.415163	-0.249709	0.874806	0.896436	-0.051606	-0.440158	
13714								2021	08	20	14	51	29.423	9.753276	0.364613	-0.815357	0.157541	0.967782	0.196413	0.431577	-0.246372	0.867780	0.888213	-0.051944	-0.456486	
13715								2021	08	20	14	51	29.439	9.518069	-0.263396	-0.026556	0.160642	0.968310	0.191232	0.449393	-0.244257	0.859293	0.878772	-0.052100	-0.474390	
13716								2021	08	20	14	51	29.456	9.767281	-0.434874	0.235806	0.164017	0.969389	0.182711	0.468941	-0.239574	0.850117	0.867867	-0.053753	-0.493880	
13717								2021	08	20	14	51	29.473	10.096388	-0.410316	0.425463	0.168657	0.970633	0.171539	0.489559	-0.233538	0.840114	0.855504	-0.057713	-0.514570	
13718								2021	08	20	14	51	29.489	10.512455	-1.837969	0.490358	0.172412	0.972354	0.157489	0.512234	-0.225069	0.828831	0.841363	-0.062229	-0.536877	
13719								2021	08	20	14	51	29.506	10.568479	-2.779650	-0.580715	0.175149	0.974476	0.140426	0.537310	-0.214127	0.815750	0.824998	-0.067425	-0.561100	
13720								2021	08	20	14	51	29.523	11.506838	-3.601095	-1.342529	0.177542	0.976738	0.120261	0.562777	-0.201017	0.801794	0.807317	-0.074672	-0.585375	
13721								2021	08	20	14	51	29.539	13.235835	-4.241851	-0.960956	0.179606	0.978736	0.099088	0.588414	-0.187604	0.786495	0.788360	-0.082954	-0.609596	
13722								2021	08	20	14	51	29.556	14.343062	-4.262789	-0.640656	0.181322	0.980330	0.077941	0.614834	-0.174861	0.769027	0.767529	-0.091521	-0.634447	
13723								2021	08	20	14	51	29.573	14.865028	-3.728672	-1.379902	0.184047	0.981096	0.059816	0.641011	-0.165938	0.749379	0.745138	-0.099578	-0.659434	
13724								2021	08	20	14	51	29.589	14.896882	-2.904562	-3.179595	0.185862	0.981669	0.042200	0.664159	-0.157166	0.730884	0.724118	-0.107817	-0.681196	
13725								2021	08	20	14	51	29.606	13.210981	-0.641388	-5.765692	0.184907	0.982501	0.022394	0.684339	-0.145081	0.714585	0.705329	-0.116807	-0.699190	
13726								2021	08	20	14	51	29.623	11.011151	0.575335	-9.370239	0.180254	0.983608	0.004912	0.703174	-0.132351	0.698591	0.687790	-0.122470	-0.715504	
13727								2021	08	20	14	51	29.639	8.420004	0.509786	-11.262097	0.172776	0.984872	-0.013244	0.721786	-0.117451	0.682078	0.670204	-0.127405	-0.731160	
13728								2021	08	20	14	51	29.656	9.361689	0.324746	-10.238457	0.163731	0.986096	-0.028391	0.738780	-0.103493	0.665953	0.653755	-0.130012	-0.745453	
13729								2021	08	20	14	51	29.673	10.517784	-0.134930	-9.276639	0.155322	0.987112	-0.038525	0.744991	-0.091436	0.660779	0.648740	-0.131335	-0.749591	
13730								2021	08	20	14	51	29.689	8.180439	-0.264398	-8.843815	0.151683	0.987669	-0.038764	0.740606	-0.087592	0.666206	0.654596	-0.129761	-0.744759	
13731								2021	08	20	14	51	29.706	6.211257	-1.051439	-9.023754	0.151667	0.987870	-0.033310	0.728417	-0.088927	0.679338	0.668136	-0.127297	-0.733069	
13732								2021	08	20	14	51	29.723	4.720845	-0.500868	-9.051623	0.152508	0.987914	-0.027684	0.710015	-0.090036	0.698406	0.687473	-0.126168	-0.715166	
13733								2021	08	20	14	51	29.739	4.315128	-0.048002	-8.963343	0.153363	0.987963	-0.020206	0.686606	-0.091833	0.721207	0.710670	-0.124480	-0.692425	
13734								2021	08	20	14	51	29.756	4.030806	-0.185875	-8.799525	0.154397	0.987940	-0.011639	0.658709	-0.094150	0.746484	0.736385	-0.122922	-0.665302	
13735								2021	08	20	14	51	29.773	3.413730	0.073769	-8.608874	0.155617	0.987816	-0.001713	0.625979	-0.097273	0.773749	0.764155	-0.121480	-0.633489	
13736								2021	08	20	14	51	29.789	2.966365	0.635213	-8.201156	0.157114	0.987479	0.014160	0.589834	-0.105326	0.800626	0.792093	-0.117438	-0.598996	
13737								2021	08	20	14	51	29.806	3.379303	-0.390002	-8.002876	0.158704	0.986581	0.038351	0.550564	-0.120675	0.826025	0.819568	-0.109978	-0.562328	
13738								2021	08	20	14	51	29.823	4.278459	-1.214559	-7.716696	0.162299	0.984640	0.064370	0.507639	-0.139258	0.850241	0.846145	-0.105317	-0.522444	
13739								2021	08	20	14	51	29.839	4.830344	-1.463180	-7.424075	0.168069	0.981716	0.089364	0.459217	-0.158188	0.874126	0.872280	-0.105876	-0.477407	
13740								2021	08	20	14	51	29.856	5.580005	-1.426499	-6.821646	0.174955	0.977860	0.114802	0.407293	-0.178037	0.895776	0.896383	-0.109963	-0.429424	
13741								2021	08	20	14	51	29.873	6.764531	-1.930844	-6.428372	0.180526	0.974116	0.136045	0.351104	-0.193027	0.916224	0.918769	-0.117636	-0.376863	
13742								2021	08	20	14	51	29.889	7.145510	-1.660733	-5.904680	0.183619	0.971355	0.150841	0.293362	-0.200606	0.934717	0.938202	-0.127381	-0.321794	
13743								2021	08	20	14	51	29.906	6.900842	-0.972136	-5.282690	0.183722	0.969562	0.161852	0.241951	-0.204193	0.948559	0.952736	-0.135111	-0.272102	
13744								2021	08	20	14	51	29.923	7.282130	-0.679380	-4.709352	0.182386	0.967377	0.175832	0.194583	-0.210808	0.957965	0.963781	-0.140506	-0.226683	
13745								2021	08	20	14	51	29.939	9.042195	-0.502506	-4.521472	0.180760	0.964597	0.192040	0.146845	-0.219536	0.964490	0.972503	-0.146141	-0.181330	
13746								2021	08	20	14	51	29.956	9.587795	-0.494534	-4.207842	0.179714	0.961102	0.209727	0.096670	-0.229420	0.968515	0.978957	-0.153782	-0.134140	
13747								2021	08	20	14	51	29.973	8.331034	-1.255344	-3.913689	0.179874	0.956289	0.230558	0.047281	-0.242514	0.968995	0.982553	-0.163396	-0.088836	
13748								2021	08	20	14	51	29.989	7.477410	-2.896525	-3.475334	0.180059	0.951162	0.250740	0.002956	-0.255428	0.966824	0.983651	-0.173344	-0.048803	
13749								2021	08	20	14	51	30.006	8.037369	-3.439807	-1.849819	0.179129	0.947501	0.264866	-0.034909	-0.262929	0.964183	0.983206	-0.181959	-0.014022	
13750								2021	08	20	14	51	30.023	8.451404	-4.257990	0.609331	0.177585	0.945227	0.273878	-0.066548	-0.266130	0.961637	0.981853	-0.188998	0.015642	
13751								2021	08	20	14	51	30.039	8.220780	-3.728242	3.408051	0.174982	0.945574	0.274356	-0.090565	-0.262016	0.960805	0.980398	-0.192971	0.039787	
13752								2021	08	20	14	51	30.056	7.825059	-2.130375	4.654915	0.172156	0.946350	0.273466	-0.103048	-0.258787	0.960422	0.979665	-0.193522	0.052968	
13753								2021	08	20	14	51	30.073	7.149947	-1.953612	2.738310	0.171070	0.945636	0.276600	-0.103501	-0.261937	0.959519	0.979808	-0.192773	0.053065	
13754								2021	08	20	14	51	30.089	6.543263	-2.210420	0.659165	0.170390	0.944102	0.282203	-0.092400	-0.269821	0.958467	0.981035	-0.189389	0.041261	
13755								2021	08	20	14	51	30.106	5.110143	-3.008398	-0.913568	0.165980	0.940363	0.296933	-0.061490	-0.290654	0.954850	0.984210	-0.176744	0.009580	
13756								2021	08	20	14	51	30.123	13.087473	-3.636363	-4.885442	0.159909	0.939072	0.304258	-0.041598	-0.301540	0.952546	0.986255	-0.164977	-0.009156	
13757								2021	08	20	14	51	30.139	12.975524	-4.499861	-1.005436	0.157593	0.940757	0.300236	-0.028577	-0.299563	0.953648	0.987091	-0.158868	-0.020325	
13758								2021	08	20	14	51	30.156	11.854208	-0.955152	-0.166101	0.153482	0.944867	0.289257	-0.011682	-0.290970	0.956661	0.988082	-0.150210	-0.033621	
13759								2021	08	20	14	51	30.173	12.433994	0.090605	-2.797122	0.149024	0.947626	0.282483	0.007390	-0.286732	0.957982	0.988806	-0.140674	-0.049733	
13760								2021	08	20	14	51	30.189	9.315927	-0.952219	-4.838815	0.144545	0.948683	0.281259	0.027083	-0.287931	0.957268	0.989128	-0.130751	-0.067312	
13761								2021	08	20	14	51	30.206	8.195051	-1.750684	-5.512964	0.142791	0.949356	0.279881	0.046156	-0.288859	0.956259	0.988676	-0.123627	-0.085064	
13762								2021	08	20	14	51	30.223	9.000925	-0.652524	-6.056035	0.142308	0.950855	0.274996	0.063050	-0.285967	0.956163	0.987812	-0.118731	-0.100647	
13763								2021	08	20	14	51	30.239	9.664019	0.638235	-6.378133	0.140983	0.953222	0.267378	0.077176	-0.279835	0.956941	0.986999	-0.114278	-0.113018	
13764								2021	08	20	14	51	30.256	8.589596	0.725005	-6.348145	0.138844	0.954540	0.263772	0.090393	-0.277455	0.956477	0.986180	-0.108958	-0.124807	
13765								2021	08	20	14	51	30.273	9.073482	0.077984	-5.248133	0.136997	0.954346	0.265435	0.103696	-0.280306	0.954293	0.985129	-0.103211	-0.137363	
13766								2021	08	20	14	51	30.289	9.813257	-0.469483	-4.480788	0.135103	0.953750	0.268530	0.116480	-0.284424	0.951596	0.983961	-0.097286	-0.149519	
13767								2021	08	20	14	51	30.306	9.928718	-0.311546	-3.110923	0.133291	0.953655	0.269771	0.128758	-0.286556	0.949372	0.982677	-0.091807	-0.160986	
13768								2021	08	20	14	51	30.323	9.760523	0.030665	-2.340441	0.131545	0.953449	0.271351	0.139939	-0.288849	0.947092	0.981383	-0.086612	-0.171421	
13769								2021	08	20	14	51	30.339	10.012943	0.318369	-1.664808	0.130156	0.952806	0.274261	0.150631	-0.292406	0.944357	0.979985	-0.081602	-0.181580	
13770								2021	08	20	14	51	30.356	9.865412	0.365419	-1.792726	0.129278	0.951668	0.278596	0.160038	-0.297295	0.941278	0.978609	-0.077101	-0.190737	
13771								2021	08	20	14	51	30.373	9.342854	0.116664	-2.067377	0.128410	0.950063	0.284414	0.169681	-0.303607	0.937566	0.977097	-0.072133	-0.200194	
13772								2021	08	20	14	51	30.389	9.557525	-0.587318	-1.978356	0.126963	0.948708	0.289539	0.180414	-0.309119	0.933754	0.975362	-0.066316	-0.210407	
13773								2021	08	20	14	51	30.406	9.897887	-0.615288	-1.995229	0.125228	0.948618	0.290590	0.190634	-0.310445	0.931280	0.973641	-0.061226	-0.219715	
