// Start Time: Unknown: 
// Update Rate: 100.0Hz 
// Filter Profile: human (46.1) 
// Firmware Version: 4.6.0
PacketCounter	SampleTimeFine	Year	Month	Day	Second	UTC_Nano	UTC_Year	UTC_Month	UTC_Day UTC_Hour	UTC_Minute	UTC_Second	UTC_Valid	Acc_X	Acc_Y	Acc_Z	Mat[1][1]	Mat[2][1]	Mat[3][1]	Mat[1][2]	Mat[2][2]	Mat[3][2]	Mat[1][3]	Mat[2][3]	Mat[3][3] 
4294														0.072642	9.790046	0.072946	0.886667	-0.003167	-0.462399	-0.462349	0.010072	-0.886641	0.007466	0.999944	0.007466	
4295														0.071815	9.814469	0.072573	0.877360	-0.002894	-0.479823	-0.479775	0.010036	-0.877334	0.007355	0.999945	0.007417	
4296														0.095478	9.814482	0.072203	0.882185	-0.003013	-0.470894	-0.470846	0.010026	-0.882159	0.007380	0.999945	0.007426	
4297														0.070163	9.814486	0.071828	0.882199	-0.002941	-0.470867	-0.470820	0.009936	-0.882173	0.007273	0.999946	0.007381	
5356														0.097780	9.805119	0.101306	0.882351	-0.004334	-0.470572	-0.470490	0.012706	-0.882314	0.009803	0.999910	0.009172	
5357														0.100478	9.778534	0.053468	0.882361	-0.004333	-0.470553	-0.470470	0.012723	-0.882324	0.009810	0.999910	0.009188	
5358														0.102817	9.732275	0.104200	0.882359	-0.004360	-0.470556	-0.470473	0.012720	-0.882322	0.009833	0.999910	0.009173	
5359														0.081122	9.974013	0.067441	0.882362	-0.004331	-0.470551	-0.470469	0.012757	-0.882324	0.009824	0.999909	0.009218	
5360														0.104640	9.705699	0.056062	0.882359	-0.004332	-0.470557	-0.470475	0.012739	-0.882321	0.009817	0.999909	0.009202	
5361														0.093784	9.805174	0.099681	0.882361	-0.004304	-0.470553	-0.470470	0.012775	-0.882323	0.009808	0.999909	0.009247	
5362														0.120082	9.781937	0.076623	0.882373	-0.004331	-0.470531	-0.470448	0.012739	-0.882336	0.009816	0.999909	0.009203	
5363														0.067306	9.804160	0.122563	0.882383	-0.004336	-0.470511	-0.470428	0.012777	-0.882346	0.009838	0.999909	0.009234	
5364														0.065846	9.826136	0.072295	0.882365	-0.004358	-0.470545	-0.470462	0.012786	-0.882327	0.009862	0.999909	0.009232	
5365														0.093094	9.780934	0.098976	0.882377	-0.004373	-0.470523	-0.470441	0.012743	-0.882340	0.009854	0.999909	0.009187	
5366														0.114403	9.807436	0.097792	0.882373	-0.004365	-0.470531	-0.470448	0.012773	-0.882335	0.009862	0.999909	0.009217	
5367														0.112132	9.830571	0.071901	0.882376	-0.004372	-0.470524	-0.470441	0.012776	-0.882339	0.009869	0.999909	0.009217	
5368														0.114998	9.783175	0.098271	0.882380	-0.004365	-0.470518	-0.470435	0.012773	-0.882342	0.009861	0.999909	0.009217	
5369														0.086238	9.828386	0.070537	0.882383	-0.004378	-0.470512	-0.470428	0.012797	-0.882345	0.009884	0.999909	0.009232	
5370														0.117855	9.734630	0.099832	0.882387	-0.004385	-0.470503	-0.470420	0.012767	-0.882350	0.009876	0.999909	0.009203	
5371														0.083182	9.830742	0.118401	0.882390	-0.004343	-0.470499	-0.470416	0.012796	-0.882352	0.009852	0.999909	0.009248	
5372														0.107014	9.831802	0.094357	0.882401	-0.004308	-0.470479	-0.470396	0.012778	-0.882363	0.009813	0.999909	0.009248	
5373														0.108222	9.807534	0.094985	0.882398	-0.004330	-0.470484	-0.470402	0.012754	-0.882360	0.009821	0.999909	0.009217	
5374														0.107474	9.807547	0.094460	0.882394	-0.004330	-0.470492	-0.470409	0.012770	-0.882356	0.009829	0.999909	0.009231	
5375														0.082345	9.805339	0.093379	0.882391	-0.004339	-0.470497	-0.470415	0.012739	-0.882353	0.009822	0.999909	0.009200	
5376														0.105903	9.807574	0.093484	0.882386	-0.004346	-0.470505	-0.470422	0.012776	-0.882349	0.009846	0.999909	0.009229	
5377														0.080921	9.805358	0.092628	0.882383	-0.004353	-0.470512	-0.470429	0.012779	-0.882345	0.009854	0.999909	0.009229	
5378														0.104324	9.807598	0.092665	0.882394	-0.004339	-0.470491	-0.470409	0.012756	-0.882356	0.009830	0.999909	0.009215	
5379														0.079114	9.805383	0.091518	0.882398	-0.004353	-0.470484	-0.470401	0.012746	-0.882361	0.009837	0.999909	0.009200	
5380														0.101211	9.830732	0.065796	0.882394	-0.004388	-0.470490	-0.470407	0.012729	-0.882358	0.009861	0.999909	0.009168	
5381														0.079893	9.781123	0.091562	0.882398	-0.004374	-0.470484	-0.470401	0.012739	-0.882361	0.009853	0.999909	0.009183	
5382														0.076708	9.805417	0.089960	0.882410	-0.004353	-0.470462	-0.470379	0.012728	-0.882373	0.009829	0.999910	0.009184	
5383														0.078013	9.781146	0.090677	0.882406	-0.004368	-0.470468	-0.470385	0.012717	-0.882370	0.009837	0.999910	0.009168	
5384														0.099437	9.807679	0.089475	0.882403	-0.004388	-0.470474	-0.470391	0.012728	-0.882366	0.009860	0.999909	0.009167	
5385														0.098688	9.807690	0.089024	0.882399	-0.004382	-0.470481	-0.470398	0.012723	-0.882363	0.009852	0.999909	0.009166	
5386														0.097032	9.808888	0.113038	0.882424	-0.004352	-0.470434	-0.470352	0.012727	-0.882387	0.009827	0.999910	0.009184	
5387														0.072570	9.805468	0.087732	0.882407	-0.004374	-0.470467	-0.470385	0.012737	-0.882370	0.009851	0.999909	0.009182	
5388														0.098866	9.782261	0.064707	0.882417	-0.004340	-0.470448	-0.470366	0.012719	-0.882380	0.009813	0.999910	0.009182	
5389														0.092856	9.832023	0.085998	0.882407	-0.004376	-0.470467	-0.470384	0.012702	-0.882370	0.009837	0.999910	0.009150	
5390														0.094253	9.807755	0.086716	0.882410	-0.004348	-0.470460	-0.470378	0.012704	-0.882374	0.009813	0.999910	0.009165	
5391														0.093276	9.807767	0.086341	0.882407	-0.004342	-0.470467	-0.470385	0.012699	-0.882370	0.009806	0.999910	0.009164	
5392														0.091778	9.808971	0.110190	0.882403	-0.004357	-0.470474	-0.470391	0.012689	-0.882367	0.009814	0.999910	0.009148	
5393														0.116685	9.808859	0.061402	0.882400	-0.004371	-0.470479	-0.470397	0.012679	-0.882364	0.009822	0.999910	0.009132	
5394														0.066733	9.805541	0.084123	0.882390	-0.004392	-0.470498	-0.470416	0.012689	-0.882354	0.009845	0.999910	0.009130	
5395														0.113910	9.811271	0.109179	0.882401	-0.004384	-0.470478	-0.470396	0.012685	-0.882364	0.009837	0.999910	0.009131	
5396														0.113605	9.810091	0.084437	0.882404	-0.004357	-0.470473	-0.470391	0.012687	-0.882367	0.009814	0.999910	0.009146	
5397														0.113662	9.788220	0.133916	0.882394	-0.004393	-0.470491	-0.470409	0.012671	-0.882357	0.009838	0.999910	0.009114	
5398														0.112035	9.810119	0.083311	0.882397	-0.004386	-0.470485	-0.470403	0.012667	-0.882361	0.009830	0.999910	0.009115	
5399														0.085546	9.810260	0.130978	0.882401	-0.004400	-0.470478	-0.470396	0.012658	-0.882365	0.009837	0.999910	0.009100	
5400														0.108890	9.833223	0.056647	0.882412	-0.004405	-0.470456	-0.470374	0.012662	-0.882376	0.009843	0.999910	0.009101	
5401														0.085399	9.807882	0.081267	0.882401	-0.004413	-0.470476	-0.470394	0.012664	-0.882366	0.009852	0.999910	0.009099	
5402														0.108876	9.810171	0.081383	0.882405	-0.004406	-0.470471	-0.470388	0.012661	-0.882369	0.009844	0.999910	0.009099	
5403														0.083819	9.807903	0.080377	0.882415	-0.004425	-0.470450	-0.470368	0.012672	-0.882380	0.009866	0.999910	0.009100	
5404														0.106603	9.811399	0.104956	0.882418	-0.004398	-0.470445	-0.470363	0.012675	-0.882382	0.009843	0.999910	0.009116	
5405														0.084338	9.783647	0.080827	0.882415	-0.004413	-0.470451	-0.470369	0.012664	-0.882379	0.009852	0.999910	0.009100	
5406														0.104265	9.812635	0.128360	0.882419	-0.004419	-0.470444	-0.470361	0.012668	-0.882383	0.009859	0.999910	0.009100	
5407														0.104808	9.810232	0.079239	0.882415	-0.004406	-0.470451	-0.470369	0.012677	-0.882379	0.009851	0.999910	0.009114	
5408														0.081864	9.783678	0.079636	0.882418	-0.004391	-0.470445	-0.470363	0.012687	-0.882382	0.009843	0.999910	0.009129	
5409														0.102390	9.811464	0.103091	0.882414	-0.004384	-0.470454	-0.470371	0.012716	-0.882377	0.009851	0.999910	0.009159	
5410														0.077185	9.809183	0.102149	0.882425	-0.004370	-0.470433	-0.470351	0.012692	-0.882388	0.009827	0.999910	0.009145	
5411														0.076897	9.807986	0.077104	0.882422	-0.004379	-0.470439	-0.470357	0.012661	-0.882385	0.009820	0.999910	0.009113	
5412														0.100521	9.810294	0.077157	0.882425	-0.004405	-0.470432	-0.470350	0.012693	-0.882389	0.009858	0.999910	0.009129	
5413														0.099765	9.810304	0.076864	0.882428	-0.004377	-0.470427	-0.470344	0.012695	-0.882392	0.009834	0.999910	0.009144	
5414														0.098859	9.810315	0.076644	0.882431	-0.004369	-0.470421	-0.470338	0.012725	-0.882395	0.009841	0.999909	0.009174	
5415														0.073733	9.808021	0.075771	0.882428	-0.004363	-0.470428	-0.470345	0.012721	-0.882391	0.009834	0.999910	0.009173	
5416														0.096435	9.811554	0.100275	0.882439	-0.004355	-0.470407	-0.470325	0.012717	-0.882402	0.009825	0.999910	0.009174	
5417														0.071384	9.809256	0.099327	0.882428	-0.004369	-0.470427	-0.470345	0.012741	-0.882391	0.009849	0.999909	0.009188	
5418														0.097975	9.786083	0.076510	0.882439	-0.004367	-0.470407	-0.470324	0.012758	-0.882402	0.009854	0.999909	0.009204	
5419														0.070641	9.808054	0.074367	0.882442	-0.004366	-0.470401	-0.470318	0.012774	-0.882405	0.009862	0.999909	0.009219	
5420														0.093566	9.811595	0.098947	0.882438	-0.004387	-0.470408	-0.470324	0.012786	-0.882401	0.009885	0.999909	0.009219	
5421														0.092735	9.811606	0.098653	0.882448	-0.004351	-0.470390	-0.470306	0.012802	-0.882410	0.009861	0.999909	0.009250	
5422														0.091752	9.811619	0.098286	0.882452	-0.004352	-0.470383	-0.470300	0.012784	-0.882414	0.009854	0.999909	0.009235	
5423														0.117359	9.789680	0.099772	0.882447	-0.004318	-0.470391	-0.470309	0.012799	-0.882409	0.009831	0.999909	0.009264	
5424														0.111106	9.839461	0.121277	0.882444	-0.004311	-0.470398	-0.470315	0.012795	-0.882406	0.009823	0.999909	0.009263	
5425														0.088672	9.811658	0.097154	0.882447	-0.004264	-0.470392	-0.470310	0.012769	-0.882409	0.009769	0.999909	0.009262	
5426														0.089916	9.787400	0.098062	0.882443	-0.004264	-0.470400	-0.470318	0.012786	-0.882405	0.009777	0.999909	0.009277	
5427														0.084490	9.835953	0.095273	0.882453	-0.004242	-0.470381	-0.470299	0.012809	-0.882414	0.009768	0.999909	0.009308	
5428														0.107650	9.838300	0.095484	0.882456	-0.004203	-0.470376	-0.470294	0.012770	-0.882417	0.009715	0.999910	0.009292	
5429														0.106292	9.838318	0.095107	0.882459	-0.004141	-0.470371	-0.470290	0.012770	-0.882419	0.009661	0.999910	0.009322	
5430														0.109696	9.789792	0.097458	0.882462	-0.004113	-0.470366	-0.470286	0.012772	-0.882422	0.009638	0.999910	0.009337	
5431														0.103877	9.838350	0.094503	0.882458	-0.004067	-0.470374	-0.470294	0.012746	-0.882418	0.009584	0.999910	0.009335	
5432														0.083488	9.786255	0.071589	0.882454	-0.004015	-0.470382	-0.470303	0.012699	-0.882414	0.009516	0.999911	0.009318	
5433														0.082772	9.785041	0.046686	0.882457	-0.003968	-0.470376	-0.470298	0.012673	-0.882417	0.009462	0.999912	0.009317	
5434														0.102764	9.812906	0.070052	0.882460	-0.003919	-0.470371	-0.470293	0.012681	-0.882419	0.009423	0.999912	0.009347	
5435														0.078886	9.787528	0.094679	0.882457	-0.003901	-0.470378	-0.470300	0.012635	-0.882416	0.009386	0.999913	0.009315	
5436														0.188987	9.897648	0.116353	0.882466	-0.003826	-0.470360	-0.470284	0.012628	-0.882425	0.009316	0.999913	0.009345	
5437														0.147645	9.797111	0.144502	0.882455	-0.003786	-0.470382	-0.470306	0.012622	-0.882413	0.009278	0.999913	0.009358	
5438														0.050477	9.785205	0.092872	0.882451	-0.003728	-0.470389	-0.470314	0.012554	-0.882410	0.009195	0.999914	0.009325	
5439														0.070152	9.813092	0.116000	0.882454	-0.003660	-0.470385	-0.470310	0.012534	-0.882412	0.009126	0.999915	0.009339	
5440														0.101309	9.740209	0.071281	0.882450	-0.003595	-0.470393	-0.470320	0.012480	-0.882408	0.009043	0.999916	0.009322	
5441														0.043571	9.809509	0.089974	0.882453	-0.003568	-0.470386	-0.470314	0.012448	-0.882412	0.009004	0.999916	0.009307	
5442														0.001543	9.730719	0.067948	0.882441	-0.003522	-0.470409	-0.470337	0.012456	-0.882399	0.008967	0.999916	0.009335	
5443														0.044541	9.784020	0.066055	0.882424	-0.003559	-0.470441	-0.470368	0.012438	-0.882383	0.008991	0.999916	0.009302	
5444														0.065734	9.810678	0.064889	0.882434	-0.003537	-0.470423	-0.470350	0.012462	-0.882392	0.008983	0.999916	0.009333	
5445														0.137845	9.817845	0.066441	0.882438	-0.003549	-0.470416	-0.470343	0.012486	-0.882395	0.009005	0.999916	0.009349	
5446														0.133943	9.843366	0.089219	0.882448	-0.003520	-0.470397	-0.470324	0.012489	-0.882405	0.008981	0.999916	0.009365	
5447														0.064807	9.787680	0.089541	0.882445	-0.003529	-0.470402	-0.470330	0.012458	-0.882403	0.008974	0.999916	0.009333	
5448														0.111770	9.793723	0.114501	0.882456	-0.003522	-0.470382	-0.470310	0.012454	-0.882413	0.008966	0.999916	0.009334	
5449														0.087221	9.790099	0.088944	0.882453	-0.003517	-0.470388	-0.470316	0.012415	-0.882411	0.008944	0.999917	0.009302	
5450														0.061958	9.787713	0.087903	0.882455	-0.003495	-0.470383	-0.470311	0.012439	-0.882413	0.008935	0.999917	0.009333	
5451														0.060490	9.788970	0.111828	0.882453	-0.003530	-0.470388	-0.470316	0.012422	-0.882411	0.008959	0.999917	0.009302	
5452														0.081809	9.815646	0.110518	0.882464	-0.003549	-0.470367	-0.470295	0.012434	-0.882422	0.008980	0.999916	0.009304	
5453														0.105417	9.818060	0.110670	0.882460	-0.003556	-0.470374	-0.470301	0.012437	-0.882418	0.008988	0.999916	0.009303	
5454														0.108398	9.791307	0.062800	0.882471	-0.003549	-0.470354	-0.470282	0.012434	-0.882429	0.008980	0.999916	0.009304	
5455														0.104400	9.816836	0.085341	0.882475	-0.003549	-0.470347	-0.470274	0.012417	-0.882433	0.008972	0.999917	0.009288	
5456														0.078490	9.815695	0.108518	0.882471	-0.003550	-0.470353	-0.470281	0.012399	-0.882430	0.008965	0.999917	0.009272	
5457														0.082138	9.787679	0.036267	0.882460	-0.003538	-0.470374	-0.470302	0.012408	-0.882418	0.008958	0.999917	0.009285	
5458														0.076614	9.815718	0.107759	0.882471	-0.003509	-0.470355	-0.470283	0.012410	-0.882428	0.008934	0.999917	0.009301	
5459														0.056339	9.764789	0.109359	0.882460	-0.003551	-0.470373	-0.470301	0.012414	-0.882419	0.008973	0.999917	0.009285	
5460														0.053437	9.789059	0.107511	0.882457	-0.003571	-0.470379	-0.470307	0.012425	-0.882415	0.008996	0.999916	0.009285	
5461														0.123235	9.820588	0.107607	0.882460	-0.003571	-0.470373	-0.470301	0.012442	-0.882419	0.009003	0.999916	0.009300	
5462														0.124942	9.796339	0.108637	0.882457	-0.003584	-0.470380	-0.470307	0.012465	-0.882415	0.009026	0.999916	0.009315	
5463														0.119416	9.844874	0.105609	0.882453	-0.003578	-0.470387	-0.470314	0.012461	-0.882411	0.009019	0.999916	0.009314	
5464														0.094955	9.841202	0.080110	0.882450	-0.003579	-0.470393	-0.470321	0.012444	-0.882408	0.009012	0.999916	0.009297	
5465														0.098766	9.792697	0.082163	0.882446	-0.003567	-0.470400	-0.470328	0.012419	-0.882404	0.008990	0.999917	0.009281	
5466														0.094449	9.818238	0.104597	0.882443	-0.003528	-0.470407	-0.470335	0.012378	-0.882401	0.008936	0.999917	0.009264	
5467														0.074638	9.766036	0.081691	0.882447	-0.003542	-0.470399	-0.470328	0.012368	-0.882405	0.008944	0.999917	0.009249	
5468														0.047136	9.787870	0.079229	0.882429	-0.003537	-0.470433	-0.470361	0.012363	-0.882387	0.008938	0.999917	0.009246	
5469														0.047990	9.764886	0.104553	0.882432	-0.003537	-0.470427	-0.470355	0.012380	-0.882390	0.008945	0.999917	0.009261	
5470														0.091651	9.817021	0.078417	0.882435	-0.003522	-0.470421	-0.470349	0.012389	-0.882394	0.008936	0.999917	0.009276	
5471														0.090016	9.818303	0.102417	0.882439	-0.003516	-0.470414	-0.470343	0.012385	-0.882397	0.008928	0.999917	0.009276	
5472														0.115881	9.796501	0.103908	0.882435	-0.003523	-0.470421	-0.470349	0.012389	-0.882393	0.008936	0.999917	0.009275	
5473														0.111837	9.822046	0.126566	0.882438	-0.003495	-0.470416	-0.470344	0.012391	-0.882396	0.008913	0.999917	0.009290	
5474														0.087380	9.818338	0.101295	0.882434	-0.003495	-0.470423	-0.470351	0.012407	-0.882392	0.008921	0.999917	0.009305	
5475														0.086478	9.818351	0.100846	0.882438	-0.003482	-0.470416	-0.470345	0.012383	-0.882396	0.008898	0.999917	0.009289	
5476														0.087183	9.795381	0.126181	0.882433	-0.003462	-0.470424	-0.470353	0.012405	-0.882391	0.008890	0.999917	0.009319	
5477														0.065153	9.767406	0.102177	0.882437	-0.003462	-0.470417	-0.470346	0.012388	-0.882395	0.008883	0.999917	0.009303	
5478														0.061906	9.791673	0.100317	0.882441	-0.003468	-0.470410	-0.470339	0.012392	-0.882399	0.008890	0.999917	0.009304	
5479														0.086170	9.792864	0.076109	0.882445	-0.003475	-0.470403	-0.470332	0.012395	-0.882403	0.008897	0.999917	0.009304	
5480														0.083807	9.815851	0.049874	0.882442	-0.003503	-0.470409	-0.470337	0.012392	-0.882400	0.008920	0.999917	0.009288	
5481														0.086439	9.769909	0.100782	0.882438	-0.003497	-0.470416	-0.470344	0.012388	-0.882396	0.008913	0.999917	0.009287	
5482														0.078991	9.841407	0.071918	0.882442	-0.003489	-0.470409	-0.470338	0.012384	-0.882400	0.008905	0.999917	0.009287	
5483														0.083171	9.792905	0.074250	0.882445	-0.003515	-0.470402	-0.470330	0.012416	-0.882403	0.008943	0.999917	0.009303	
5484														0.106553	9.795384	0.074553	0.882434	-0.003462	-0.470424	-0.470353	0.012402	-0.882391	0.008890	0.999917	0.009316	
5485														0.057099	9.790454	0.072879	0.882423	-0.003504	-0.470443	-0.470371	0.012406	-0.882381	0.008929	0.999917	0.009299	
5486														0.055764	9.791747	0.096651	0.882428	-0.003518	-0.470435	-0.470363	0.012396	-0.882386	0.008936	0.999917	0.009284	
5487														0.056788	9.768789	0.121780	0.882425	-0.003546	-0.470441	-0.470369	0.012394	-0.882383	0.008960	0.999917	0.009268	
5488														0.102387	9.798005	0.121192	0.882421	-0.003573	-0.470447	-0.470375	0.012425	-0.882379	0.008998	0.999916	0.009283	
5489														0.126882	9.799203	0.097133	0.882417	-0.003586	-0.470454	-0.470381	0.012449	-0.882376	0.009021	0.999916	0.009298	
5490														0.144783	9.851492	0.119023	0.882421	-0.003579	-0.470447	-0.470375	0.012445	-0.882379	0.009012	0.999916	0.009298	
5491														0.100871	9.796750	0.095784	0.882424	-0.003551	-0.470442	-0.470369	0.012447	-0.882382	0.008989	0.999916	0.009313	
5492														0.121057	9.824792	0.118958	0.882428	-0.003565	-0.470434	-0.470362	0.012437	-0.882386	0.008997	0.999916	0.009298	
5493														0.074044	9.795583	0.118651	0.882424	-0.003538	-0.470442	-0.470370	0.012439	-0.882382	0.008974	0.999916	0.009312	
5494														0.072033	9.817261	0.068171	0.882420	-0.003519	-0.470450	-0.470378	0.012427	-0.882378	0.008952	0.999917	0.009311	
5495														0.024958	9.788037	0.067855	0.882409	-0.003514	-0.470470	-0.470398	0.012423	-0.882367	0.008945	0.999917	0.009309	
5496														0.072622	9.793030	0.068543	0.882406	-0.003515	-0.470476	-0.470404	0.012405	-0.882364	0.008938	0.999917	0.009293	
5497														0.073588	9.770085	0.093752	0.882402	-0.003535	-0.470482	-0.470410	0.012415	-0.882360	0.008961	0.999917	0.009292	
5498														0.094579	9.796843	0.092629	0.882413	-0.003507	-0.470463	-0.470392	0.012418	-0.882370	0.008936	0.999917	0.009308	
5499														0.089569	9.844059	0.065016	0.882424	-0.003541	-0.470441	-0.470369	0.012403	-0.882383	0.008959	0.999917	0.009279	
5500														0.092994	9.796869	0.091530	0.882420	-0.003534	-0.470448	-0.470376	0.012399	-0.882379	0.008952	0.999917	0.009278	
5501														0.090377	9.819830	0.065342	0.882424	-0.003528	-0.470442	-0.470370	0.012395	-0.882382	0.008944	0.999917	0.009278	
5502														0.117186	9.776453	0.116991	0.882428	-0.003521	-0.470435	-0.470363	0.012391	-0.882386	0.008936	0.999917	0.009278	
5503														0.062791	9.819952	0.112569	0.882424	-0.003515	-0.470442	-0.470370	0.012386	-0.882382	0.008929	0.999917	0.009277	
5504														0.089393	9.796920	0.089661	0.882421	-0.003516	-0.470448	-0.470376	0.012368	-0.882379	0.008921	0.999917	0.009260	
5505														0.066693	9.770171	0.089825	0.882425	-0.003517	-0.470441	-0.470369	0.012351	-0.882383	0.008914	0.999918	0.009245	
5506														0.082716	9.845444	0.085711	0.882422	-0.003531	-0.470446	-0.470375	0.012341	-0.882380	0.008921	0.999918	0.009229	
5507														0.091878	9.748459	0.090779	0.882425	-0.003530	-0.470440	-0.470369	0.012358	-0.882383	0.008929	0.999917	0.009244	
5508														0.102998	9.872230	0.084205	0.882428	-0.003530	-0.470434	-0.470362	0.012374	-0.882387	0.008936	0.999917	0.009259	
5509														0.110440	9.798186	0.063686	0.882431	-0.003529	-0.470428	-0.470356	0.012391	-0.882390	0.008943	0.999917	0.009274	
5510														0.103132	9.849315	0.109360	0.882428	-0.003515	-0.470435	-0.470363	0.012400	-0.882386	0.008935	0.999917	0.009289	
5511														0.057674	9.817407	0.060472	0.882431	-0.003501	-0.470429	-0.470358	0.012409	-0.882389	0.008927	0.999917	0.009304	
5512														0.106225	9.800847	0.111444	0.882420	-0.003483	-0.470450	-0.470379	0.012397	-0.882378	0.008905	0.999917	0.009302	
5513														0.084153	9.772774	0.087239	0.882424	-0.003477	-0.470443	-0.470371	0.012359	-0.882382	0.008883	0.999918	0.009271	
5514														0.082505	9.774103	0.110926	0.882406	-0.003493	-0.470475	-0.470404	0.012348	-0.882365	0.008892	0.999918	0.009253	
5515														0.078422	9.799677	0.133538	0.882431	-0.003469	-0.470430	-0.470359	0.012373	-0.882389	0.008882	0.999917	0.009286	
5516														0.078277	9.798373	0.108727	0.882413	-0.003479	-0.470462	-0.470391	0.012341	-0.882372	0.008876	0.999918	0.009253	
5517														0.100527	9.822536	0.058614	0.882417	-0.003446	-0.470456	-0.470386	0.012322	-0.882375	0.008837	0.999918	0.009252	
5518														0.101979	9.798304	0.059554	0.882413	-0.003439	-0.470463	-0.470393	0.012317	-0.882371	0.008829	0.999918	0.009251	
5519														0.073539	9.821338	0.081384	0.882417	-0.003440	-0.470456	-0.470385	0.012300	-0.882375	0.008822	0.999918	0.009236	
5520														0.099342	9.799652	0.082803	0.882421	-0.003427	-0.470449	-0.470379	0.012275	-0.882379	0.008799	0.999919	0.009220	
5521														0.076603	9.772873	0.082983	0.882425	-0.003427	-0.470441	-0.470372	0.012258	-0.882383	0.008791	0.999919	0.009205	
5522														0.096776	9.801004	0.106128	0.882421	-0.003427	-0.470448	-0.470379	0.012274	-0.882379	0.008798	0.999919	0.009219	
5523														0.047329	9.795909	0.104583	0.882424	-0.003399	-0.470443	-0.470373	0.012277	-0.882382	0.008775	0.999919	0.009234	
5524														0.073367	9.774227	0.106303	0.882413	-0.003426	-0.470463	-0.470393	0.012307	-0.882371	0.008813	0.999918	0.009249	
5525														0.045136	9.797250	0.128276	0.882424	-0.003419	-0.470443	-0.470373	0.012304	-0.882382	0.008805	0.999918	0.009249	
5526														0.118654	9.802280	0.080972	0.882420	-0.003426	-0.470450	-0.470380	0.012308	-0.882378	0.008813	0.999918	0.009249	
5527														0.114618	9.827866	0.103411	0.882417	-0.003440	-0.470455	-0.470385	0.012297	-0.882375	0.008821	0.999918	0.009233	
5528														0.092891	9.799744	0.079293	0.882406	-0.003448	-0.470475	-0.470405	0.012300	-0.882365	0.008829	0.999918	0.009231	
5529														0.092144	9.799754	0.078912	0.882403	-0.003448	-0.470483	-0.470412	0.012316	-0.882361	0.008837	0.999918	0.009246	
5530														0.090473	9.801099	0.102834	0.882413	-0.003434	-0.470462	-0.470392	0.012292	-0.882372	0.008813	0.999919	0.009232	
5531														0.065224	9.798544	0.101689	0.882410	-0.003427	-0.470469	-0.470399	0.012288	-0.882368	0.008805	0.999919	0.009231	
5532														0.066929	9.774312	0.102723	0.882413	-0.003427	-0.470463	-0.470393	0.012305	-0.882371	0.008812	0.999918	0.009246	
5533														0.062722	9.799899	0.125310	0.882416	-0.003406	-0.470457	-0.470387	0.012294	-0.882375	0.008789	0.999919	0.009246	
5534														0.062592	9.798574	0.100496	0.882413	-0.003414	-0.470463	-0.470393	0.012297	-0.882371	0.008797	0.999919	0.009245	
5535														0.086188	9.801160	0.100673	0.882410	-0.003434	-0.470469	-0.470399	0.012307	-0.882368	0.008820	0.999918	0.009244	
5536														0.087059	9.798493	0.051493	0.882406	-0.003441	-0.470476	-0.470406	0.012310	-0.882364	0.008828	0.999918	0.009244	
5537														0.106566	9.828003	0.098918	0.882410	-0.003468	-0.470468	-0.470397	0.012308	-0.882369	0.008851	0.999918	0.009229	
5538														0.132621	9.806358	0.100594	0.882413	-0.003447	-0.470463	-0.470392	0.012330	-0.882371	0.008842	0.999918	0.009259	
5539														0.109996	9.779550	0.100933	0.882410	-0.003455	-0.470468	-0.470398	0.012299	-0.882369	0.008835	0.999918	0.009228	
5540														0.103309	9.829386	0.121933	0.882399	-0.003456	-0.470489	-0.470418	0.012315	-0.882358	0.008844	0.999918	0.009241	
5541														0.059743	9.774398	0.098916	0.882402	-0.003421	-0.470484	-0.470414	0.012330	-0.882360	0.008820	0.999918	0.009271	
5542														0.077928	9.825476	0.096487	0.882405	-0.003407	-0.470478	-0.470408	0.012340	-0.882363	0.008812	0.999918	0.009286	
5543														0.055382	9.798653	0.096906	0.882409	-0.003413	-0.470472	-0.470401	0.012344	-0.882366	0.008819	0.999918	0.009287	
5544														0.103088	9.803854	0.097725	0.882412	-0.003407	-0.470465	-0.470395	0.012340	-0.882370	0.008812	0.999918	0.009286	
5545														0.078073	9.801269	0.096568	0.882402	-0.003436	-0.470484	-0.470413	0.012337	-0.882360	0.008836	0.999918	0.009270	
5546														0.100736	9.805230	0.120967	0.882413	-0.003422	-0.470463	-0.470393	0.012312	-0.882371	0.008812	0.999918	0.009255	
5547														0.099540	9.825434	0.045921	0.882395	-0.003417	-0.470497	-0.470427	0.012307	-0.882353	0.008806	0.999918	0.009252	
5548														0.076087	9.799956	0.070544	0.882399	-0.003405	-0.470490	-0.470421	0.012283	-0.882357	0.008783	0.999919	0.009237	
5549														0.050766	9.797360	0.069468	0.882409	-0.003376	-0.470471	-0.470402	0.012285	-0.882367	0.008759	0.999919	0.009252	
5550														0.052360	9.773132	0.070446	0.882398	-0.003378	-0.470491	-0.470422	0.012267	-0.882357	0.008752	0.999919	0.009235	
5551														0.073312	9.799987	0.069121	0.882395	-0.003399	-0.470497	-0.470427	0.012277	-0.882353	0.008775	0.999919	0.009234	
5552														0.071074	9.802707	0.117399	0.882392	-0.003406	-0.470503	-0.470434	0.012280	-0.882350	0.008783	0.999919	0.009234	
5553														0.071966	9.800004	0.068221	0.882388	-0.003427	-0.470510	-0.470440	0.012291	-0.882347	0.008806	0.999919	0.009233	
5554														0.115596	9.832197	0.116347	0.882406	-0.003418	-0.470476	-0.470406	0.012288	-0.882364	0.008797	0.999919	0.009235	
5555														0.068655	9.802739	0.116148	0.882409	-0.003391	-0.470471	-0.470401	0.012290	-0.882367	0.008774	0.999919	0.009250	
5556														0.092728	9.804013	0.092046	0.882406	-0.003385	-0.470477	-0.470408	0.012285	-0.882364	0.008766	0.999919	0.009248	
5557														0.066787	9.802763	0.115161	0.882388	-0.003395	-0.470510	-0.470440	0.012253	-0.882347	0.008760	0.999919	0.009215	
5558														0.092743	9.781169	0.116628	0.882392	-0.003388	-0.470503	-0.470434	0.012248	-0.882350	0.008752	0.999919	0.009214	
5559														0.066566	9.800061	0.065377	0.882388	-0.003382	-0.470510	-0.470441	0.012244	-0.882347	0.008745	0.999919	0.009213	
5560														0.041476	9.797439	0.064367	0.882392	-0.003381	-0.470503	-0.470434	0.012261	-0.882350	0.008752	0.999919	0.009229	
5561														0.064125	9.801442	0.088994	0.882388	-0.003375	-0.470510	-0.470441	0.012257	-0.882346	0.008744	0.999919	0.009228	
5562														0.063441	9.801451	0.088487	0.882414	-0.003413	-0.470462	-0.470392	0.012263	-0.882372	0.008781	0.999919	0.009216	
5563														0.084573	9.828327	0.087327	0.882410	-0.003419	-0.470469	-0.470399	0.012301	-0.882368	0.008804	0.999919	0.009246	
5564														0.111544	9.805373	0.064678	0.882414	-0.003433	-0.470462	-0.470392	0.012291	-0.882372	0.008811	0.999919	0.009231	
5565														0.084147	9.806852	0.136689	0.882424	-0.003431	-0.470442	-0.470372	0.012308	-0.882382	0.008818	0.999918	0.009247	
5566														0.109161	9.806766	0.088241	0.882428	-0.003424	-0.470436	-0.470366	0.012305	-0.882386	0.008810	0.999918	0.009247	
5567														0.083998	9.804136	0.087151	0.882424	-0.003418	-0.470443	-0.470373	0.012300	-0.882382	0.008803	0.999919	0.009246	
5568														0.082376	9.805518	0.111140	0.882427	-0.003417	-0.470437	-0.470366	0.012317	-0.882385	0.008810	0.999918	0.009262	
5569														0.084953	9.779926	0.087850	0.882416	-0.003412	-0.470457	-0.470387	0.012313	-0.882374	0.008803	0.999918	0.009260	
5570														0.081519	9.804167	0.086027	0.882427	-0.003410	-0.470437	-0.470367	0.012330	-0.882385	0.008809	0.999918	0.009277	
5571														0.082502	9.781321	0.111473	0.882423	-0.003404	-0.470444	-0.470374	0.012326	-0.882381	0.008802	0.999918	0.009275	
5572														0.079789	9.804187	0.085354	0.882419	-0.003383	-0.470452	-0.470382	0.012348	-0.882376	0.008794	0.999918	0.009305	
5573														0.078243	9.805573	0.109265	0.882416	-0.003418	-0.470457	-0.470387	0.012331	-0.882374	0.008818	0.999918	0.009274	
5574														0.078284	9.804208	0.084390	0.882434	-0.003402	-0.470424	-0.470354	0.012342	-0.882391	0.008807	0.999918	0.009291	
5575														0.077448	9.804217	0.084031	0.882437	-0.003408	-0.470417	-0.470347	0.012345	-0.882395	0.008815	0.999918	0.009291	
5576														0.100075	9.808269	0.108601	0.882448	-0.003401	-0.470397	-0.470327	0.012341	-0.882406	0.008806	0.999918	0.009291	
5577														0.051453	9.801574	0.082500	0.882445	-0.003395	-0.470404	-0.470334	0.012337	-0.882402	0.008799	0.999918	0.009290	
5578														0.050702	9.801582	0.082053	0.882448	-0.003414	-0.470397	-0.470326	0.012348	-0.882406	0.008821	0.999918	0.009291	
5579														0.076830	9.780029	0.083724	0.882459	-0.003406	-0.470377	-0.470306	0.012345	-0.882417	0.008812	0.999918	0.009292	
5580														0.097486	9.806939	0.082537	0.882448	-0.003380	-0.470398	-0.470328	0.012346	-0.882405	0.008790	0.999918	0.009305	
5581														0.072405	9.804277	0.081505	0.882444	-0.003400	-0.470404	-0.470334	0.012356	-0.882402	0.008813	0.999918	0.009304	
5582														0.092550	9.832573	0.104606	0.882448	-0.003407	-0.470397	-0.470327	0.012360	-0.882406	0.008820	0.999918	0.009305	
5583														0.070976	9.804296	0.080542	0.882452	-0.003420	-0.470390	-0.470319	0.012350	-0.882410	0.008827	0.999918	0.009290	
5584														0.093676	9.808371	0.105033	0.882449	-0.003428	-0.470396	-0.470326	0.012353	-0.882406	0.008836	0.999918	0.009289	
5585														0.068518	9.805705	0.103858	0.882452	-0.003415	-0.470389	-0.470319	0.012329	-0.882410	0.008813	0.999918	0.009273	
5586														0.068345	9.804326	0.079125	0.882455	-0.003393	-0.470384	-0.470314	0.012352	-0.882413	0.008804	0.999918	0.009304	
5587														0.065826	9.807117	0.127397	0.882452	-0.003402	-0.470390	-0.470320	0.012320	-0.882410	0.008797	0.999918	0.009272	
5588														0.042286	9.801659	0.077428	0.882463	-0.003394	-0.470369	-0.470300	0.012317	-0.882421	0.008789	0.999918	0.009273	
5589														0.090048	9.807045	0.078288	0.882453	-0.003416	-0.470389	-0.470319	0.012327	-0.882410	0.008813	0.999918	0.009271	
5590														0.065195	9.804363	0.077181	0.882449	-0.003436	-0.470395	-0.470325	0.012337	-0.882407	0.008836	0.999918	0.009271	
5591														0.087889	9.808459	0.101748	0.882453	-0.003429	-0.470389	-0.470318	0.012333	-0.882411	0.008828	0.999918	0.009271	
5592														0.090599	9.782849	0.078492	0.882449	-0.003442	-0.470396	-0.470325	0.012357	-0.882407	0.008850	0.999918	0.009286	
5593														0.108876	9.834003	0.075817	0.882445	-0.003449	-0.470402	-0.470331	0.012360	-0.882403	0.008858	0.999918	0.009285	
5594														0.111739	9.788366	0.126888	0.882436	-0.003459	-0.470421	-0.470350	0.012328	-0.882394	0.008852	0.999918	0.009252	
5595														0.082013	9.832732	0.098233	0.882439	-0.003446	-0.470414	-0.470344	0.012304	-0.882398	0.008829	0.999918	0.009236	
5596														0.082872	9.809922	0.123708	0.882449	-0.003423	-0.470395	-0.470325	0.012327	-0.882407	0.008819	0.999918	0.009268	
5597														0.085598	9.784308	0.100454	0.882432	-0.003453	-0.470428	-0.470357	0.012323	-0.882390	0.008844	0.999918	0.009250	
5598														0.082194	9.808542	0.098435	0.882428	-0.003446	-0.470434	-0.470364	0.012319	-0.882387	0.008836	0.999918	0.009250	
5599														0.079442	9.831372	0.072215	0.882431	-0.003432	-0.470429	-0.470358	0.012328	-0.882389	0.008828	0.999918	0.009265	
5600														0.107386	9.787054	0.099756	0.882428	-0.003446	-0.470434	-0.470364	0.012318	-0.882387	0.008836	0.999918	0.009249	
5601														0.081197	9.805765	0.048299	0.882439	-0.003433	-0.470414	-0.470344	0.012294	-0.882398	0.008812	0.999919	0.009234	
5602														0.078806	9.808589	0.096576	0.882436	-0.003459	-0.470420	-0.470350	0.012325	-0.882394	0.008850	0.999918	0.009249	
5603														0.081552	9.782969	0.073251	0.882425	-0.003448	-0.470440	-0.470370	0.012299	-0.882384	0.008829	0.999918	0.009231	
5604														0.051202	9.828702	0.069159	0.882429	-0.003474	-0.470433	-0.470363	0.012331	-0.882387	0.008866	0.999918	0.009247	
5605														0.076626	9.808618	0.095382	0.882439	-0.003459	-0.470414	-0.470344	0.012341	-0.882397	0.008858	0.999918	0.009263	
5606														0.102728	9.787131	0.097091	0.882436	-0.003474	-0.470420	-0.470349	0.012331	-0.882394	0.008866	0.999918	0.009248	
5607														0.074302	9.810052	0.118698	0.882433	-0.003502	-0.470425	-0.470354	0.012328	-0.882391	0.008890	0.999918	0.009232	
5608														0.075269	9.807235	0.069533	0.882436	-0.003501	-0.470419	-0.470348	0.012345	-0.882395	0.008897	0.999918	0.009247	
5609														0.121373	9.815530	0.119131	0.882440	-0.003515	-0.470411	-0.470340	0.012335	-0.882399	0.008904	0.999918	0.009232	
5610														0.094514	9.835620	0.092006	0.882423	-0.003531	-0.470444	-0.470373	0.012324	-0.882382	0.008913	0.999918	0.009214	
5611														0.072123	9.808680	0.092466	0.882433	-0.003509	-0.470426	-0.470354	0.012347	-0.882391	0.008904	0.999918	0.009245	
5612														0.098911	9.785788	0.069894	0.882422	-0.003496	-0.470445	-0.470375	0.012321	-0.882381	0.008881	0.999918	0.009228	
5613														0.047647	9.803127	0.042107	0.882426	-0.003510	-0.470438	-0.470367	0.012312	-0.882385	0.008889	0.999918	0.009213	
5614														0.045172	9.805975	0.090226	0.882423	-0.003511	-0.470444	-0.470373	0.012294	-0.882382	0.008882	0.999918	0.009197	
5615														0.092850	9.811465	0.091098	0.882419	-0.003511	-0.470451	-0.470380	0.012310	-0.882378	0.008889	0.999918	0.009211	
5616														0.093972	9.788682	0.116511	0.882416	-0.003526	-0.470457	-0.470386	0.012300	-0.882375	0.008898	0.999918	0.009195	
5617														0.069724	9.784526	0.091043	0.882419	-0.003512	-0.470451	-0.470380	0.012310	-0.882378	0.008890	0.999918	0.009211	
5618														0.089691	9.812925	0.114040	0.882424	-0.003546	-0.470442	-0.470371	0.012294	-0.882383	0.008912	0.999918	0.009181	
5619														0.089917	9.811509	0.089237	0.882420	-0.003552	-0.470450	-0.470378	0.012331	-0.882379	0.008935	0.999918	0.009210	
5620														0.089089	9.811520	0.088864	0.882423	-0.003539	-0.470443	-0.470372	0.012306	-0.882383	0.008912	0.999918	0.009195	
5621														0.111610	9.815715	0.113358	0.882413	-0.003547	-0.470463	-0.470392	0.012309	-0.882372	0.008920	0.999918	0.009193	
5622														0.064998	9.786004	0.113014	0.882417	-0.003547	-0.470455	-0.470384	0.012292	-0.882376	0.008912	0.999918	0.009178	
5623														0.087298	9.810127	0.062925	0.882413	-0.003541	-0.470462	-0.470391	0.012287	-0.882372	0.008905	0.999918	0.009177	
5624														0.088352	9.787353	0.088426	0.882416	-0.003540	-0.470456	-0.470385	0.012305	-0.882375	0.008912	0.999918	0.009193	
5625														0.059723	9.810250	0.110237	0.882427	-0.003532	-0.470436	-0.470365	0.012301	-0.882386	0.008904	0.999918	0.009193	
5626														0.083069	9.813024	0.110454	0.882416	-0.003527	-0.470457	-0.470386	0.012296	-0.882375	0.008897	0.999918	0.009192	
5627														0.085876	9.787387	0.087159	0.882413	-0.003547	-0.470463	-0.470392	0.012307	-0.882372	0.008920	0.999918	0.009191	
5628														0.082480	9.811611	0.085120	0.882417	-0.003561	-0.470455	-0.470384	0.012297	-0.882376	0.008927	0.999918	0.009177	
5629														0.078846	9.835837	0.083163	0.882434	-0.003532	-0.470423	-0.470352	0.012300	-0.882393	0.008903	0.999918	0.009193	
5630														0.083309	9.787421	0.085771	0.882438	-0.003531	-0.470415	-0.470345	0.012283	-0.882397	0.008894	0.999918	0.009178	
5631														0.081574	9.788873	0.109531	0.882435	-0.003533	-0.470421	-0.470351	0.012265	-0.882394	0.008887	0.999919	0.009161	
5632														0.054611	9.808882	0.082455	0.882439	-0.003539	-0.470414	-0.470344	0.012268	-0.882398	0.008894	0.999918	0.009161	
5633														0.102348	9.814446	0.083355	0.882442	-0.003545	-0.470407	-0.470337	0.012271	-0.882402	0.008901	0.999918	0.009161	
5634														0.077272	9.811678	0.082240	0.882446	-0.003539	-0.470401	-0.470330	0.012267	-0.882405	0.008893	0.999918	0.009161	
5635														0.075600	9.813131	0.106228	0.882449	-0.003538	-0.470395	-0.470324	0.012284	-0.882409	0.008900	0.999918	0.009176	
5636														0.102748	9.790270	0.083554	0.882447	-0.003573	-0.470399	-0.470328	0.012268	-0.882406	0.008923	0.999918	0.009145	
5637														0.098339	9.815940	0.105862	0.882457	-0.003544	-0.470380	-0.470309	0.012270	-0.882416	0.008899	0.999918	0.009161	
5638														0.052449	9.784719	0.081324	0.882460	-0.003537	-0.470374	-0.470303	0.012266	-0.882420	0.008891	0.999919	0.009161	
5639														0.100114	9.790308	0.082226	0.882457	-0.003545	-0.470380	-0.470309	0.012269	-0.882416	0.008899	0.999918	0.009160	
5640														0.072301	9.811738	0.079564	0.882453	-0.003538	-0.470387	-0.470316	0.012265	-0.882413	0.008891	0.999919	0.009159	
5641														0.074305	9.787537	0.080713	0.882435	-0.003553	-0.470421	-0.470350	0.012288	-0.882395	0.008915	0.999918	0.009172	
5642														0.094202	9.816002	0.103836	0.882453	-0.003544	-0.470387	-0.470316	0.012285	-0.882412	0.008906	0.999918	0.009174	
5643														0.072719	9.787555	0.079983	0.882456	-0.003543	-0.470381	-0.470310	0.012301	-0.882415	0.008913	0.999918	0.009189	
5644														0.092614	9.816026	0.103025	0.882446	-0.003558	-0.470400	-0.470329	0.012290	-0.882406	0.008921	0.999918	0.009172	
5645														0.070302	9.789027	0.103436	0.882449	-0.003544	-0.470395	-0.470323	0.012300	-0.882408	0.008913	0.999918	0.009187	
5646														0.114279	9.820309	0.127305	0.882445	-0.003530	-0.470402	-0.470331	0.012309	-0.882404	0.008906	0.999918	0.009202	
5647														0.089981	9.816062	0.101897	0.882448	-0.003524	-0.470396	-0.470325	0.012306	-0.882408	0.008898	0.999918	0.009202	
5648														0.116855	9.793221	0.079317	0.882452	-0.003503	-0.470390	-0.470319	0.012294	-0.882411	0.008874	0.999918	0.009202	
5649														0.088865	9.814633	0.076584	0.882470	-0.003502	-0.470355	-0.470285	0.012278	-0.882429	0.008865	0.999918	0.009188	
5650														0.063090	9.813289	0.099674	0.882467	-0.003542	-0.470360	-0.470289	0.012283	-0.882427	0.008903	0.999918	0.009174	
5651														0.086658	9.816113	0.099829	0.882464	-0.003536	-0.470367	-0.470296	0.012279	-0.882423	0.008896	0.999918	0.009172	
5652														0.088449	9.791919	0.101002	0.882467	-0.003508	-0.470362	-0.470291	0.012281	-0.882426	0.008872	0.999918	0.009188	
5653														0.087549	9.791932	0.100553	0.882464	-0.003523	-0.470368	-0.470297	0.012271	-0.882423	0.008880	0.999919	0.009172	
