// Start Time: Unknown: 
// Update Rate: 60.0Hz 
// Filter Profile: human (46.1) 
// Firmware Version: 4.6.0
// Option Flags: AHS Disabled ICC Disabled 
PacketCounter	SampleTimeFine	Year	Month	Day	Second	UTC_Nano	UTC_Year	UTC_Month	UTC_Day	UTC_Hour	UTC_Minute	UTC_Second	UTC_Valid	Acc_X	Acc_Y	Acc_Z	Mat[1][1]	Mat[2][1]	Mat[3][1]	Mat[1][2]	Mat[2][2]	Mat[3][2]	Mat[1][3]	Mat[2][3]	Mat[3][3] 
13512								2021	08	20	14	51	26.03	9.737919	-0.569083	0.843340	0.046531	0.988533	0.143659	-0.090339	-0.139061	0.986155	0.994823	-0.058864	0.082833	
13513								2021	08	20	14	51	26.047	9.789530	-0.635521	0.797466	0.046317	0.988489	0.144027	-0.090659	-0.139428	0.986073	0.994804	-0.058730	0.083157	
13514								2021	08	20	14	51	26.063	9.763784	-0.597111	0.831812	0.046096	0.988465	0.144265	-0.090957	-0.139666	0.986012	0.994787	-0.058573	0.083470	
13515								2021	08	20	14	51	26.08	9.763230	-0.601206	0.853897	0.045829	0.988458	0.144397	-0.090985	-0.139818	0.985988	0.994797	-0.058325	0.083527	
13516								2021	08	20	14	51	26.097	9.719346	-0.599672	0.907620	0.045655	0.988410	0.144777	-0.090951	-0.140214	0.985935	0.994808	-0.058181	0.083495	
13517								2021	08	20	14	51	26.113	9.691222	-0.587914	0.953867	0.045654	0.988357	0.145141	-0.091027	-0.140573	0.985877	0.994801	-0.058221	0.083549	
13518								2021	08	20	14	51	26.13	9.660419	-0.600392	0.928896	0.045702	0.988291	0.145577	-0.090999	-0.141005	0.985818	0.994802	-0.058302	0.083489	
13519								2021	08	20	14	51	26.147	9.702703	-0.619310	0.936807	0.045809	0.988204	0.146130	-0.091192	-0.141535	0.985724	0.994779	-0.058481	0.083632	
13520								2021	08	20	14	51	26.163	9.744065	-0.648468	1.019523	0.045935	0.988055	0.147097	-0.091637	-0.142464	0.985549	0.994732	-0.058751	0.083998	
13521								2021	08	20	14	51	26.18	9.787708	-0.646546	0.952159	0.046011	0.987983	0.147554	-0.092361	-0.142870	0.985423	0.994662	-0.058969	0.084677	
13522								2021	08	20	14	51	26.197	9.803246	-0.632882	0.931065	0.046161	0.987846	0.148425	-0.092945	-0.143692	0.985248	0.994601	-0.059275	0.085182	
13523								2021	08	20	14	51	26.213	9.773415	-0.633317	0.936009	0.046321	0.987712	0.149262	-0.093410	-0.144485	0.985088	0.994550	-0.059573	0.085570	
13524								2021	08	20	14	51	26.23	9.734522	-0.582274	1.027903	0.046530	0.987590	0.150004	-0.093541	-0.145199	0.984971	0.994528	-0.059862	0.085624	
13525								2021	08	20	14	51	26.247	9.769255	-0.531675	1.132172	0.046719	0.987462	0.150783	-0.093971	-0.145933	0.984821	0.994478	-0.060179	0.085975	
13526								2021	08	20	14	51	26.263	9.578452	-0.514603	0.752093	0.046807	0.987416	0.151057	-0.094952	-0.146140	0.984697	0.994381	-0.060434	0.086917	
13527								2021	08	20	14	51	26.28	9.422762	-0.459811	0.790701	0.047431	0.987485	0.150409	-0.092765	-0.145573	0.984989	0.994558	-0.060672	0.084700	
13528								2021	08	20	14	51	26.297	9.835007	-0.374150	1.530453	0.048221	0.987608	0.149350	-0.089471	-0.144652	0.985429	0.994821	-0.060880	0.081387	
13529								2021	08	20	14	51	26.313	10.052089	-0.415054	1.345495	0.048265	0.987595	0.149424	-0.091277	-0.144611	0.985270	0.994655	-0.061193	0.083165	
13530								2021	08	20	14	51	26.33	9.633215	-0.573887	0.723064	0.048331	0.987564	0.149607	-0.093964	-0.144622	0.985015	0.994402	-0.061664	0.085806	
13531								2021	08	20	14	51	26.347	9.599207	-0.614793	0.717897	0.048976	0.987786	0.147920	-0.092492	-0.142976	0.985395	0.994508	-0.061942	0.084360	
13532								2021	08	20	14	51	26.363	9.914708	-0.454614	1.311519	0.049855	0.988009	0.146125	-0.090088	-0.141262	0.985865	0.994685	-0.062315	0.081965	
13533								2021	08	20	14	51	26.38	9.983717	-0.228826	1.306322	0.050366	0.988155	0.144962	-0.091356	-0.139979	0.985931	0.994544	-0.062901	0.083223	
13534								2021	08	20	14	51	26.397	9.702068	-0.080099	0.984960	0.050987	0.988283	0.143865	-0.094005	-0.138664	0.985868	0.994265	-0.063791	0.085833	
13535								2021	08	20	14	51	26.413	9.560570	-0.019489	0.714251	0.052440	0.988490	0.141904	-0.094595	-0.136544	0.986107	0.994134	-0.065135	0.086346	
13536								2021	08	20	14	51	26.43	9.553210	0.026948	0.842207	0.054534	0.988628	0.140148	-0.093151	-0.134707	0.986497	0.994157	-0.066852	0.084746	
13537								2021	08	20	14	51	26.447	9.662299	-0.089356	1.026414	0.056814	0.988764	0.138268	-0.091452	-0.132756	0.986921	0.994187	-0.068716	0.082882	
13538								2021	08	20	14	51	26.463	9.634923	-0.093991	0.978235	0.058888	0.988834	0.136889	-0.091910	-0.131174	0.987090	0.994025	-0.070709	0.083159	
13539								2021	08	20	14	51	26.48	9.572485	-0.132608	0.794940	0.061142	0.988906	0.135378	-0.093051	-0.129394	0.987218	0.993782	-0.072958	0.084107	
13540								2021	08	20	14	51	26.497	9.617685	-0.267870	0.877708	0.063713	0.989061	0.133039	-0.093250	-0.126827	0.987532	0.993602	-0.075325	0.084150	
13541								2021	08	20	14	51	26.513	9.809728	-0.519996	0.679893	0.066087	0.989221	0.130672	-0.094647	-0.124153	0.987739	0.993315	-0.077644	0.085422	
13542								2021	08	20	14	51	26.53	9.871771	-0.619421	0.667053	0.068328	0.989311	0.128821	-0.096685	-0.121948	0.987816	0.992967	-0.079951	0.087319	
13543								2021	08	20	14	51	26.547	9.971865	-0.648427	0.695108	0.070602	0.989265	0.127946	-0.098092	-0.120759	0.987824	0.992670	-0.082292	0.088513	
13544								2021	08	20	14	51	26.563	9.920857	-0.814046	0.866094	0.072622	0.988992	0.128920	-0.100395	-0.121356	0.987519	0.992294	-0.084658	0.090476	
13545								2021	08	20	14	51	26.58	9.845673	-0.926909	1.060451	0.074496	0.988817	0.129191	-0.102024	-0.121314	0.987357	0.991989	-0.086735	0.091845	
13546								2021	08	20	14	51	26.597	9.853118	-1.081732	1.139291	0.075884	0.988753	0.128877	-0.104169	-0.120681	0.987211	0.991661	-0.088338	0.093839	
13547								2021	08	20	14	51	26.613	9.773732	-1.222358	1.022928	0.076705	0.988760	0.128338	-0.107426	-0.119772	0.986972	0.991250	-0.089492	0.097032	
13548								2021	08	20	14	51	26.63	9.642772	-1.304033	0.932915	0.077329	0.988821	0.127492	-0.110291	-0.118606	0.986797	0.990887	-0.090369	0.099886	
13549								2021	08	20	14	51	26.647	9.521872	-1.412975	0.986712	0.078072	0.988951	0.126018	-0.111546	-0.116945	0.986854	0.990688	-0.091103	0.101184	
13550								2021	08	20	14	51	26.663	9.497222	-1.653499	1.370925	0.078876	0.989137	0.124041	-0.111111	-0.114930	0.987140	0.990673	-0.091644	0.100839	
13551								2021	08	20	14	51	26.68	9.561996	-1.992165	1.804527	0.079588	0.989352	0.121853	-0.111012	-0.112684	0.987410	0.990627	-0.092113	0.100862	
13552								2021	08	20	14	51	26.697	9.559624	-2.315888	1.721229	0.080291	0.989593	0.119412	-0.113596	-0.109934	0.987426	0.990277	-0.092846	0.103587	
13553								2021	08	20	14	51	26.713	9.329722	-2.299127	1.173891	0.081508	0.989915	0.115862	-0.116922	-0.105949	0.987474	0.989791	-0.094034	0.107108	
13554								2021	08	20	14	51	26.73	9.174796	-1.948292	0.901259	0.083367	0.990442	0.109888	-0.116509	-0.099828	0.988160	0.989685	-0.095182	0.107073	
13555								2021	08	20	14	51	26.747	9.304643	-1.635879	1.125827	0.085526	0.990988	0.103093	-0.111232	-0.093329	0.989402	0.990107	-0.096087	0.102247	
13556								2021	08	20	14	51	26.763	9.644025	-1.624347	1.601478	0.087050	0.991547	0.096212	-0.105362	-0.086873	0.990632	0.990617	-0.096371	0.096909	
13557								2021	08	20	14	51	26.78	9.819684	-1.649637	1.838790	0.087421	0.992144	0.089490	-0.103258	-0.080325	0.991406	0.990805	-0.095911	0.095425	
13558								2021	08	20	14	51	26.797	9.708015	-1.701179	1.856075	0.087442	0.992720	0.082828	-0.103857	-0.073609	0.991865	0.990741	-0.095333	0.096664	
13559								2021	08	20	14	51	26.813	9.571383	-1.756950	1.313492	0.087465	0.993345	0.074931	-0.104096	-0.065694	0.992395	0.990714	-0.094600	0.097657	
13560								2021	08	20	14	51	26.83	9.447698	-1.507267	1.113419	0.087701	0.994021	0.065050	-0.101083	-0.056084	0.993296	0.991005	-0.093689	0.095560	
13561								2021	08	20	14	51	26.847	9.545060	-1.248826	1.503647	0.087944	0.994633	0.054500	-0.093192	-0.046256	0.994573	0.991757	-0.092546	0.088624	
13562								2021	08	20	14	51	26.863	10.031480	-1.124275	2.292944	0.088078	0.995090	0.045148	-0.083592	-0.037781	0.995784	0.992600	-0.091480	0.079854	
13563								2021	08	20	14	51	26.88	10.281740	-0.996071	2.257038	0.086993	0.995525	0.036896	-0.082008	-0.029754	0.996187	0.992828	-0.089688	0.079052	
13564								2021	08	20	14	51	26.897	9.569805	-1.064372	1.735978	0.085543	0.995857	0.030856	-0.086772	-0.023406	0.995953	0.992549	-0.087875	0.084410	
13565								2021	08	20	14	51	26.913	8.941652	-1.274946	1.390174	0.084253	0.996128	0.025123	-0.089071	-0.017582	0.995870	0.992456	-0.086142	0.087244	
13566								2021	08	20	14	51	26.93	9.008118	-1.222932	1.396451	0.083078	0.996370	0.018561	-0.085054	-0.011469	0.996310	0.992907	-0.084350	0.083792	
13567								2021	08	20	14	51	26.947	9.412779	-1.011084	1.561151	0.081671	0.996588	0.011932	-0.079325	-0.005434	0.996834	0.993498	-0.082359	0.078610	
13568								2021	08	20	14	51	26.963	9.448337	-1.005917	1.629098	0.080099	0.996762	0.007070	-0.076632	-0.000914	0.997059	0.993837	-0.080405	0.076311	
13569								2021	08	20	14	51	26.98	9.198158	-1.114158	1.426781	0.078520	0.996909	0.002558	-0.075230	0.003367	0.997161	0.994070	-0.078490	0.075262	
13570								2021	08	20	14	51	26.997	9.175797	-1.078448	1.400129	0.076981	0.997031	-0.001542	-0.071881	0.007092	0.997388	0.994438	-0.076669	0.072213	
13571								2021	08	20	14	51	27.013	9.413778	-1.004516	1.541076	0.075184	0.997154	-0.005681	-0.067106	0.010744	0.997688	0.994909	-0.074629	0.067723	
13572								2021	08	20	14	51	27.03	9.824390	-0.868929	1.724026	0.072728	0.997304	-0.009812	-0.063007	0.014413	0.997909	0.995360	-0.071958	0.063885	
13573								2021	08	20	14	51	27.047	10.015694	-0.799515	1.816045	0.069348	0.997518	-0.012165	-0.061402	0.016439	0.997978	0.995701	-0.068461	0.062390	
13574								2021	08	20	14	51	27.063	9.969614	-0.914652	1.754030	0.065263	0.997774	-0.013688	-0.062235	0.017760	0.997903	0.995925	-0.064274	0.063256	
13575								2021	08	20	14	51	27.08	9.735068	-1.097002	1.596013	0.061048	0.998027	-0.014656	-0.063774	0.018553	0.997792	0.996095	-0.059978	0.064781	
13576								2021	08	20	14	51	27.097	9.531674	-1.164624	1.469503	0.057271	0.998242	-0.015271	-0.064246	0.018950	0.997754	0.996289	-0.056161	0.065218	
13577								2021	08	20	14	51	27.113	9.565298	-1.018031	1.560406	0.054094	0.998408	-0.015969	-0.062941	0.019370	0.997829	0.996550	-0.052972	0.063889	
13578								2021	08	20	14	51	27.13	9.735800	-0.849452	1.741173	0.051269	0.998560	-0.015822	-0.062259	0.019008	0.997879	0.996742	-0.050175	0.063144	
13579								2021	08	20	14	51	27.147	9.747202	-0.871721	1.783375	0.048755	0.998710	-0.014182	-0.064456	0.017315	0.997770	0.996729	-0.047732	0.065217	
13580								2021	08	20	14	51	27.163	9.522749	-0.974616	1.629706	0.046204	0.998864	-0.011667	-0.068160	0.014805	0.997565	0.996604	-0.045297	0.068766	
13581								2021	08	20	14	51	27.18	9.483282	-1.013806	1.480720	0.043534	0.999006	-0.009578	-0.070127	0.012620	0.997458	0.996588	-0.042752	0.070607	
13582								2021	08	20	14	51	27.197	9.826463	-0.952247	1.407633	0.040670	0.999139	-0.008225	-0.069795	0.011052	0.997500	0.996732	-0.039994	0.070185	
13583								2021	08	20	14	51	27.213	10.351004	-0.860078	1.321061	0.037418	0.999266	-0.008238	-0.068334	0.010783	0.997604	0.996961	-0.036765	0.068688	
13584								2021	08	20	14	51	27.23	10.648056	-0.695708	1.406229	0.033819	0.999392	-0.008506	-0.067626	0.010780	0.997653	0.997137	-0.033164	0.067949	
13585								2021	08	20	14	51	27.247	10.807468	-0.673417	1.168082	0.029940	0.999510	-0.009184	-0.069234	0.011239	0.997537	0.997151	-0.029230	0.069537	
13586								2021	08	20	14	51	27.263	10.912217	-0.587208	0.999155	0.026166	0.999610	-0.009714	-0.072173	0.011581	0.997325	0.997049	-0.025395	0.072448	
13587								2021	08	20	14	51	27.28	10.991980	-0.629092	0.841937	0.022974	0.999693	-0.009311	-0.074605	0.011002	0.997152	0.996948	-0.022214	0.074835	
13588								2021	08	20	14	51	27.297	10.997517	-0.705661	0.684312	0.020732	0.999753	-0.008049	-0.076204	0.009607	0.997046	0.996877	-0.020058	0.076385	
13589								2021	08	20	14	51	27.313	11.045527	-0.646631	0.651016	0.019703	0.999787	-0.006135	-0.075554	0.007608	0.997113	0.996947	-0.019183	0.075688	
13590								2021	08	20	14	51	27.33	11.156791	-0.363957	0.784612	0.019457	0.999804	-0.003623	-0.074065	0.005055	0.997241	0.997064	-0.019135	0.074149	
13591								2021	08	20	14	51	27.347	11.143583	-0.146724	0.603885	0.019732	0.999805	-0.000739	-0.074205	0.002202	0.997241	0.997048	-0.019623	0.074234	
13592								2021	08	20	14	51	27.363	10.770839	0.002619	0.273160	0.019770	0.999803	0.001774	-0.075367	-0.000279	0.997156	0.996960	-0.019847	0.075347	
13593								2021	08	20	14	51	27.38	10.253053	0.159288	0.197240	0.019250	0.999804	0.004580	-0.076399	-0.003097	0.997073	0.996891	-0.019544	0.076324	
13594								2021	08	20	14	51	27.397	9.902182	0.357213	0.634857	0.018407	0.999792	0.008741	-0.076867	-0.007302	0.997015	0.996871	-0.019024	0.076716	
13595								2021	08	20	14	51	27.413	9.422750	0.459480	0.515479	0.017250	0.999755	0.013894	-0.079628	-0.012478	0.996747	0.996675	-0.018300	0.079394	
13596								2021	08	20	14	51	27.43	8.575328	0.566687	0.140107	0.015625	0.999695	0.019133	-0.084422	-0.017748	0.996272	0.996308	-0.017182	0.084119	
13597								2021	08	20	14	51	27.447	8.041320	0.724963	-0.053546	0.013428	0.999643	0.023102	-0.086909	-0.021850	0.995977	0.996126	-0.015382	0.086584	
13598								2021	08	20	14	51	27.463	8.039089	0.946418	-0.070978	0.010886	0.999629	0.024986	-0.085327	-0.023968	0.996065	0.996294	-0.012975	0.085035	
13599								2021	08	20	14	51	27.48	8.550535	1.195347	-0.086473	0.008060	0.999639	0.025619	-0.081087	-0.024882	0.996396	0.996674	-0.010108	0.080857	
13600								2021	08	20	14	51	27.497	9.232136	1.156750	-0.136810	0.005093	0.999647	0.026064	-0.074856	-0.025610	0.996865	0.997181	-0.007028	0.074699	
13601								2021	08	20	14	51	27.513	9.762236	0.986120	0.161204	0.001842	0.999630	0.027141	-0.068141	-0.026953	0.997312	0.997674	-0.003687	0.068066	
13602								2021	08	20	14	51	27.53	10.341784	0.766077	0.660573	-0.001382	0.999569	0.029337	-0.063168	-0.029366	0.997571	0.998002	-0.000474	0.063181	
13603								2021	08	20	14	51	27.547	10.553647	0.628033	0.686635	-0.004155	0.999408	0.034149	-0.061746	-0.034341	0.997501	0.998083	0.002036	0.061852	
13604								2021	08	20	14	51	27.563	10.230033	0.442826	0.508969	-0.006309	0.999138	0.041019	-0.061845	-0.041332	0.997230	0.998066	0.003754	0.062053	
13605								2021	08	20	14	51	27.58	9.936182	0.426139	0.607923	-0.007826	0.998793	0.048485	-0.062131	-0.048879	0.996870	0.998037	0.004789	0.062438	
13606								2021	08	20	14	51	27.597	9.611641	0.434043	0.584888	-0.008643	0.998345	0.056852	-0.064040	-0.057290	0.996302	0.997910	0.004971	0.064430	
13607								2021	08	20	14	51	27.613	9.237533	0.340170	0.533202	-0.009158	0.997846	0.064956	-0.066466	-0.065422	0.995642	0.997747	0.004801	0.066922	
13608								2021	08	20	14	51	27.63	9.044975	0.331294	0.533020	-0.009579	0.997366	0.071891	-0.067958	-0.072378	0.995059	0.997642	0.004646	0.068472	
13609								2021	08	20	14	51	27.647	9.033247	0.339513	0.711823	-0.009782	0.996931	0.077672	-0.067777	-0.078158	0.994634	0.997653	0.004465	0.068333	
13610								2021	08	20	14	51	27.663	9.217166	0.433700	0.861160	-0.009650	0.996568	0.082208	-0.066324	-0.082669	0.994368	0.997751	0.004143	0.066894	
13611								2021	08	20	14	51	27.68	9.342193	0.573616	0.836542	-0.009360	0.996251	0.085999	-0.065161	-0.086427	0.994125	0.997831	0.003701	0.065726	
13612								2021	08	20	14	51	27.697	9.227579	0.665152	0.702465	-0.009237	0.996023	0.088615	-0.064498	-0.089027	0.993939	0.997875	0.003465	0.065064	
13613								2021	08	20	14	51	27.713	9.157748	0.698852	0.744881	-0.009183	0.995904	0.089949	-0.063173	-0.090351	0.993904	0.997960	0.003445	0.063744	
13614								2021	08	20	14	51	27.73	9.245577	0.674021	0.725351	-0.009105	0.995833	0.090736	-0.061517	-0.091126	0.993937	0.998064	0.003468	0.062091	
13615								2021	08	20	14	51	27.747	9.363012	0.626399	0.751985	-0.008853	0.995763	0.091533	-0.059964	-0.091900	0.993961	0.998161	0.003311	0.060523	
13616								2021	08	20	14	51	27.763	9.527329	0.589526	0.854841	-0.008274	0.995691	0.092368	-0.058459	-0.092695	0.993977	0.998255	0.002824	0.058974	
13617								2021	08	20	14	51	27.78	9.661190	0.568015	0.879406	-0.007465	0.995603	0.093373	-0.057461	-0.093648	0.993946	0.998320	0.002054	0.057908	
13618								2021	08	20	14	51	27.797	9.607647	0.567711	0.991649	-0.006419	0.995489	0.094657	-0.057041	-0.094870	0.993854	0.998351	0.000980	0.057393	
13619								2021	08	20	14	51	27.813	9.491468	0.544957	1.022111	-0.005322	0.995355	0.096127	-0.057322	-0.096274	0.993703	0.998342	-0.000222	0.057568	
13620								2021	08	20	14	51	27.83	9.379283	0.455585	0.819844	-0.004135	0.995268	0.097082	-0.057843	-0.097158	0.993587	0.998317	-0.001507	0.057971	
13621								2021	08	20	14	51	27.847	9.333450	0.409191	0.790390	-0.002713	0.995331	0.096479	-0.057242	-0.096476	0.993688	0.998357	-0.002827	0.057236	
13622								2021	08	20	14	51	27.863	9.487820	0.590851	1.113817	-0.000987	0.995505	0.094705	-0.055651	-0.094613	0.993957	0.998450	-0.004289	0.055494	
13623								2021	08	20	14	51	27.88	9.694019	0.705038	1.282970	0.000911	0.995633	0.093345	-0.055041	-0.093153	0.994129	0.998484	-0.006043	0.054715	
13624								2021	08	20	14	51	27.897	9.608654	0.604228	1.008533	0.002461	0.995781	0.091728	-0.055483	-0.091451	0.994263	0.998457	-0.007536	0.055024	
13625								2021	08	20	14	51	27.913	9.474009	0.403212	0.790079	0.003611	0.996003	0.089246	-0.055348	-0.088911	0.994501	0.998461	-0.008530	0.054806	
13626								2021	08	20	14	51	27.93	9.638292	0.385699	1.279961	0.005012	0.996279	0.086037	-0.053291	-0.085650	0.994899	0.998566	-0.009571	0.052663	
13627								2021	08	20	14	51	27.947	9.725262	0.617248	1.128269	0.006981	0.996418	0.084275	-0.051790	-0.083804	0.995135	0.998634	-0.011311	0.051020	
13628								2021	08	20	14	51	27.963	9.633202	0.622287	0.873504	0.009170	0.996515	0.082905	-0.050124	-0.082346	0.995342	0.998701	-0.013283	0.049195	
13629								2021	08	20	14	51	27.98	9.959671	0.849912	1.210289	0.010945	0.996691	0.080547	-0.048053	-0.079934	0.995641	0.998785	-0.014768	0.047019	
13630								2021	08	20	14	51	27.997	10.177959	0.846438	1.439040	0.012441	0.996726	0.079896	-0.048558	-0.079206	0.995675	0.998743	-0.016266	0.047413	
13631								2021	08	20	14	51	28.013	10.102959	0.525203	1.202251	0.013831	0.996658	0.080510	-0.050798	-0.079713	0.995523	0.998613	-0.017859	0.049525	
13632								2021	08	20	14	51	28.03	10.052987	0.320978	1.071490	0.015074	0.996654	0.080334	-0.053186	-0.079430	0.995421	0.998471	-0.019277	0.051811	
13633								2021	08	20	14	51	28.047	10.094938	0.266700	1.168497	0.016460	0.996710	0.079365	-0.055361	-0.078346	0.995388	0.998331	-0.020778	0.053889	
13634								2021	08	20	14	51	28.063	10.333291	0.192097	1.011144	0.018081	0.996829	0.077497	-0.056924	-0.076358	0.995454	0.998215	-0.022410	0.055363	
13635								2021	08	20	14	51	28.08	10.633669	0.246325	1.071143	0.020010	0.997015	0.074571	-0.057504	-0.073315	0.995650	0.998145	-0.024211	0.055865	
13636								2021	08	20	14	51	28.097	10.996762	0.373650	1.033894	0.022116	0.997170	0.071847	-0.058105	-0.070461	0.995821	0.998065	-0.026198	0.056382	
13637								2021	08	20	14	51	28.113	11.130308	0.446014	0.823312	0.023962	0.997292	0.069537	-0.059106	-0.068022	0.995931	0.997964	-0.027975	0.057316	
13638								2021	08	20	14	51	28.13	10.988191	0.681725	0.795945	0.025056	0.997387	0.067758	-0.060060	-0.066155	0.996000	0.997880	-0.029025	0.058246	
13639								2021	08	20	14	51	28.147	10.760818	0.493809	0.575379	0.025154	0.997365	0.068041	-0.061280	-0.066396	0.995910	0.997804	-0.029220	0.059449	
13640								2021	08	20	14	51	28.163	10.577954	0.142236	0.364479	0.024075	0.997397	0.067973	-0.062131	-0.066368	0.995859	0.997778	-0.028199	0.060372	
13641								2021	08	20	14	51	28.18	10.559464	-0.063609	0.365617	0.022488	0.997451	0.067721	-0.063056	-0.066188	0.995813	0.997757	-0.026664	0.061407	
13642								2021	08	20	14	51	28.197	10.555333	-0.307970	0.466083	0.021050	0.997485	0.067681	-0.064159	-0.066209	0.995741	0.997718	-0.025303	0.062604	
13643								2021	08	20	14	51	28.213	10.675226	-0.597201	0.337181	0.020004	0.997516	0.067535	-0.065212	-0.066103	0.995680	0.997671	-0.024322	0.063728	
13644								2021	08	20	14	51	28.23	10.719555	-0.763177	0.306810	0.019079	0.997600	0.066566	-0.066411	-0.065167	0.995662	0.997610	-0.023417	0.065008	
13645								2021	08	20	14	51	28.247	10.179306	-0.717167	0.359796	0.018156	0.997630	0.066362	-0.069172	-0.064961	0.995488	0.997440	-0.022665	0.067828	
13646								2021	08	20	14	51	28.263	9.265553	-0.897230	0.246279	0.017389	0.997545	0.067834	-0.073177	-0.066392	0.995107	0.997167	-0.022268	0.071843	
13647								2021	08	20	14	51	28.28	8.545800	-1.045890	0.092327	0.016739	0.997475	0.069021	-0.076514	-0.067551	0.994778	0.996928	-0.021933	0.075190	
13648								2021	08	20	14	51	28.297	8.237947	-1.224567	0.078219	0.016379	0.997433	0.069707	-0.078196	-0.068225	0.994601	0.996803	-0.021741	0.076878	
13649								2021	08	20	14	51	28.313	8.447418	-1.563219	0.103918	0.016874	0.997483	0.068869	-0.077276	-0.067372	0.994731	0.996867	-0.022107	0.075945	
13650								2021	08	20	14	51	28.33	9.164939	-1.617281	0.268757	0.018170	0.997749	0.064547	-0.073319	-0.063054	0.995313	0.997143	-0.022818	0.072008	
13651								2021	08	20	14	51	28.347	9.937056	-1.051354	0.724486	0.020356	0.998032	0.059316	-0.068393	-0.057799	0.995983	0.997451	-0.024331	0.067082	
13652								2021	08	20	14	51	28.363	10.381242	-0.548114	0.912343	0.023461	0.998107	0.056859	-0.065399	-0.055220	0.996330	0.997583	-0.027093	0.063980	
13653								2021	08	20	14	51	28.38	10.257479	-0.559446	0.525186	0.026900	0.998057	0.056197	-0.064064	-0.054381	0.996463	0.997583	-0.030405	0.062477	
13654								2021	08	20	14	51	28.397	9.972014	-0.618765	0.385992	0.029833	0.998047	0.054883	-0.061481	-0.052972	0.996702	0.997662	-0.033109	0.059781	
13655								2021	08	20	14	51	28.413	9.743638	-0.624434	0.559738	0.032073	0.998021	0.054083	-0.057873	-0.052166	0.996960	0.997809	-0.035106	0.056085	
13656								2021	08	20	14	51	28.43	9.446012	-0.680827	0.512607	0.032974	0.998034	0.053309	-0.054606	-0.051459	0.997181	0.997963	-0.035792	0.052802	
13657								2021	08	20	14	51	28.447	9.094862	-0.645470	0.400038	0.032844	0.998101	0.052116	-0.051259	-0.050393	0.997413	0.998145	-0.035430	0.049507	
13658								2021	08	20	14	51	28.463	9.120980	-0.610944	0.940116	0.032279	0.998146	0.051610	-0.047564	-0.050044	0.997614	0.998346	-0.034657	0.045861	
13659								2021	08	20	14	51	28.48	9.179707	-0.742445	1.128744	0.032035	0.998119	0.052271	-0.044982	-0.050806	0.997695	0.998474	-0.034312	0.043270	
13660								2021	08	20	14	51	28.497	8.829102	-1.019129	0.704678	0.032044	0.998041	0.053731	-0.045886	-0.052233	0.997580	0.998433	-0.034432	0.044123	
13661								2021	08	20	14	51	28.513	8.457228	-1.133858	0.520023	0.032432	0.998017	0.053954	-0.045940	-0.052437	0.997567	0.998418	-0.034832	0.044148	
13662								2021	08	20	14	51	28.53	8.583624	-0.985485	0.701968	0.033714	0.998026	0.052978	-0.041393	-0.051568	0.997811	0.998574	-0.035833	0.039572	
13663								2021	08	20	14	51	28.547	9.130033	-0.857093	0.962891	0.035094	0.998039	0.051841	-0.034674	-0.050626	0.998116	0.998782	-0.036825	0.032829	
13664								2021	08	20	14	51	28.563	9.552670	-0.770804	1.121123	0.035672	0.998085	0.050540	-0.030242	-0.049471	0.998318	0.998906	-0.037141	0.028419	
13665								2021	08	20	14	51	28.58	9.476105	-0.651320	1.055774	0.035635	0.998121	0.049846	-0.029256	-0.048815	0.998379	0.998937	-0.037036	0.027461	
13666								2021	08	20	14	51	28.597	9.350917	-0.590043	0.827888	0.035352	0.998101	0.050442	-0.029974	-0.049392	0.998330	0.998925	-0.036805	0.028171	
13667								2021	08	20	14	51	28.613	9.470495	-0.511442	0.746931	0.034730	0.998078	0.051327	-0.030673	-0.050269	0.998265	0.998926	-0.036244	0.028868	
13668								2021	08	20	14	51	28.63	9.750068	-0.341460	0.999123	0.033606	0.998024	0.053084	-0.031200	-0.052041	0.998157	0.998948	-0.035201	0.029390	
13669								2021	08	20	14	51	28.647	9.964560	-0.384723	1.282912	0.031517	0.997910	0.056419	-0.034422	-0.055330	0.997875	0.998910	-0.033392	0.032606	
13670								2021	08	20	14	51	28.663	9.868509	-0.672221	1.253848	0.028550	0.997756	0.060557	-0.041747	-0.059339	0.997365	0.998720	-0.031003	0.039959	
13671								2021	08	20	14	51	28.68	9.484708	-0.899237	0.943410	0.025573	0.997636	0.063789	-0.048806	-0.062487	0.996852	0.998481	-0.028606	0.047092	
13672								2021	08	20	14	51	28.697	9.458841	-1.046963	0.748382	0.023310	0.997530	0.066265	-0.051467	-0.064998	0.996557	0.998403	-0.026640	0.049825	
13673								2021	08	20	14	51	28.713	9.874827	-1.024528	1.209764	0.022010	0.997378	0.068935	-0.050482	-0.067755	0.996424	0.998482	-0.025412	0.048859	
13674								2021	08	20	14	51	28.73	10.271484	-0.943593	1.778453	0.020891	0.997206	0.071723	-0.051058	-0.070581	0.996198	0.998477	-0.024474	0.049441	
13675								2021	08	20	14	51	28.747	10.451457	-0.838619	1.811393	0.019538	0.997024	0.074570	-0.056474	-0.073365	0.995705	0.998213	-0.023666	0.054872	
13676								2021	08	20	14	51	28.763	10.735435	-0.777661	1.288308	0.017924	0.996900	0.076610	-0.064987	-0.075298	0.995041	0.997725	-0.022813	0.063436	
13677								2021	08	20	14	51	28.78	11.133088	-0.680104	0.837429	0.016409	0.996803	0.078193	-0.072017	-0.076822	0.994441	0.997268	-0.021949	0.070526	
13678								2021	08	20	14	51	28.797	11.458292	-0.745727	0.715379	0.014977	0.996685	0.079964	-0.076090	-0.078605	0.993998	0.996988	-0.020971	0.074660	
13679								2021	08	20	14	51	28.813	11.734890	-0.894298	0.432299	0.013550	0.996783	0.079000	-0.077575	-0.077721	0.993952	0.996894	-0.019597	0.076273	
13680								2021	08	20	14	51	28.83	11.885932	-0.627420	0.405856	0.011975	0.997084	0.075365	-0.077336	-0.074222	0.994239	0.996933	-0.017734	0.076221	
13681								2021	08	20	14	51	28.847	11.707724	-0.285879	0.673841	0.010431	0.997270	0.073105	-0.076702	-0.072096	0.994444	0.996999	-0.015981	0.075741	
13682								2021	08	20	14	51	28.863	11.282620	-0.223815	0.438044	0.008845	0.997451	0.070805	-0.076968	-0.069918	0.994579	0.996994	-0.014247	0.076154	
13683								2021	08	20	14	51	28.88	10.865910	0.186236	0.124016	0.007553	0.997520	0.069977	-0.077301	-0.069187	0.994604	0.996979	-0.012922	0.076587	
13684								2021	08	20	14	51	28.897	10.452435	0.373284	0.183662	0.007093	0.997165	0.074906	-0.080044	-0.074101	0.994033	0.996766	-0.013046	0.079291	
13685								2021	08	20	14	51	28.913	9.935168	0.115119	0.252928	0.007423	0.996527	0.082938	-0.086054	-0.081996	0.992911	0.996263	-0.014508	0.085146	
13686								2021	08	20	14	51	28.93	9.447194	0.078352	0.236161	0.008157	0.995894	0.090163	-0.093900	-0.089005	0.991595	0.995548	-0.016555	0.092788	
13687								2021	08	20	14	51	28.947	8.926653	0.189994	0.211559	0.009657	0.995208	0.097299	-0.102432	-0.095807	0.990115	0.994693	-0.019528	0.101016	
13688								2021	08	20	14	51	28.963	8.296978	0.127320	-0.129349	0.011894	0.994699	0.102142	-0.109307	-0.100244	0.988940	0.993937	-0.022927	0.107536	
13689								2021	08	20	14	51	28.98	7.928275	0.483113	-0.781885	0.013817	0.994902	0.099899	-0.110743	-0.097771	0.989028	0.993753	-0.024728	0.108828	
13690								2021	08	20	14	51	28.997	8.408678	1.165432	-0.822473	0.016160	0.995235	0.096161	-0.104246	-0.093972	0.990102	0.994420	-0.026024	0.102231	
13691								2021	08	20	14	51	29.013	9.521097	1.251124	0.004491	0.019075	0.995233	0.095647	-0.090977	-0.093540	0.991450	0.995670	-0.027613	0.088759	
13692								2021	08	20	14	51	29.03	10.679218	0.963305	0.777144	0.019997	0.995328	0.094457	-0.080965	-0.092553	0.992411	0.996516	-0.027493	0.078736	
13693								2021	08	20	14	51	29.047	10.797191	0.917180	0.890266	0.018352	0.995337	0.094696	-0.080542	-0.092932	0.992409	0.996582	-0.025840	0.078461	
13694								2021	08	20	14	51	29.063	10.282483	0.449861	0.519245	0.016438	0.994768	0.100833	-0.083755	-0.099122	0.991544	0.996351	-0.024745	0.081687	
13695								2021	08	20	14	51	29.08	9.948991	-0.009028	0.382628	0.015056	0.993918	0.109088	-0.085864	-0.107412	0.990500	0.996193	-0.024279	0.083724	
13696								2021	08	20	14	51	29.097	9.615590	0.058952	0.523314	0.014221	0.992935	0.117807	-0.088443	-0.116108	0.989291	0.995980	-0.024488	0.086167	
13697								2021	08	20	14	51	29.113	9.110267	0.006773	0.329570	0.014290	0.991838	0.126704	-0.091378	-0.124891	0.987954	0.995714	-0.025695	0.088848	
13698								2021	08	20	14	51	29.13	8.723522	-0.054352	0.240397	0.015279	0.990972	0.133193	-0.091937	-0.131252	0.987077	0.995648	-0.027327	0.089102	
13699								2021	08	20	14	51	29.147	8.680210	0.113494	0.461466	0.017143	0.990441	0.136871	-0.088358	-0.134855	0.986918	0.995941	-0.029012	0.085202	
13700								2021	08	20	14	51	29.163	9.010625	0.291242	0.867195	0.019463	0.990066	0.139252	-0.082833	-0.137203	0.987074	0.996373	-0.030746	0.079340	
13701								2021	08	20	14	51	29.18	9.292139	0.375002	1.141697	0.021430	0.989761	0.141119	-0.079620	-0.139013	0.987085	0.996595	-0.032389	0.075826	
13702								2021	08	20	14	51	29.197	9.092293	0.408535	1.132691	0.022554	0.989350	0.143797	-0.080987	-0.141553	0.986612	0.996460	-0.033898	0.076932	
13703								2021	08	20	14	51	29.213	8.728834	0.315010	1.000924	0.023198	0.988904	0.146730	-0.084138	-0.144318	0.985948	0.996184	-0.035218	0.079856	
13704								2021	08	20	14	51	29.23	8.707771	0.279400	0.834959	0.023847	0.988647	0.148352	-0.086259	-0.145806	0.985546	0.995987	-0.036299	0.081802	
13705								2021	08	20	14	51	29.247	8.804297	0.382144	0.793780	0.024825	0.988497	0.149190	-0.087444	-0.146517	0.985336	0.995860	-0.037507	0.082801	
13706								2021	08	20	14	51	29.263	9.180851	0.272688	1.031746	0.026564	0.988525	0.148703	-0.086958	-0.145906	0.985469	0.995858	-0.039109	0.082085	
13707								2021	08	20	14	51	29.28	9.536583	0.563328	1.458689	0.028365	0.988734	0.146968	-0.087868	-0.143992	0.985670	0.995728	-0.040873	0.082794	
13708								2021	08	20	14	51	29.297	9.667574	0.853228	1.556896	0.030419	0.988676	0.146948	-0.090890	-0.143671	0.985443	0.995396	-0.043332	0.085491	
13709								2021	08	20	14	51	29.313	9.739832	0.551314	1.305983	0.032280	0.988415	0.148302	-0.095456	-0.144653	0.984867	0.994910	-0.045948	0.089680	
13710								2021	08	20	14	51	29.33	9.840689	0.391728	1.125850	0.033905	0.988418	0.147919	-0.098638	-0.143972	0.984654	0.994546	-0.047975	0.092615	
13711								2021	08	20	14	51	29.347	9.970857	0.518298	1.242520	0.035448	0.988592	0.146386	-0.100496	-0.142209	0.984722	0.994306	-0.049618	0.094309	
13712								2021	08	20	14	51	29.363	10.072120	0.639991	1.188715	0.036798	0.988839	0.144371	-0.102291	-0.139983	0.984856	0.994074	-0.051008	0.095998	
13713								2021	08	20	14	51	29.38	9.993639	0.726928	1.097405	0.037897	0.989087	0.142376	-0.103941	-0.137803	0.984991	0.993861	-0.052127	0.097585	
13714								2021	08	20	14	51	29.397	10.006490	0.712772	1.246366	0.038649	0.989299	0.140688	-0.105027	-0.135991	0.985127	0.993718	-0.052850	0.098647	
13715								2021	08	20	14	51	29.413	10.121739	0.726407	1.603480	0.038629	0.989326	0.140503	-0.107617	-0.135671	0.984892	0.993442	-0.053166	0.101227	
13716								2021	08	20	14	51	29.43	10.020264	0.483262	1.363500	0.037765	0.989192	0.141679	-0.112550	-0.136667	0.984202	0.992928	-0.053115	0.106173	
13717								2021	08	20	14	51	29.447	10.271512	0.174378	1.150991	0.036250	0.989633	0.138929	-0.114786	-0.133981	0.984307	0.992725	-0.051622	0.108736	
13718								2021	08	20	14	51	29.463	10.522759	-0.134505	0.938482	0.034735	0.990075	0.136180	-0.117022	-0.131296	0.984412	0.992522	-0.050130	0.111300	
13719								2021	08	20	14	51	29.48	10.957607	-0.140388	1.404151	0.033600	0.990604	0.132570	-0.117803	-0.127795	0.984780	0.992468	-0.048706	0.112402	
13720								2021	08	20	14	51	29.497	10.878813	-0.761004	0.681933	0.032435	0.990927	0.130429	-0.120716	-0.125659	0.984702	0.992157	-0.047684	0.115545	
13721								2021	08	20	14	51	29.513	10.672848	-1.180440	0.135527	0.031371	0.991531	0.126023	-0.121667	-0.121360	0.985124	0.992075	-0.046237	0.116829	
13722								2021	08	20	14	51	29.53	10.778364	-1.307204	0.132295	0.030708	0.992282	0.120139	-0.119810	-0.115675	0.986035	0.992322	-0.044673	0.115333	
13723								2021	08	20	14	51	29.547	11.162288	-0.908184	1.103506	0.029883	0.993100	0.113397	-0.116894	-0.109197	0.987123	0.992695	-0.042754	0.112824	
13724								2021	08	20	14	51	29.563	10.887862	-0.559165	1.056600	0.028703	0.993169	0.113102	-0.118550	-0.108968	0.986951	0.992533	-0.041737	0.114612	
13725								2021	08	20	14	51	29.58	9.779688	-1.255657	0.269403	0.027099	0.992854	0.116216	-0.122197	-0.112096	0.986155	0.992136	-0.040925	0.118286	
13726								2021	08	20	14	51	29.597	9.132207	-1.267613	0.244547	0.024597	0.992892	0.116450	-0.123528	-0.112574	0.985935	0.992036	-0.038636	0.119881	
13727								2021	08	20	14	51	29.613	8.982772	-1.248408	0.415211	0.021915	0.992976	0.116269	-0.123560	-0.112715	0.985915	0.992095	-0.035972	0.120222	
13728								2021	08	20	14	51	29.63	9.143380	-1.529684	0.149082	0.019590	0.993244	0.114379	-0.121929	-0.111174	0.986293	0.992345	-0.033268	0.118927	
13729								2021	08	20	14	51	29.647	9.550828	-1.409484	0.347847	0.018464	0.993901	0.108559	-0.114977	-0.105731	0.987685	0.993171	-0.030757	0.112313	
13730								2021	08	20	14	51	29.663	9.958276	-1.289283	0.546612	0.017338	0.994557	0.102738	-0.108025	-0.100289	0.989077	0.993997	-0.028247	0.105698	
13731								2021	08	20	14	51	29.68	10.519947	-0.535554	1.444052	0.017249	0.994892	0.099456	-0.103022	-0.097173	0.989921	0.994530	-0.027321	0.100819	
13732								2021	08	20	14	51	29.697	10.258832	-0.573029	1.156378	0.017479	0.994755	0.100782	-0.102595	-0.098481	0.989836	0.994570	-0.027641	0.100335	
13733								2021	08	20	14	51	29.713	9.757003	-0.820078	0.797485	0.017360	0.994494	0.103343	-0.103952	-0.101003	0.989440	0.994431	-0.027919	0.101626	
13734								2021	08	20	14	51	29.73	9.321585	-0.926233	0.770830	0.016738	0.994249	0.105778	-0.104801	-0.103465	0.989096	0.994352	-0.027641	0.102467	
13735								2021	08	20	14	51	29.747	8.878258	-0.943239	0.839797	0.015773	0.994052	0.107759	-0.104718	-0.105538	0.988886	0.994377	-0.026882	0.102431	
13736								2021	08	20	14	51	29.763	8.655534	-0.961128	0.978888	0.014782	0.993902	0.109276	-0.103188	-0.107188	0.988870	0.994552	-0.025893	0.100974	
13737								2021	08	20	14	51	29.78	8.671661	-0.962531	1.004435	0.013760	0.993808	0.110252	-0.101292	-0.108309	0.988943	0.994762	-0.024776	0.099174	
13738								2021	08	20	14	51	29.797	8.605334	-0.886144	1.088063	0.013061	0.993741	0.110947	-0.099811	-0.109106	0.989006	0.994921	-0.023991	0.097761	
13739								2021	08	20	14	51	29.813	8.654522	-0.845593	1.082306	0.013069	0.993707	0.111243	-0.097810	-0.109449	0.989168	0.995119	-0.023808	0.095764	
13740								2021	08	20	14	51	29.83	8.867715	-0.777716	1.114666	0.013425	0.993700	0.111264	-0.095449	-0.109493	0.989394	0.995344	-0.023903	0.093378	
13741								2021	08	20	14	51	29.847	9.055642	-0.658542	1.251796	0.013761	0.993653	0.111648	-0.093281	-0.109896	0.989556	0.995545	-0.024032	0.091176	
13742								2021	08	20	14	51	29.863	9.074276	-0.632275	1.255000	0.013601	0.993542	0.112645	-0.092545	-0.110921	0.989511	0.995616	-0.023883	0.090438	
13743								2021	08	20	14	51	29.88	9.099616	-0.692366	1.183715	0.013107	0.993372	0.114198	-0.092303	-0.112518	0.989353	0.995645	-0.023509	0.090216	
13744								2021	08	20	14	51	29.897	9.234734	-0.662154	1.294595	0.012383	0.993046	0.117070	-0.091903	-0.115453	0.989052	0.995691	-0.023007	0.089834	
13745								2021	08	20	14	51	29.913	9.375453	-0.745175	1.531417	0.011205	0.992596	0.120946	-0.092407	-0.119409	0.988536	0.995658	-0.022253	0.090385	
13746								2021	08	20	14	51	29.93	9.430283	-0.954309	1.626516	0.009245	0.992072	0.125327	-0.095720	-0.123879	0.987670	0.995365	-0.021128	0.093816	
13747								2021	08	20	14	51	29.947	9.313732	-1.247046	1.615041	0.006921	0.991517	0.129795	-0.101539	-0.128430	0.986507	0.994808	-0.020007	0.099788	
13748								2021	08	20	14	51	29.963	9.164072	-1.405947	1.459454	0.005073	0.991058	0.133338	-0.106679	-0.132043	0.985487	0.994281	-0.019223	0.105056	
13749								2021	08	20	14	51	29.98	9.209395	-1.398055	1.158631	0.004210	0.990972	0.134006	-0.107882	-0.132775	0.985258	0.994155	-0.018605	0.106349	
13750								2021	08	20	14	51	29.997	9.376920	-1.093875	1.354819	0.004636	0.991044	0.133453	-0.104331	-0.132247	0.985711	0.994532	-0.018493	0.102784	
13751								2021	08	20	14	51	30.013	9.718057	-0.877526	1.685149	0.005657	0.991181	0.132398	-0.099198	-0.131191	0.986382	0.995052	-0.018714	0.097581	
13752								2021	08	20	14	51	30.03	9.968599	-0.526325	1.972473	0.006138	0.991297	0.131500	-0.096502	-0.130302	0.986767	0.995314	-0.018747	0.094863	
13753								2021	08	20	14	51	30.047	10.062934	-0.470607	1.725028	0.005362	0.991396	0.130784	-0.097843	-0.129638	0.986722	0.995187	-0.018087	0.096306	
13754								2021	08	20	14	51	30.063	9.912851	-0.494703	1.200025	0.003169	0.991634	0.129045	-0.102196	-0.128049	0.986489	0.994759	-0.016314	0.100935	
13755								2021	08	20	14	51	30.08	10.058127	-0.405741	1.512609	0.001200	0.991525	0.129914	-0.104446	-0.129079	0.986118	0.994530	-0.014752	0.103406	
13756								2021	08	20	14	51	30.097	10.925675	-0.732855	1.810539	-0.000108	0.991237	0.132096	-0.104664	-0.131381	0.985791	0.994508	-0.013719	0.103761	
13757								2021	08	20	14	51	30.113	11.447297	-0.615967	1.631963	-0.002357	0.991511	0.130002	-0.106998	-0.129506	0.985789	0.994256	-0.011586	0.106395	
13758								2021	08	20	14	51	30.13	11.306321	-0.345901	1.203699	-0.004216	0.991834	0.127463	-0.108941	-0.127161	0.985881	0.994039	-0.009729	0.108588	
13759								2021	08	20	14	51	30.147	11.583348	-0.470171	0.830140	-0.004779	0.992391	0.123034	-0.105149	-0.122852	0.986839	0.994445	-0.008221	0.104936	
13760								2021	08	20	14	51	30.163	12.061181	-0.356947	1.008688	-0.005040	0.992898	0.118863	-0.098499	-0.118780	0.988023	0.995124	-0.006729	0.098398	
13761								2021	08	20	14	51	30.18	11.790282	-0.534326	0.896514	-0.005921	0.993137	0.116811	-0.096231	-0.116836	0.988478	0.995341	-0.005388	0.096262	
13762								2021	08	20	14	51	30.197	10.929561	-0.529884	0.156698	-0.006640	0.993373	0.114741	-0.096473	-0.114845	0.988688	0.995313	-0.004505	0.096596	
13763								2021	08	20	14	51	30.213	10.200797	0.002798	-0.324260	-0.006060	0.993526	0.113440	-0.093721	-0.113507	0.989107	0.995580	-0.004638	0.093802	
13764								2021	08	20	14	51	30.23	9.940030	0.554417	-0.466369	-0.004301	0.993386	0.114741	-0.088886	-0.114668	0.989419	0.996033	-0.005943	0.088791	
13765								2021	08	20	14	51	30.247	9.644447	0.768032	-0.535126	-0.002342	0.993047	0.117695	-0.085403	-0.117464	0.989398	0.996344	-0.007734	0.085084	
13766								2021	08	20	14	51	30.263	9.466049	0.974915	-0.724027	-0.000818	0.992681	0.120767	-0.083636	-0.120411	0.989195	0.996496	-0.009292	0.083123	
13767								2021	08	20	14	51	30.28	9.439446	1.036736	-0.982015	0.000149	0.992242	0.124319	-0.083284	-0.123875	0.988797	0.996526	-0.010501	0.082620	
13768								2021	08	20	14	51	30.297	9.575201	0.866949	-1.042271	0.000857	0.991708	0.128510	-0.082824	-0.127998	0.988310	0.996564	-0.011490	0.082028	
13769								2021	08	20	14	51	30.313	9.947582	0.674842	-0.629539	0.001477	0.991142	0.132802	-0.080190	-0.132257	0.987966	0.996779	-0.012109	0.079284	
13770								2021	08	20	14	51	30.33	10.304444	0.447095	-0.149096	0.000993	0.990453	0.137848	-0.078505	-0.137345	0.987407	0.996913	-0.011803	0.077619	
13771								2021	08	20	14	51	30.347	10.370708	0.031409	0.285807	-0.000102	0.989424	0.145051	-0.078807	-0.144608	0.986346	0.996890	-0.011331	0.077989	
13772								2021	08	20	14	51	30.363	10.259096	-0.367453	0.530588	-0.001246	0.988238	0.152917	-0.081713	-0.152507	0.984919	0.996655	-0.011268	0.080942	
13773								2021	08	20	14	51	30.38	9.870202	-0.211294	0.512414	-0.001715	0.986959	0.160964	-0.086710	-0.160505	0.983219	0.996232	-0.012271	0.085854	
13774								2021	08	20	14	51	30.397	9.412896	0.035170	0.322176	-0.001458	0.985489	0.169731	-0.093422	-0.169123	0.981157	0.995626	-0.014426	0.092313	
13775								2021	08	20	14	51	30.413	8.864989	0.193528	0.152985	-0.000569	0.983992	0.178214	-0.099834	-0.177379	0.979066	0.995004	-0.017235	0.098336	
