// Start Time: Unknown: 
// Update Rate: 60.0Hz 
// Filter Profile: human (46.1) 
// Firmware Version: 4.6.0
PacketCounter	SampleTimeFine	Year	Month	Day	Second	UTC_Nano	UTC_Year	UTC_Month	UTC_Day	UTC_Hour	UTC_Minute	UTC_Second	UTC_Valid	Acc_X	Acc_Y	Acc_Z	Mat[1][1]	Mat[2][1]	Mat[3][1]	Mat[1][2]	Mat[2][2]	Mat[3][2]	Mat[1][3]	Mat[2][3]	Mat[3][3] 
3598														-0.095249	0.081291	9.787523	-0.841911	0.539470	-0.012591	-0.539520	-0.841973	0.000683	-0.010233	0.007368	0.999920	
3599														-0.093973	0.066722	9.787657	-0.841920	0.539457	-0.012547	-0.539506	-0.841981	0.000683	-0.010196	0.007344	0.999921	
3600														-0.108400	0.065118	9.772511	-0.841920	0.539456	-0.012557	-0.539506	-0.841981	0.000680	-0.010205	0.007347	0.999921	
3601														-0.096035	0.081327	9.772871	-0.841920	0.539456	-0.012579	-0.539506	-0.841982	0.000669	-0.010230	0.007350	0.999921	
3602														-0.111795	0.079944	9.786998	-0.841928	0.539443	-0.012580	-0.539492	-0.841990	0.000655	-0.010239	0.007338	0.999921	
3603														-0.113849	0.094644	9.786854	-0.841920	0.539455	-0.012587	-0.539505	-0.841982	0.000674	-0.010234	0.007358	0.999921	
3604														-0.109805	0.065535	9.743202	-0.841929	0.539442	-0.012606	-0.539492	-0.841991	0.000685	-0.010245	0.007377	0.999920	
3605														-0.113503	0.080707	9.786972	-0.841937	0.539429	-0.012634	-0.539479	-0.841999	0.000707	-0.010256	0.007411	0.999920	
3606														-0.097516	0.067785	9.772970	-0.841937	0.539428	-0.012635	-0.539479	-0.841999	0.000693	-0.010265	0.007400	0.999920	
3607														-0.084682	0.069610	9.802749	-0.841944	0.539415	-0.012667	-0.539466	-0.842007	0.000694	-0.010291	0.007418	0.999920	
3608														-0.113448	0.066578	9.772444	-0.841944	0.539415	-0.012677	-0.539466	-0.842007	0.000692	-0.010301	0.007422	0.999919	
3609														-0.098345	0.053839	9.787726	-0.841936	0.539428	-0.012671	-0.539479	-0.841999	0.000720	-0.010281	0.007442	0.999919	
3610														-0.101862	0.082962	9.787443	-0.841945	0.539415	-0.012655	-0.539465	-0.842007	0.000680	-0.010289	0.007400	0.999920	
3611														-0.101794	0.082865	9.772799	-0.841936	0.539428	-0.012649	-0.539479	-0.841999	0.000708	-0.010269	0.007420	0.999920	
3612														-0.102112	0.083083	9.772794	-0.841937	0.539428	-0.012634	-0.539479	-0.841999	0.000723	-0.010248	0.007425	0.999920	
3613														-0.102160	0.068820	9.802205	-0.841945	0.539415	-0.012657	-0.539466	-0.842007	0.000713	-0.010273	0.007428	0.999920	
3614														-0.101343	0.068686	9.758280	-0.841945	0.539415	-0.012679	-0.539465	-0.842008	0.000701	-0.010298	0.007431	0.999919	
3615														-0.104023	0.083465	9.772771	-0.841936	0.539428	-0.012677	-0.539478	-0.841999	0.000708	-0.010293	0.007435	0.999919	
3616														-0.090531	0.085235	9.787918	-0.841953	0.539402	-0.012688	-0.539453	-0.842015	0.000706	-0.010302	0.007439	0.999919	
3617														-0.090005	0.085048	9.758636	-0.841937	0.539428	-0.012667	-0.539478	-0.841999	0.000687	-0.010295	0.007412	0.999920	
3618														-0.104214	0.068917	9.772893	-0.841961	0.539389	-0.012693	-0.539439	-0.842024	0.000655	-0.010335	0.007399	0.999919	
3619														-0.090799	0.070690	9.788043	-0.841953	0.539402	-0.012688	-0.539453	-0.842016	0.000683	-0.010315	0.007419	0.999919	
3620														-0.106161	0.083669	9.758101	-0.841953	0.539402	-0.012664	-0.539452	-0.842016	0.000686	-0.010293	0.007410	0.999920	
3621														-0.106051	0.069342	9.787515	-0.841954	0.539401	-0.012662	-0.539451	-0.842016	0.000693	-0.010288	0.007414	0.999920	
3622														-0.106587	0.069473	9.787509	-0.841946	0.539414	-0.012672	-0.539464	-0.842008	0.000691	-0.010298	0.007418	0.999919	
3623														-0.106660	0.069440	9.772863	-0.841937	0.539427	-0.012673	-0.539477	-0.842000	0.000676	-0.010307	0.007406	0.999919	
3624														-0.107336	0.069415	9.772856	-0.841945	0.539414	-0.012687	-0.539464	-0.842008	0.000652	-0.010331	0.007394	0.999919	
3625														-0.094883	0.085681	9.773229	-0.841937	0.539427	-0.012681	-0.539477	-0.842000	0.000680	-0.010311	0.007414	0.999919	
3626														-0.094740	0.085810	9.758585	-0.841937	0.539427	-0.012679	-0.539477	-0.842000	0.000687	-0.010305	0.007418	0.999919	
3627														-0.108649	0.069900	9.772838	-0.841946	0.539414	-0.012665	-0.539464	-0.842008	0.000702	-0.010285	0.007424	0.999920	
3628														-0.097277	0.086345	9.802488	-0.841937	0.539426	-0.012687	-0.539477	-0.842000	0.000691	-0.010310	0.007426	0.999919	
3629														-0.095704	0.071830	9.787988	-0.841946	0.539414	-0.012672	-0.539464	-0.842008	0.000707	-0.010289	0.007431	0.999919	
3630														-0.083266	0.088109	9.788363	-0.841954	0.539400	-0.012695	-0.539451	-0.842017	0.000696	-0.010314	0.007434	0.999919	
3631														-0.110432	0.055882	9.802231	-0.841954	0.539400	-0.012687	-0.539450	-0.842017	0.000669	-0.010322	0.007408	0.999919	
3632														-0.099034	0.086562	9.787824	-0.841946	0.539412	-0.012694	-0.539463	-0.842009	0.000688	-0.010317	0.007427	0.999919	
3633														-0.097988	0.072132	9.787963	-0.841938	0.539425	-0.012695	-0.539476	-0.842001	0.000673	-0.010326	0.007416	0.999919	
3634														-0.102663	0.079019	9.784094	-0.841934	0.539431	-0.012688	-0.539482	-0.841997	0.000674	-0.010320	0.007412	0.999919	
3635														-0.107339	0.085906	9.780226	-0.841930	0.539437	-0.012682	-0.539488	-0.841993	0.000674	-0.010314	0.007409	0.999919	
3636														-0.099581	0.072233	9.787946	-0.841938	0.539424	-0.012696	-0.539475	-0.842002	0.000651	-0.010339	0.007397	0.999919	
3637														-0.099653	0.072350	9.773300	-0.841938	0.539425	-0.012711	-0.539475	-0.842001	0.000682	-0.010335	0.007432	0.999919	
3638														-0.098676	0.058066	9.773438	-0.841929	0.539437	-0.012733	-0.539488	-0.841993	0.000671	-0.010360	0.007434	0.999919	
3639														-0.101431	0.072917	9.787922	-0.841929	0.539437	-0.012740	-0.539488	-0.841993	0.000690	-0.010355	0.007454	0.999919	
3640														-0.115897	0.071362	9.772744	-0.841921	0.539450	-0.012728	-0.539501	-0.841985	0.000684	-0.010348	0.007443	0.999919	
3641														-0.102422	0.073038	9.787911	-0.841930	0.539437	-0.012730	-0.539488	-0.841993	0.000669	-0.010357	0.007431	0.999919	
3642														-0.119110	0.086049	9.787221	-0.841946	0.539411	-0.012728	-0.539462	-0.842010	0.000676	-0.010352	0.007436	0.999919	
3643														-0.088864	0.074770	9.788436	-0.841922	0.539450	-0.012716	-0.539500	-0.841985	0.000670	-0.010346	0.007424	0.999919	
3644														-0.105000	0.087612	9.773108	-0.841922	0.539449	-0.012717	-0.539500	-0.841985	0.000655	-0.010354	0.007413	0.999919	
3645														-0.089304	0.074804	9.773788	-0.841922	0.539449	-0.012712	-0.539500	-0.841985	0.000683	-0.010335	0.007433	0.999919	
3646														-0.087022	0.045993	9.788717	-0.841931	0.539436	-0.012710	-0.539487	-0.841994	0.000690	-0.010329	0.007438	0.999919	
3647														-0.091192	0.075417	9.803053	-0.841931	0.539436	-0.012704	-0.539487	-0.841993	0.000718	-0.010309	0.007458	0.999919	
3648														-0.108249	0.102728	9.772937	-0.841923	0.539448	-0.012675	-0.539499	-0.841986	0.000688	-0.010301	0.007417	0.999919	
3649														-0.105237	0.073462	9.773233	-0.841933	0.539435	-0.012627	-0.539485	-0.841995	0.000709	-0.010249	0.007409	0.999920	
3650														-0.117471	0.042727	9.787625	-0.841932	0.539435	-0.012632	-0.539485	-0.841995	0.000673	-0.010273	0.007381	0.999920	
3651														-0.091588	0.074916	9.773766	-0.841924	0.539448	-0.012608	-0.539498	-0.841986	0.000676	-0.010252	0.007371	0.999920	
3652														-0.121547	0.071815	9.787317	-0.841933	0.539436	-0.012594	-0.539486	-0.841995	0.000692	-0.010231	0.007377	0.999920	
3653														-0.106832	0.073499	9.773216	-0.841933	0.539435	-0.012592	-0.539486	-0.841995	0.000698	-0.010226	0.007381	0.999920	
3654														-0.105030	0.058920	9.758723	-0.841933	0.539435	-0.012569	-0.539485	-0.841995	0.000701	-0.010204	0.007371	0.999921	
3655														-0.092567	0.075101	9.759112	-0.841941	0.539422	-0.012570	-0.539472	-0.842003	0.000687	-0.010213	0.007359	0.999921	
3656														-0.110884	0.088494	9.802325	-0.841925	0.539448	-0.012573	-0.539499	-0.841986	0.000727	-0.010194	0.007395	0.999921	
3657														-0.105708	0.059395	9.744068	-0.841933	0.539435	-0.012567	-0.539486	-0.841994	0.000755	-0.010175	0.007415	0.999921	
3658														-0.105723	0.045224	9.773487	-0.841933	0.539435	-0.012590	-0.539486	-0.841994	0.000744	-0.010200	0.007418	0.999920	
3659														-0.115212	0.104000	9.831423	-0.841933	0.539435	-0.012609	-0.539486	-0.841994	0.000753	-0.010211	0.007437	0.999920	
3660														-0.095608	0.076316	9.773717	-0.841933	0.539435	-0.012586	-0.539486	-0.841994	0.000757	-0.010189	0.007427	0.999921	
3661														-0.093307	0.061795	9.744588	-0.841941	0.539422	-0.012614	-0.539473	-0.842002	0.000779	-0.010201	0.007461	0.999920	
3662														-0.097178	0.076827	9.788341	-0.841941	0.539422	-0.012603	-0.539473	-0.842003	0.000774	-0.010194	0.007450	0.999920	
3663														-0.098799	0.091351	9.773545	-0.841942	0.539421	-0.012613	-0.539472	-0.842003	0.000771	-0.010204	0.007454	0.999920	
3664														-0.097056	0.076992	9.759053	-0.841941	0.539422	-0.012616	-0.539473	-0.842003	0.000812	-0.010185	0.007490	0.999920	
3665														-0.095410	0.048198	9.788629	-0.841942	0.539421	-0.012621	-0.539472	-0.842003	0.000776	-0.010209	0.007462	0.999920	
3666														-0.111496	0.060989	9.773283	-0.841942	0.539421	-0.012594	-0.539472	-0.842003	0.000800	-0.010173	0.007468	0.999920	
3667														-0.087245	0.093744	9.803347	-0.841950	0.539408	-0.012604	-0.539459	-0.842012	0.000798	-0.010182	0.007472	0.999920	
3668														-0.112487	0.061181	9.773270	-0.841942	0.539421	-0.012606	-0.539472	-0.842003	0.000783	-0.010191	0.007460	0.999920	
3669														-0.083439	0.064478	9.759732	-0.841934	0.539434	-0.012616	-0.539485	-0.841995	0.000781	-0.010201	0.007463	0.999920	
3670														-0.100176	0.077420	9.759018	-0.841926	0.539446	-0.012605	-0.539497	-0.841987	0.000775	-0.010195	0.007452	0.999920	
3671														-0.087876	0.079496	9.803478	-0.841934	0.539433	-0.012624	-0.539484	-0.841995	0.000785	-0.010206	0.007471	0.999920	
3672														-0.085528	0.064829	9.774354	-0.841935	0.539433	-0.012591	-0.539483	-0.841996	0.000776	-0.010183	0.007446	0.999920	
3673														-0.100455	0.063295	9.773794	-0.841934	0.539433	-0.012607	-0.539484	-0.841995	0.000807	-0.010179	0.007481	0.999920	
3674														-0.104413	0.092525	9.773475	-0.841918	0.539458	-0.012611	-0.539509	-0.841979	0.000771	-0.010202	0.007453	0.999920	
3675														-0.088729	0.079711	9.774182	-0.841910	0.539471	-0.012605	-0.539522	-0.841971	0.000798	-0.010182	0.007473	0.999920	
3676														-0.103663	0.078245	9.773619	-0.841918	0.539458	-0.012603	-0.539509	-0.841979	0.000805	-0.010177	0.007477	0.999920	
3677														-0.087484	0.065490	9.759689	-0.841901	0.539483	-0.012634	-0.539535	-0.841963	0.000806	-0.010202	0.007495	0.999920	
3678														-0.104823	0.078726	9.773603	-0.841902	0.539483	-0.012628	-0.539535	-0.841963	0.000834	-0.010183	0.007516	0.999920	
3679														-0.106891	0.093342	9.773441	-0.841894	0.539496	-0.012608	-0.539547	-0.841955	0.000816	-0.010175	0.007490	0.999920	
3680														-0.090006	0.065939	9.788949	-0.841919	0.539457	-0.012597	-0.539508	-0.841980	0.000811	-0.010169	0.007479	0.999920	
3681														-0.106335	0.078682	9.773587	-0.841911	0.539469	-0.012623	-0.539520	-0.841972	0.000778	-0.010208	0.007466	0.999920	
3682														-0.092906	0.080526	9.788780	-0.841911	0.539469	-0.012596	-0.539520	-0.841972	0.000803	-0.010172	0.007472	0.999920	
3683														-0.093873	0.080762	9.803412	-0.841920	0.539456	-0.012606	-0.539507	-0.841981	0.000801	-0.010182	0.007476	0.999920	
3684														-0.092752	0.080617	9.759495	-0.841920	0.539456	-0.012617	-0.539507	-0.841981	0.000799	-0.010192	0.007479	0.999920	
3685														-0.092744	0.077004	9.759530	-0.841920	0.539455	-0.012612	-0.539506	-0.841981	0.000789	-0.010194	0.007468	0.999920	
3686														-0.092736	0.073392	9.759566	-0.841920	0.539455	-0.012607	-0.539506	-0.841981	0.000778	-0.010195	0.007457	0.999920	
3687														-0.095004	0.080882	9.774114	-0.841920	0.539455	-0.012626	-0.539506	-0.841982	0.000789	-0.010205	0.007476	0.999920	
3688														-0.096627	0.081131	9.803382	-0.841937	0.539428	-0.012594	-0.539479	-0.841999	0.000781	-0.010183	0.007451	0.999920	
3689														-0.079609	0.068256	9.774831	-0.841937	0.539428	-0.012609	-0.539480	-0.841998	0.000812	-0.010179	0.007486	0.999920	
3690														-0.097482	0.081413	9.803371	-0.841938	0.539428	-0.012589	-0.539479	-0.841999	0.000794	-0.010172	0.007460	0.999920	
3691														-0.081027	0.068409	9.789460	-0.841938	0.539428	-0.012566	-0.539479	-0.841999	0.000797	-0.010151	0.007450	0.999921	
3692														-0.096016	0.066681	9.788887	-0.841938	0.539428	-0.012567	-0.539478	-0.841999	0.000782	-0.010160	0.007438	0.999921	
3693														-0.097684	0.081269	9.774084	-0.841938	0.539428	-0.012574	-0.539479	-0.841999	0.000801	-0.010155	0.007458	0.999921	
3694														-0.098812	0.081569	9.788713	-0.841938	0.539427	-0.012584	-0.539478	-0.841999	0.000799	-0.010165	0.007462	0.999920	
3695														-0.100402	0.096010	9.773912	-0.841930	0.539440	-0.012552	-0.539491	-0.841991	0.000790	-0.010143	0.007436	0.999921	
3696														-0.095697	0.052509	9.774388	-0.841930	0.539440	-0.012580	-0.539491	-0.841991	0.000812	-0.010154	0.007470	0.999921	
3697														-0.085077	0.083544	9.774633	-0.841939	0.539427	-0.012557	-0.539478	-0.841999	0.000816	-0.010133	0.007461	0.999921	
3698														-0.100066	0.081801	9.774056	-0.841931	0.539439	-0.012558	-0.539490	-0.841992	0.000801	-0.010141	0.007449	0.999921	
3699														-0.098354	0.067217	9.759574	-0.841931	0.539439	-0.012568	-0.539490	-0.841992	0.000799	-0.010151	0.007452	0.999921	
3700														-0.102462	0.082093	9.803315	-0.841931	0.539439	-0.012569	-0.539490	-0.841992	0.000784	-0.010160	0.007441	0.999921	
3701														-0.115762	0.080209	9.758823	-0.841931	0.539439	-0.012576	-0.539490	-0.841992	0.000803	-0.010156	0.007461	0.999921	
3702														-0.085500	0.069351	9.760131	-0.841923	0.539452	-0.012586	-0.539503	-0.841984	0.000800	-0.010166	0.007464	0.999920	
3703														-0.118103	0.080798	9.788079	-0.841922	0.539451	-0.012605	-0.539503	-0.841983	0.000810	-0.010176	0.007483	0.999920	
3704														-0.088983	0.084326	9.774591	-0.841914	0.539464	-0.012594	-0.539515	-0.841975	0.000804	-0.010170	0.007472	0.999920	
3705														-0.087778	0.069917	9.774749	-0.841922	0.539451	-0.012613	-0.539503	-0.841983	0.000815	-0.010181	0.007491	0.999920	
3706														-0.103397	0.082584	9.744728	-0.841923	0.539451	-0.012593	-0.539502	-0.841984	0.000797	-0.010173	0.007464	0.999920	
3707														-0.103211	0.068071	9.774161	-0.841924	0.539450	-0.012560	-0.539501	-0.841985	0.000788	-0.010150	0.007439	0.999921	
3708														-0.104185	0.068156	9.788793	-0.841924	0.539450	-0.012558	-0.539501	-0.841985	0.000794	-0.010145	0.007444	0.999921	
3709														-0.105244	0.068386	9.803423	-0.841924	0.539450	-0.012555	-0.539501	-0.841985	0.000801	-0.010139	0.007448	0.999921	
3710														-0.089971	0.069945	9.774729	-0.841908	0.539475	-0.012535	-0.539526	-0.841969	0.000783	-0.010132	0.007422	0.999921	
3711														-0.089266	0.055486	9.789525	-0.841925	0.539450	-0.012533	-0.539500	-0.841985	0.000790	-0.010126	0.007427	0.999921	
3712														-0.107768	0.082870	9.788608	-0.841900	0.539488	-0.012521	-0.539539	-0.841960	0.000783	-0.010120	0.007415	0.999921	
3713														-0.090808	0.069891	9.760079	-0.841925	0.539450	-0.012523	-0.539500	-0.841985	0.000769	-0.010129	0.007404	0.999921	
3714														-0.105860	0.068034	9.759490	-0.841909	0.539475	-0.012503	-0.539525	-0.841969	0.000751	-0.010122	0.007377	0.999922	
3715														-0.107509	0.068132	9.788757	-0.841917	0.539462	-0.012492	-0.539512	-0.841978	0.000745	-0.010115	0.007367	0.999922	
3716														-0.109133	0.082643	9.773952	-0.841926	0.539449	-0.012490	-0.539498	-0.841986	0.000753	-0.010110	0.007372	0.999922	
3717														-0.107823	0.068165	9.774111	-0.841934	0.539435	-0.012479	-0.539485	-0.841995	0.000747	-0.010104	0.007361	0.999922	
3718														-0.095523	0.084543	9.774528	-0.841918	0.539461	-0.012476	-0.539511	-0.841978	0.000753	-0.010098	0.007365	0.999922	
3719														-0.094208	0.070065	9.774688	-0.841919	0.539461	-0.012465	-0.539510	-0.841979	0.000748	-0.010092	0.007354	0.999922	
3720														-0.095362	0.070514	9.789316	-0.841901	0.539486	-0.012511	-0.539537	-0.841962	0.000794	-0.010105	0.007419	0.999921	
3721														-0.096057	0.070786	9.789307	-0.841902	0.539486	-0.012515	-0.539536	-0.841962	0.000758	-0.010129	0.007391	0.999921	
3722														-0.096580	0.070696	9.789303	-0.841910	0.539473	-0.012492	-0.539523	-0.841971	0.000762	-0.010107	0.007381	0.999922	
3723														-0.081227	0.072441	9.760618	-0.841910	0.539473	-0.012499	-0.539523	-0.841970	0.000781	-0.010102	0.007400	0.999922	
3724														-0.110173	0.054649	9.788867	-0.841902	0.539485	-0.012487	-0.539535	-0.841963	0.000775	-0.010096	0.007390	0.999922	
3725														-0.097280	0.070946	9.774652	-0.841903	0.539485	-0.012485	-0.539535	-0.841963	0.000781	-0.010091	0.007394	0.999922	
3726														-0.081502	0.058335	9.775406	-0.841902	0.539485	-0.012495	-0.539535	-0.841963	0.000779	-0.010100	0.007397	0.999922	
3727														-0.114629	0.069625	9.817953	-0.841886	0.539511	-0.012471	-0.539561	-0.841946	0.000782	-0.010078	0.007387	0.999922	
3728														-0.112082	0.055109	9.788843	-0.841886	0.539511	-0.012499	-0.539561	-0.841946	0.000804	-0.010090	0.007421	0.999922	
3729														-0.102394	0.100306	9.759655	-0.841887	0.539510	-0.012486	-0.539560	-0.841947	0.000743	-0.010111	0.007362	0.999922	
3730														-0.087290	0.087646	9.775049	-0.841903	0.539485	-0.012502	-0.539535	-0.841963	0.000775	-0.010108	0.007398	0.999922	
3731														-0.115088	0.069784	9.774016	-0.841902	0.539485	-0.012512	-0.539535	-0.841963	0.000772	-0.010118	0.007401	0.999921	
3732														-0.101719	0.071891	9.789242	-0.841902	0.539485	-0.012519	-0.539535	-0.841963	0.000791	-0.010114	0.007420	0.999921	
3733														-0.098533	0.057209	9.745500	-0.841903	0.539485	-0.012508	-0.539535	-0.841963	0.000785	-0.010107	0.007410	0.999921	
3734														-0.021945	0.009882	9.763800	-0.841993	0.539330	-0.013059	-0.539385	-0.842059	0.000826	-0.010551	0.007740	0.999914	
3735														-0.254366	0.135869	9.782585	-0.841637	0.539842	-0.014734	-0.539910	-0.841723	0.000742	-0.012001	0.008580	0.999891	
3736														-0.055636	0.136071	9.806112	-0.840729	0.541257	-0.014693	-0.541323	-0.840814	0.000656	-0.011999	0.008505	0.999892	
3737														-0.106689	0.084385	9.745635	-0.840696	0.541307	-0.014746	-0.541373	-0.840782	0.000583	-0.012083	0.008473	0.999891	
3738														-0.154826	0.107676	9.758006	-0.840740	0.541243	-0.014595	-0.541307	-0.840825	0.000569	-0.011964	0.008378	0.999893	
3739														-0.223348	0.108524	9.798817	-0.841265	0.540473	-0.012747	-0.540524	-0.841328	0.000648	-0.010375	0.007435	0.999919	
3740														-0.157827	0.006844	9.772799	-0.842027	0.539290	-0.012553	-0.539339	-0.842088	0.000662	-0.010214	0.007328	0.999921	
3741														-0.371392	0.067442	9.763313	-0.842078	0.539212	-0.012440	-0.539260	-0.842139	0.000620	-0.010142	0.007230	0.999922	
3742														0.011827	0.071509	9.794203	-0.842113	0.539161	-0.012305	-0.539210	-0.842171	0.000782	-0.009942	0.007294	0.999924	
3743														-0.165458	0.078323	9.771977	-0.842154	0.539095	-0.012327	-0.539143	-0.842214	0.000641	-0.010037	0.007186	0.999924	
3744														-0.080121	0.088725	9.790236	-0.842171	0.539069	-0.012326	-0.539116	-0.842231	0.000572	-0.010074	0.007127	0.999924	
3745														0.052202	0.090370	9.781233	-0.842188	0.539043	-0.012332	-0.539089	-0.842248	0.000536	-0.010097	0.007099	0.999924	
3746														-0.009224	0.097616	9.778632	-0.842186	0.539042	-0.012495	-0.539089	-0.842249	0.000459	-0.010277	0.007123	0.999922	
3747														-0.059986	0.121366	9.805721	-0.842284	0.538886	-0.012625	-0.538933	-0.842349	0.000336	-0.010453	0.007087	0.999920	
3748														0.005627	0.069882	9.779586	-0.842459	0.538615	-0.012517	-0.538660	-0.842523	0.000278	-0.010396	0.006977	0.999922	
3749														-0.044842	0.003728	9.777803	-0.842452	0.538628	-0.012426	-0.538673	-0.842515	0.000292	-0.010312	0.006940	0.999923	
3750														-0.128182	0.068299	9.803151	-0.842433	0.538655	-0.012571	-0.538703	-0.842496	0.000474	-0.010336	0.007171	0.999921	
3751														-0.098521	0.073534	9.775092	-0.842399	0.538706	-0.012623	-0.538755	-0.842462	0.000554	-0.010336	0.007267	0.999920	
3752														0.022602	0.019196	9.736980	-0.842140	0.539078	-0.013951	-0.539136	-0.842219	0.000462	-0.011501	0.007911	0.999903	
3753														-0.257010	0.152742	9.782617	-0.841831	0.539539	-0.014770	-0.539603	-0.841920	0.000343	-0.012250	0.008259	0.999891	
3754														-0.120840	0.098873	9.774585	-0.841755	0.539655	-0.014849	-0.539719	-0.841845	0.000382	-0.012295	0.008336	0.999890	
3755														-0.104522	0.072298	9.790228	-0.841671	0.539783	-0.014941	-0.539848	-0.841763	0.000334	-0.012396	0.008347	0.999888	
3756														-0.056364	0.034385	9.763463	-0.841272	0.540399	-0.015177	-0.540464	-0.841367	0.000221	-0.012650	0.008389	0.999885	
3757														-0.169681	0.080294	9.802003	-0.840741	0.541222	-0.015282	-0.541287	-0.840838	0.000160	-0.012764	0.008406	0.999883	
3758														-0.188219	0.107474	9.786308	-0.840659	0.541350	-0.015261	-0.541415	-0.840756	0.000139	-0.012756	0.008379	0.999884	
3759														-0.127870	0.100091	9.774483	-0.840693	0.541298	-0.015214	-0.541363	-0.840789	0.000162	-0.012704	0.008372	0.999884	
3760														-0.219990	0.118068	9.814087	-0.840936	0.540926	-0.015005	-0.540989	-0.841029	0.000201	-0.012511	0.008286	0.999887	
3761														-0.319294	0.221875	9.779414	-0.842129	0.539073	-0.014785	-0.539135	-0.842219	0.000240	-0.012323	0.008173	0.999891	
3762														0.088608	-0.066555	9.770846	-0.842543	0.538429	-0.014669	-0.538489	-0.842633	0.000201	-0.012253	0.008068	0.999892	
3763														-0.227108	0.084170	9.799286	-0.842950	0.537798	-0.014453	-0.537858	-0.843036	0.000309	-0.012018	0.008035	0.999895	
3764														-0.261783	0.137728	9.782637	-0.843758	0.536533	-0.014291	-0.536592	-0.843842	0.000343	-0.011876	0.007958	0.999898	
3765														0.035337	0.014452	9.797004	-0.844570	0.535255	-0.014270	-0.535314	-0.844653	0.000387	-0.011846	0.007966	0.999898	
3766														-0.166887	0.091418	9.787275	-0.844995	0.534584	-0.014280	-0.534644	-0.845077	0.000520	-0.011790	0.008075	0.999898	
3767														-0.139062	0.110444	9.773736	-0.845421	0.533911	-0.014224	-0.533972	-0.845502	0.000589	-0.011712	0.008093	0.999899	
3768														-0.071364	0.045755	9.777275	-0.845813	0.533290	-0.014205	-0.533350	-0.845894	0.000553	-0.011721	0.008044	0.999899	
3769														-0.272957	0.106549	9.782359	-0.846173	0.532720	-0.014173	-0.532779	-0.846254	0.000524	-0.011715	0.007995	0.999899	
3770														-0.382820	0.150248	9.777059	-0.846744	0.531813	-0.014156	-0.531873	-0.846824	0.000572	-0.011684	0.008013	0.999900	
3771														-0.413878	0.160503	9.775576	-0.847711	0.530271	-0.014088	-0.530331	-0.847790	0.000658	-0.011595	0.008029	0.999901	
3772														-0.155878	0.122163	9.772904	-0.848889	0.528389	-0.013865	-0.528448	-0.848965	0.000717	-0.011393	0.007935	0.999904	
3773														-0.275264	0.236539	9.796028	-0.850203	0.526283	-0.013429	-0.526339	-0.850274	0.000767	-0.011014	0.007720	0.999910	
3774														-0.223990	0.211465	9.783816	-0.851617	0.524005	-0.012969	-0.524058	-0.851682	0.000839	-0.010606	0.007511	0.999916	
3775														-0.234708	0.089952	9.784077	-0.853176	0.521460	-0.013026	-0.521514	-0.853242	0.000846	-0.010673	0.007515	0.999915	
3776														-0.337649	0.087291	9.750174	-0.854962	0.518531	-0.012901	-0.518582	-0.855028	0.000734	-0.010650	0.007318	0.999917	
3777														-0.237122	0.355834	9.855796	-0.856875	0.515360	-0.013004	-0.515414	-0.856941	0.000915	-0.010672	0.007487	0.999915	
3778														-0.375643	0.406547	9.732011	-0.859037	0.511747	-0.013034	-0.511801	-0.859104	0.000920	-0.010726	0.007461	0.999915	
3779														0.013749	0.353019	9.808552	-0.861215	0.508072	-0.013099	-0.508126	-0.861282	0.000975	-0.010787	0.007496	0.999914	
3780														0.085551	-0.065202	9.755497	-0.863300	0.504518	-0.013183	-0.504573	-0.863368	0.000977	-0.010889	0.007495	0.999913	
3781														0.196717	-0.042904	9.804556	-0.865152	0.501327	-0.013574	-0.501385	-0.865224	0.001012	-0.011237	0.007681	0.999907	
3782														-0.089443	0.192405	9.849102	-0.867144	0.497861	-0.013980	-0.497921	-0.867222	0.000916	-0.011668	0.007755	0.999902	
3783														-0.144964	0.420555	9.728149	-0.869837	0.493136	-0.014158	-0.493197	-0.869917	0.000984	-0.011831	0.007839	0.999899	
3784														-0.287815	0.350281	9.795328	-0.872874	0.487738	-0.014231	-0.487799	-0.872956	0.000961	-0.011954	0.007781	0.999898	
3785														-0.403690	0.012878	9.791675	-0.875384	0.483219	-0.014236	-0.483280	-0.875466	0.000938	-0.012010	0.007701	0.999898	
3786														-0.431568	0.004627	9.761081	-0.878311	0.477879	-0.014225	-0.477939	-0.878393	0.000953	-0.012040	0.007635	0.999898	
3787														-0.094695	-0.242464	9.777755	-0.881017	0.472885	-0.013763	-0.472942	-0.881093	0.001059	-0.011625	0.007442	0.999905	
3788														-0.154686	0.043153	9.803043	-0.883480	0.468266	-0.013807	-0.468323	-0.883556	0.001066	-0.011701	0.007408	0.999904	
3789														-0.274908	0.180636	9.767660	-0.885976	0.463524	-0.013832	-0.463581	-0.886054	0.001015	-0.011786	0.007312	0.999904	
3790														-0.231354	0.235318	9.828190	-0.888576	0.458523	-0.013742	-0.458580	-0.888653	0.001124	-0.011697	0.007301	0.999905	
3791														-0.448021	0.198555	9.788969	-0.891219	0.453368	-0.013683	-0.453424	-0.891294	0.001142	-0.011678	0.007222	0.999906	
3792														-0.240858	0.154440	9.740104	-0.893853	0.448154	-0.013595	-0.448209	-0.893928	0.001143	-0.011641	0.007115	0.999907	
3793														-0.200454	0.103204	9.771475	-0.896620	0.442593	-0.013532	-0.442648	-0.896695	0.001211	-0.011598	0.007076	0.999908	
3794														0.028728	-0.156225	9.826726	-0.899254	0.437220	-0.013437	-0.437275	-0.899327	0.001311	-0.011511	0.007055	0.999909	
3795														-0.068977	-0.046739	9.704616	-0.901947	0.431635	-0.013506	-0.431689	-0.902022	0.001274	-0.011633	0.006979	0.999908	
3796														-0.140072	0.254137	9.832731	-0.904636	0.425975	-0.013418	-0.426028	-0.904709	0.001303	-0.011585	0.006895	0.999909	
3797														-0.159018	0.384164	9.729114	-0.907369	0.420112	-0.013687	-0.420166	-0.907446	0.001182	-0.011924	0.006824	0.999906	
3798														-0.163169	0.095805	9.832094	-0.910044	0.414288	-0.013601	-0.414342	-0.910121	0.001269	-0.011853	0.006790	0.999907	
3799														-0.107852	-0.088304	9.761570	-0.912683	0.408442	-0.013591	-0.408495	-0.912760	0.001218	-0.011908	0.006663	0.999907	
3800														-0.153586	0.065955	9.759321	-0.915283	0.402578	-0.013695	-0.402632	-0.915361	0.001292	-0.012016	0.006697	0.999905	
3801														-0.411303	0.263120	9.673848	-0.917850	0.396679	-0.014036	-0.396733	-0.917933	0.001167	-0.012421	0.006640	0.999901	
3802														-0.185801	0.333655	9.875234	-0.920780	0.389837	-0.013828	-0.389889	-0.920861	0.001178	-0.012274	0.006476	0.999904	
3803														-0.263492	0.091804	9.871592	-0.924188	0.381700	-0.013461	-0.381751	-0.924264	0.001287	-0.011950	0.006328	0.999909	
3804														-0.140734	0.066024	9.701418	-0.927650	0.373196	-0.013788	-0.373247	-0.927731	0.001214	-0.012339	0.006272	0.999904	
3805														-0.031319	0.042831	9.794624	-0.930730	0.365448	-0.013734	-0.365499	-0.930811	0.001331	-0.012297	0.006259	0.999905	
3806														0.156727	0.077862	9.818238	-0.933609	0.358029	-0.013756	-0.358080	-0.933690	0.001304	-0.012377	0.006143	0.999905	
3807														0.053151	0.151341	9.798853	-0.936377	0.350728	-0.013708	-0.350779	-0.936457	0.001367	-0.012358	0.006088	0.999905	
3808														0.102687	-0.064105	9.727508	-0.938832	0.344099	-0.013801	-0.344149	-0.938914	0.001363	-0.012489	0.006029	0.999904	
3809														0.137437	-0.112712	9.714386	-0.940992	0.338150	-0.013742	-0.338200	-0.941073	0.001427	-0.012450	0.005990	0.999905	
3810														0.179820	0.047715	9.863444	-0.942867	0.332885	-0.013783	-0.332935	-0.942949	0.001413	-0.012526	0.005921	0.999904	
3811														0.168391	0.011886	9.730866	-0.944534	0.328122	-0.013813	-0.328173	-0.944617	0.001532	-0.012545	0.005980	0.999903	
3812														-0.001701	0.041643	9.766871	-0.946001	0.323876	-0.013663	-0.323926	-0.946081	0.001579	-0.012415	0.005920	0.999905	
3813														-0.019257	-0.043212	9.853746	-0.947364	0.319871	-0.013582	-0.319920	-0.947443	0.001528	-0.012379	0.005792	0.999907	
3814														-0.249843	0.035317	9.725782	-0.948695	0.315904	-0.013498	-0.315953	-0.948774	0.001564	-0.012313	0.005748	0.999908	
3815														-0.039836	0.089967	9.809258	-0.949973	0.312033	-0.013629	-0.312082	-0.950054	0.001546	-0.012466	0.005722	0.999906	
3816														-0.141450	0.111423	9.731259	-0.951190	0.308304	-0.013676	-0.308354	-0.951270	0.001624	-0.012508	0.005762	0.999905	
3817														-0.148648	0.157521	9.789786	-0.952468	0.304331	-0.013681	-0.304381	-0.952549	0.001662	-0.012526	0.005747	0.999905	
3818														-0.238618	0.071448	9.755869	-0.953783	0.300188	-0.013587	-0.300237	-0.953863	0.001743	-0.012437	0.005741	0.999906	
3819														-0.172894	-0.091699	9.831628	-0.955183	0.295708	-0.013483	-0.295756	-0.955262	0.001680	-0.012383	0.005593	0.999908	
3820														-0.034773	-0.112470	9.794104	-0.956485	0.291460	-0.013685	-0.291510	-0.956566	0.001792	-0.012568	0.005703	0.999905	
3821														0.046058	0.002494	9.725162	-0.957576	0.287859	-0.013602	-0.287908	-0.957656	0.001762	-0.012519	0.005603	0.999906	
3822														0.290508	-0.015902	9.810019	-0.958430	0.285002	-0.013612	-0.285051	-0.958511	0.001800	-0.012534	0.005605	0.999906	
3823														0.167248	-0.133735	9.788985	-0.959090	0.282769	-0.013689	-0.282819	-0.959172	0.001800	-0.012621	0.005598	0.999905	
3824														0.100229	-0.019382	9.800970	-0.959619	0.280984	-0.013367	-0.281032	-0.959697	0.001797	-0.012323	0.005481	0.999909	
3825														-0.091509	0.054154	9.762888	-0.960126	0.279243	-0.013502	-0.279291	-0.960205	0.001805	-0.012460	0.005504	0.999907	
3826														-0.144738	0.096001	9.775288	-0.960746	0.277096	-0.013622	-0.277145	-0.960826	0.001884	-0.012566	0.005585	0.999905	
3827														-0.188605	0.156393	9.758875	-0.961305	0.275155	-0.013530	-0.275203	-0.961384	0.001794	-0.012514	0.005448	0.999907	
3828														-0.129430	0.055331	9.790557	-0.961996	0.272718	-0.013754	-0.272767	-0.962078	0.001809	-0.012739	0.005492	0.999904	
3829														0.086074	-0.167243	9.785048	-0.962470	0.271046	-0.013623	-0.271095	-0.962551	0.001871	-0.012606	0.005494	0.999905	
3830														0.030699	-0.080222	9.768186	-0.962818	0.269808	-0.013636	-0.269856	-0.962899	0.001809	-0.012642	0.005421	0.999905	
3831														-0.005212	0.065048	9.767292	-0.963092	0.268826	-0.013669	-0.268875	-0.963173	0.001850	-0.012669	0.005457	0.999905	
3832														-0.169509	0.167928	9.804015	-0.963213	0.268386	-0.013799	-0.268436	-0.963296	0.001842	-0.012798	0.005478	0.999903	
3833														-0.261455	0.157084	9.770249	-0.963390	0.267749	-0.013812	-0.267798	-0.963474	0.001745	-0.012841	0.005380	0.999903	
3834														-0.246778	0.107191	9.774357	-0.963907	0.265877	-0.013755	-0.265925	-0.963990	0.001782	-0.012786	0.005376	0.999904	
3835														-0.232102	0.057298	9.778464	-0.964424	0.264004	-0.013697	-0.264053	-0.964507	0.001819	-0.012730	0.005371	0.999905	
3836														-0.078500	0.112390	9.749516	-0.964958	0.262052	-0.013573	-0.262099	-0.965039	0.001730	-0.012645	0.005227	0.999906	
3837														-0.067268	0.053245	9.749740	-0.965602	0.259663	-0.013709	-0.259712	-0.965684	0.001843	-0.012760	0.005340	0.999904	
3838														0.013248	-0.052843	9.797014	-0.966082	0.257875	-0.013625	-0.257922	-0.966164	0.001796	-0.012701	0.005249	0.999906	
3839														-0.181871	-0.017794	9.787802	-0.966452	0.256494	-0.013456	-0.256540	-0.966532	0.001782	-0.012549	0.005175	0.999908	
3840														-0.207074	0.034181	9.786907	-0.966806	0.255158	-0.013436	-0.255203	-0.966886	0.001723	-0.012552	0.005095	0.999908	
3841														-0.107467	0.066060	9.747936	-0.967231	0.253534	-0.013551	-0.253581	-0.967313	0.001791	-0.012654	0.005169	0.999907	
3842														-0.234395	0.087217	9.785962	-0.967684	0.251803	-0.013483	-0.251850	-0.967764	0.001872	-0.012577	0.005207	0.999907	
3843														-0.063331	0.138454	9.765235	-0.967905	0.250950	-0.013602	-0.250997	-0.967986	0.001812	-0.012712	0.005168	0.999906	
3844														-0.166865	0.171393	9.833841	-0.968307	0.249383	-0.013749	-0.249431	-0.968391	0.001810	-0.012863	0.005183	0.999904	
3845														-0.071364	0.119396	9.735502	-0.968866	0.247209	-0.013624	-0.247256	-0.968948	0.001882	-0.012735	0.005192	0.999905	
3846														-0.114708	-0.097232	9.805328	-0.969434	0.244971	-0.013647	-0.245018	-0.969517	0.001844	-0.012779	0.005131	0.999905	
3847														-0.184420	-0.018393	9.758465	-0.969908	0.243097	-0.013532	-0.243144	-0.969988	0.001935	-0.012655	0.005167	0.999907	
3848														-0.349221	0.079292	9.780455	-0.970422	0.241039	-0.013473	-0.241086	-0.970502	0.001968	-0.012601	0.005158	0.999907	
3849														-0.243714	0.033309	9.770596	-0.971003	0.238689	-0.013422	-0.238735	-0.971083	0.001953	-0.012568	0.005101	0.999908	
3850														-0.172723	0.151346	9.760205	-0.971552	0.236443	-0.013501	-0.236490	-0.971632	0.001955	-0.012655	0.005092	0.999907	
3851														-0.182744	0.032381	9.817617	-0.972061	0.234332	-0.013611	-0.234378	-0.972144	0.001850	-0.012798	0.004989	0.999906	
3852														-0.263733	0.070877	9.711311	-0.972610	0.232053	-0.013459	-0.232099	-0.972690	0.001937	-0.012642	0.005008	0.999908	
3853														-0.186701	0.129798	9.876785	-0.973091	0.230032	-0.013359	-0.230078	-0.973170	0.001990	-0.012543	0.005010	0.999909	
3854														-0.364606	0.232096	9.692955	-0.973776	0.227104	-0.013552	-0.227150	-0.973858	0.001883	-0.012770	0.004912	0.999906	
3855														0.000522	0.028155	9.797224	-0.974535	0.223838	-0.013375	-0.223883	-0.974614	0.001924	-0.012605	0.004870	0.999909	
3856														-0.169673	0.004539	9.788793	-0.975278	0.220567	-0.013559	-0.220612	-0.975360	0.001902	-0.012806	0.004846	0.999906	
3857														-0.105617	0.157183	9.837142	-0.975991	0.217386	-0.013606	-0.217433	-0.976073	0.002049	-0.012836	0.004958	0.999905	
3858														-0.144254	0.052421	9.731803	-0.976695	0.214200	-0.013626	-0.214247	-0.976777	0.002073	-0.012866	0.004944	0.999905	
3859														-0.108850	0.072897	9.792368	-0.977373	0.211087	-0.013543	-0.211134	-0.977455	0.002129	-0.012788	0.004940	0.999906	
3860														0.066826	0.086317	9.801069	-0.978037	0.207986	-0.013616	-0.208034	-0.978119	0.002158	-0.012869	0.004943	0.999905	
3861														-0.014415	0.025292	9.723375	-0.978637	0.205129	-0.013865	-0.205177	-0.978722	0.002161	-0.013127	0.004960	0.999902	
3862														-0.075585	-0.089226	9.836830	-0.979191	0.202469	-0.013825	-0.202517	-0.979276	0.002166	-0.013100	0.004921	0.999902	
3863														0.146807	-0.032639	9.804211	-0.979716	0.199915	-0.013777	-0.199963	-0.979801	0.002189	-0.013062	0.004899	0.999903	
3864														-0.118369	-0.064626	9.746939	-0.980156	0.197745	-0.013822	-0.197793	-0.980241	0.002189	-0.013116	0.004879	0.999902	
3865														-0.184194	0.017235	9.788418	-0.980663	0.195218	-0.013807	-0.195267	-0.980747	0.002279	-0.013097	0.004931	0.999902	
3866														-0.340783	0.231833	9.797235	-0.981122	0.192906	-0.013709	-0.192955	-0.981205	0.002336	-0.013001	0.004937	0.999903	
3867														-0.029733	0.189817	9.782853	-0.981595	0.190481	-0.013737	-0.190529	-0.981679	0.002233	-0.013060	0.004809	0.999903	
3868														-0.308631	-0.090328	9.796017	-0.982068	0.188056	-0.013353	-0.188102	-0.982147	0.002261	-0.012690	0.004732	0.999908	
3869														-0.100647	-0.005749	9.777551	-0.982560	0.185473	-0.013258	-0.185520	-0.982638	0.002323	-0.012597	0.004742	0.999909	
3870														0.074902	0.012874	9.786286	-0.982997	0.183138	-0.013344	-0.183185	-0.983075	0.002409	-0.012677	0.004813	0.999908	
3871														-0.006473	0.034375	9.797202	-0.983404	0.180940	-0.013279	-0.180987	-0.983482	0.002428	-0.012621	0.004791	0.999909	
3872														-0.128876	0.045980	9.732669	-0.983822	0.178662	-0.013201	-0.178709	-0.983899	0.002456	-0.012550	0.004775	0.999910	
3873														-0.114540	0.158024	9.807755	-0.984214	0.176492	-0.013171	-0.176538	-0.984291	0.002440	-0.012534	0.004727	0.999910	
3874														-0.131983	0.044697	9.791190	-0.984652	0.174039	-0.013103	-0.174084	-0.984728	0.002417	-0.012482	0.004661	0.999911	
3875														-0.179943	0.014985	9.744570	-0.985132	0.171304	-0.013049	-0.171351	-0.985207	0.002530	-0.012422	0.004728	0.999912	
3876														-0.246888	0.009893	9.741304	-0.985570	0.168737	-0.013364	-0.168785	-0.985650	0.002496	-0.012751	0.004716	0.999908	
3877														-0.011302	0.068142	9.782752	-0.986034	0.166027	-0.013121	-0.166073	-0.986110	0.002461	-0.012530	0.004606	0.999911	
3878														-0.171634	0.159120	9.805165	-0.986499	0.163237	-0.013192	-0.163283	-0.986576	0.002482	-0.012610	0.004603	0.999910	
3879														-0.386113	0.146408	9.735948	-0.987007	0.160131	-0.013261	-0.160176	-0.987085	0.002429	-0.012701	0.004522	0.999909	
3880														-0.173644	0.158529	9.790498	-0.987514	0.156976	-0.013197	-0.157022	-0.987592	0.002524	-0.012637	0.004565	0.999910	
3881														-0.271486	0.096511	9.755751	-0.988130	0.153064	-0.013088	-0.153109	-0.988206	0.002560	-0.012542	0.004533	0.999911	
3882														-0.125806	-0.035329	9.878809	-0.988602	0.149994	-0.012985	-0.150039	-0.988677	0.002535	-0.012458	0.004454	0.999912	
3883														-0.306166	0.158193	9.637431	-0.989107	0.146609	-0.013183	-0.146656	-0.989184	0.002649	-0.012652	0.004553	0.999910	
3884														-0.137270	0.149826	9.777671	-0.989627	0.143031	-0.013438	-0.143079	-0.989707	0.002709	-0.012912	0.004603	0.999906	
3885														-0.168847	0.199301	9.747366	-0.990203	0.139007	-0.013207	-0.139054	-0.990281	0.002735	-0.012698	0.004545	0.999909	
3886														-0.203061	0.458054	9.821917	-0.990881	0.134094	-0.013183	-0.134141	-0.990959	0.002742	-0.012696	0.004485	0.999909	
3887														-0.338264	-0.086727	9.823956	-0.991590	0.128731	-0.013299	-0.128779	-0.991669	0.002798	-0.012828	0.004487	0.999908	
3888														-0.451653	0.063622	9.702801	-0.992299	0.123138	-0.013396	-0.123187	-0.992379	0.002886	-0.012938	0.004514	0.999906	
3889														-0.322949	0.044906	9.826247	-0.993026	0.117171	-0.013055	-0.117218	-0.993102	0.002895	-0.012626	0.004406	0.999911	
3890														-0.332124	0.034800	9.825666	-0.993785	0.110591	-0.012661	-0.110637	-0.993856	0.003009	-0.012251	0.004391	0.999915	
3891														-0.194435	0.020436	9.788137	-0.994475	0.104205	-0.012652	-0.104251	-0.994546	0.003047	-0.012265	0.004349	0.999915	
3892														-0.073216	0.051024	9.794361	-0.995153	0.097551	-0.012458	-0.097596	-0.995222	0.003005	-0.012106	0.004207	0.999918	
3893														0.042808	-0.029588	9.725563	-0.995765	0.091080	-0.012495	-0.091125	-0.995835	0.003108	-0.012159	0.004233	0.999917	
3894														-0.123875	0.122055	9.763555	-0.996316	0.084867	-0.012346	-0.084911	-0.996384	0.003050	-0.012043	0.004087	0.999919	
3895														-0.388818	0.254653	9.782055	-0.996834	0.078534	-0.012446	-0.078578	-0.996903	0.003105	-0.012164	0.004073	0.999918	
