// Start Time: Unknown: 
// Update Rate: 60.0Hz 
// Filter Profile: human (46.1) 
// Firmware Version: 4.6.0
// Option Flags: AHS Disabled ICC Disabled 
PacketCounter	SampleTimeFine	Year	Month	Day	Second	UTC_Nano	UTC_Year	UTC_Month	UTC_Day	UTC_Hour	UTC_Minute	UTC_Second	UTC_Valid	Acc_X	Acc_Y	Acc_Z	Mat[1][1]	Mat[2][1]	Mat[3][1]	Mat[1][2]	Mat[2][2]	Mat[3][2]	Mat[1][3]	Mat[2][3]	Mat[3][3] 
13512								2021	08	20	14	51	26.043	9.662583	0.124423	1.614325	-0.047733	0.982959	0.177520	-0.158277	-0.182920	0.970303	0.986240	0.018219	0.164312	
13513								2021	08	20	14	51	26.06	9.666420	0.143399	1.607976	-0.047689	0.982971	0.177462	-0.158424	-0.182859	0.970291	0.986219	0.018158	0.164447	
13514								2021	08	20	14	51	26.076	9.640006	0.088371	1.629121	-0.047511	0.983061	0.177016	-0.158671	-0.182393	0.970338	0.986188	0.018015	0.164649	
13515								2021	08	20	14	51	26.093	9.630335	0.151173	1.708235	-0.047607	0.983135	0.176579	-0.159011	-0.181984	0.970359	0.986128	0.018118	0.164993	
13516								2021	08	20	14	51	26.11	9.619176	0.034524	1.782009	-0.047664	0.983001	0.177304	-0.158538	-0.182701	0.970302	0.986202	0.018139	0.164551	
13517								2021	08	20	14	51	26.126	9.634099	0.136535	1.629199	-0.047599	0.982870	0.178045	-0.157658	-0.183405	0.970313	0.986346	0.018116	0.163687	
13518								2021	08	20	14	51	26.143	9.659825	0.165402	1.556880	-0.047675	0.982761	0.178630	-0.156955	-0.183982	0.970317	0.986454	0.018223	0.163020	
13519								2021	08	20	14	51	26.16	9.672840	0.165040	1.585691	-0.047749	0.982770	0.178556	-0.156638	-0.183916	0.970381	0.986501	0.018366	0.162721	
13520								2021	08	20	14	51	26.176	9.673015	0.180339	1.622050	-0.047859	0.982706	0.178881	-0.156381	-0.184250	0.970359	0.986537	0.018467	0.162494	
13521								2021	08	20	14	51	26.193	9.613691	0.009125	1.823184	-0.047828	0.982833	0.178192	-0.156019	-0.183558	0.970549	0.986595	0.018618	0.162120	
13522								2021	08	20	14	51	26.21	9.639594	0.171028	1.651173	-0.047949	0.982786	0.178420	-0.155272	-0.183787	0.970625	0.986707	0.018837	0.161411	
13523								2021	08	20	14	51	26.226	9.621088	-0.019153	1.874693	-0.047881	0.982670	0.179075	-0.153879	-0.184397	0.970731	0.986929	0.018923	0.160042	
13524								2021	08	20	14	51	26.243	9.676680	0.314318	1.499901	-0.047897	0.982590	0.179509	-0.152171	-0.184796	0.970925	0.987193	0.019189	0.158372	
13525								2021	08	20	14	51	26.26	9.671095	0.270619	1.480359	-0.047658	0.982618	0.179418	-0.151099	-0.184647	0.971120	0.987369	0.019172	0.157273	
13526								2021	08	20	14	51	26.276	9.641601	0.241088	1.406166	-0.047375	0.982684	0.179130	-0.150759	-0.184312	0.971237	0.987435	0.019007	0.156881	
13527								2021	08	20	14	51	26.293	9.554593	-0.038800	1.767043	-0.047101	0.982746	0.178863	-0.150745	-0.184004	0.971297	0.987450	0.018787	0.156810	
13528								2021	08	20	14	51	26.31	9.645204	0.095847	1.661496	-0.046960	0.982864	0.178252	-0.150403	-0.183372	0.971470	0.987509	0.018810	0.156437	
13529								2021	08	20	14	51	26.326	9.662287	0.092256	1.625195	-0.046734	0.983021	0.177440	-0.149950	-0.182526	0.971699	0.987588	0.018804	0.155935	
13530								2021	08	20	14	51	26.343	9.697015	0.218956	1.683058	-0.046276	0.983161	0.176786	-0.149356	-0.181796	0.971927	0.987700	0.018573	0.155254	
13531								2021	08	20	14	51	26.36	9.638549	0.112806	1.631170	-0.045632	0.983063	0.177496	-0.147710	-0.182368	0.972072	0.987977	0.018140	0.153530	
13532								2021	08	20	14	51	26.376	9.710760	0.186504	1.432736	-0.045068	0.982991	0.178039	-0.146200	-0.182791	0.972221	0.988228	0.017787	0.151951	
13533								2021	08	20	14	51	26.393	9.649510	0.160764	1.415936	-0.044388	0.982996	0.178180	-0.145056	-0.182807	0.972389	0.988427	0.017316	0.150704	
13534								2021	08	20	14	51	26.41	9.677916	0.095459	1.525180	-0.043911	0.983092	0.177769	-0.143933	-0.182309	0.972649	0.988613	0.017123	0.149504	
13535								2021	08	20	14	51	26.426	9.647147	0.080766	1.518777	-0.043442	0.983269	0.176901	-0.142815	-0.181362	0.972991	0.988796	0.017005	0.148305	
13536								2021	08	20	14	51	26.443	9.659660	0.218272	1.490430	-0.043021	0.983472	0.175876	-0.141705	-0.180266	0.973357	0.988974	0.016952	0.147119	
13537								2021	08	20	14	51	26.46	9.629824	0.282138	1.454895	-0.042308	0.983633	0.175149	-0.140523	-0.179422	0.973684	0.989173	0.016582	0.145813	
13538								2021	08	20	14	51	26.476	9.624654	0.189223	1.560847	-0.041300	0.983679	0.175130	-0.138970	-0.179231	0.973942	0.989435	0.015887	0.144104	
13539								2021	08	20	14	51	26.493	9.697816	0.186357	1.343074	-0.040294	0.983873	0.174271	-0.137263	-0.178210	0.974372	0.989715	0.015341	0.142230	
13540								2021	08	20	14	51	26.51	9.646077	0.081147	1.451740	-0.039317	0.984133	0.173019	-0.135872	-0.176810	0.974822	0.989946	0.014819	0.140668	
13541								2021	08	20	14	51	26.526	9.660167	-0.076830	1.546600	-0.038250	0.984316	0.172215	-0.134353	-0.175842	0.975207	0.990195	0.014164	0.138972	
13542								2021	08	20	14	51	26.543	9.702868	0.243498	1.309403	-0.037104	0.984447	0.171718	-0.132722	-0.175168	0.975552	0.990459	0.013406	0.137158	
13543								2021	08	20	14	51	26.56	9.690812	0.238878	1.292664	-0.035772	0.984674	0.170698	-0.131504	-0.173961	0.975933	0.990670	0.012464	0.135712	
13544								2021	08	20	14	51	26.576	9.715240	0.168527	1.191815	-0.034225	0.984968	0.169310	-0.130782	-0.172367	0.976312	0.990820	0.011271	0.134716	
13545								2021	08	20	14	51	26.593	9.661921	0.210791	1.297344	-0.032482	0.985316	0.167621	-0.130412	-0.170454	0.976698	0.990928	0.009866	0.134034	
13546								2021	08	20	14	51	26.61	9.519128	-0.428899	1.893157	-0.031249	0.985821	0.164864	-0.129167	-0.167545	0.977366	0.991130	0.009247	0.132571	
13547								2021	08	20	14	51	26.626	9.774898	0.145282	1.275167	-0.030699	0.986311	0.162011	-0.127257	-0.164625	0.978113	0.991395	0.009410	0.130569	
13548								2021	08	20	14	51	26.643	9.670528	0.132101	1.253719	-0.029866	0.986873	0.158712	-0.125683	-0.161231	0.978881	0.991621	0.009288	0.128849	
13549								2021	08	20	14	51	26.66	9.769870	0.074969	1.146790	-0.028978	0.987553	0.154597	-0.124672	-0.157025	0.979694	0.991775	0.009115	0.127671	
13550								2021	08	20	14	51	26.676	9.711287	0.022252	1.249033	-0.028825	0.988494	0.148487	-0.123696	-0.150934	0.980774	0.991901	0.009904	0.126623	
13551								2021	08	20	14	51	26.693	9.752356	0.104205	1.321370	-0.029160	0.989443	0.141961	-0.122723	-0.144490	0.981866	0.992012	0.011210	0.125641	
13552								2021	08	20	14	51	26.71	9.629490	-0.116460	1.454808	-0.029377	0.990205	0.136493	-0.121392	-0.139076	0.982813	0.992170	0.012303	0.124289	
13553								2021	08	20	14	51	26.726	9.687403	-0.068756	1.333419	-0.029581	0.990836	0.131788	-0.119447	-0.134405	0.983701	0.992400	0.013357	0.122329	
13554								2021	08	20	14	51	26.743	9.728958	-0.002123	1.354967	-0.029697	0.991261	0.128526	-0.117006	-0.131147	0.984434	0.992687	0.014196	0.119878	
13555								2021	08	20	14	51	26.76	9.696618	0.030897	1.207622	-0.029752	0.991541	0.126336	-0.114021	-0.128933	0.985076	0.993033	0.014903	0.116893	
13556								2021	08	20	14	51	26.776	9.683384	0.124294	1.254327	-0.030004	0.991926	0.123217	-0.110573	-0.125810	0.985873	0.993415	0.015956	0.113455	
13557								2021	08	20	14	51	26.793	9.632482	-0.216344	1.404467	-0.030562	0.992218	0.120702	-0.105802	-0.123291	0.986714	0.993917	0.017385	0.108747	
13558								2021	08	20	14	51	26.81	9.740608	-0.064285	1.291610	-0.031321	0.992467	0.118445	-0.100319	-0.121026	0.987567	0.994462	0.019049	0.103354	
13559								2021	08	20	14	51	26.826	9.754774	0.053916	1.057574	-0.032114	0.992630	0.116855	-0.094734	-0.119412	0.988315	0.994984	0.020669	0.097871	
13560								2021	08	20	14	51	26.843	9.746557	0.162835	1.021629	-0.033304	0.992718	0.115763	-0.089184	-0.118317	0.988963	0.995458	0.022612	0.092475	
13561								2021	08	20	14	51	26.86	9.738892	0.200964	1.053111	-0.034628	0.992930	0.113536	-0.083753	-0.116088	0.989701	0.995885	0.024763	0.087180	
13562								2021	08	20	14	51	26.876	9.789876	0.228000	0.847413	-0.036286	0.993074	0.111747	-0.077983	-0.114293	0.990382	0.996294	0.027223	0.081590	
13563								2021	08	20	14	51	26.893	9.763613	0.165321	0.790425	-0.038010	0.993187	0.110160	-0.072463	-0.112689	0.990985	0.996647	0.029685	0.076252	
13564								2021	08	20	14	51	26.91	9.747513	0.248778	0.760357	-0.039598	0.993207	0.109412	-0.067291	-0.111900	0.991439	0.996947	0.031896	0.071265	
13565								2021	08	20	14	51	26.926	9.762216	0.248677	0.766308	-0.041009	0.993119	0.109697	-0.062105	-0.112111	0.991753	0.997227	0.033859	0.066275	
13566								2021	08	20	14	51	26.943	9.737533	0.277491	0.750379	-0.042316	0.993012	0.110163	-0.056963	-0.112480	0.992020	0.997479	0.035703	0.061325	
13567								2021	08	20	14	51	26.96	9.730934	0.328117	0.708792	-0.043877	0.992970	0.109930	-0.051138	-0.112124	0.992378	0.997727	0.037921	0.055698	
13568								2021	08	20	14	51	26.976	9.752585	0.381301	0.603869	-0.045233	0.992918	0.109856	-0.045484	-0.111902	0.992678	0.997940	0.039905	0.050223	
13569								2021	08	20	14	51	26.993	9.732345	0.364918	0.489856	-0.046498	0.992843	0.110007	-0.039934	-0.111885	0.992918	0.998120	0.041775	0.044851	
13570								2021	08	20	14	51	27.01	9.684826	0.034686	0.604226	-0.048068	0.992653	0.111038	-0.033905	-0.112724	0.993048	0.998268	0.043969	0.039074	
13571								2021	08	20	14	51	27.026	9.770646	0.329231	0.457598	-0.049877	0.992457	0.111993	-0.027640	-0.113461	0.993158	0.998373	0.046440	0.033091	
13572								2021	08	20	14	51	27.043	9.849589	0.509361	0.284235	-0.051794	0.992317	0.112354	-0.021667	-0.113596	0.993291	0.998423	0.049012	0.027384	
13573								2021	08	20	14	51	27.06	9.899257	0.686502	0.177954	-0.053433	0.992155	0.113018	-0.016744	-0.114054	0.993333	0.998431	0.051184	0.022706	
13574								2021	08	20	14	51	27.076	9.838406	0.452210	0.261994	-0.054831	0.992016	0.113567	-0.012560	-0.114415	0.993354	0.998417	0.053040	0.018733	
13575								2021	08	20	14	51	27.093	9.840645	0.334006	0.344085	-0.056318	0.991664	0.115893	-0.008200	-0.116533	0.993153	0.998379	0.054982	0.014694	
13576								2021	08	20	14	51	27.11	9.812495	0.355178	0.317957	-0.058064	0.991367	0.117561	-0.003527	-0.117963	0.993012	0.998307	0.057244	0.010346	
13577								2021	08	20	14	51	27.126	9.784421	0.442414	0.372042	-0.059654	0.990786	0.121593	0.001970	-0.121693	0.992566	0.998217	0.059450	0.005308	
13578								2021	08	20	14	51	27.143	9.786529	0.564137	0.349862	-0.061183	0.990234	0.125272	0.008891	-0.124962	0.992122	0.998087	0.061815	-0.001158	
13579								2021	08	20	14	51	27.16	9.825751	0.379005	0.371256	-0.063132	0.989501	0.130010	0.017451	-0.129156	0.991471	0.997853	0.064862	-0.009114	
13580								2021	08	20	14	51	27.176	9.893139	0.162635	0.389614	-0.066147	0.988803	0.133767	0.027936	-0.132173	0.990833	0.997419	0.069278	-0.018880	
13581								2021	08	20	14	51	27.193	10.031121	0.111509	0.424033	-0.070609	0.988028	0.137167	0.040369	-0.134567	0.990082	0.996687	0.075446	-0.030384	
13582								2021	08	20	14	51	27.21	10.167135	-0.091429	0.564561	-0.076276	0.986899	0.142170	0.054437	-0.138251	0.988900	0.995600	0.083169	-0.043178	
13583								2021	08	20	14	51	27.226	10.397940	0.243503	0.343475	-0.083488	0.985756	0.145996	0.069239	-0.140415	0.987669	0.994100	0.092567	-0.056530	
13584								2021	08	20	14	51	27.243	10.632598	0.749335	0.512844	-0.091602	0.984372	0.150403	0.084863	-0.142772	0.986111	0.992173	0.103094	-0.070459	
13585								2021	08	20	14	51	27.26	10.932066	1.175181	0.673254	-0.099452	0.982737	0.156003	0.101715	-0.145919	0.984054	0.989830	0.113734	-0.085447	
13586								2021	08	20	14	51	27.276	11.307242	1.144429	0.765884	-0.107617	0.981028	0.161253	0.120049	-0.148186	0.981646	0.986918	0.125000	-0.101825	
13587								2021	08	20	14	51	27.293	11.350101	1.717544	0.573551	-0.115186	0.978887	0.168856	0.140256	-0.152258	0.978338	0.983392	0.136374	-0.119757	
13588								2021	08	20	14	51	27.31	11.208112	1.764315	1.208540	-0.121651	0.976255	0.179241	0.163960	-0.158337	0.973677	0.978937	0.147837	-0.140805	
13589								2021	08	20	14	51	27.326	11.506698	2.362756	0.595729	-0.126647	0.973552	0.190152	0.188225	-0.164627	0.968230	0.973926	0.158415	-0.162397	
13590								2021	08	20	14	51	27.343	11.676754	1.471428	1.739103	-0.130741	0.970679	0.201714	0.213689	-0.171088	0.961804	0.968114	0.168851	-0.185055	
13591								2021	08	20	14	51	27.36	11.934752	1.268614	0.822788	-0.136491	0.967499	0.212877	0.239023	-0.176376	0.954861	0.961373	0.181212	-0.207181	
13592								2021	08	20	14	51	27.376	11.478369	0.859813	1.292943	-0.140238	0.964490	0.223812	0.266708	-0.180892	0.946649	0.953520	0.192448	-0.231870	
13593								2021	08	20	14	51	27.393	11.722233	0.357282	0.734959	-0.142243	0.961508	0.235095	0.297442	-0.185012	0.936642	0.944084	0.203158	-0.259677	
13594								2021	08	20	14	51	27.41	12.246677	1.748144	-1.033408	-0.141094	0.959468	0.243953	0.329005	-0.186969	0.925634	0.933728	0.210863	-0.289290	
13595								2021	08	20	14	51	27.426	13.341787	0.908280	-3.039008	-0.141819	0.956613	0.254516	0.359081	-0.189887	0.913785	0.922469	0.220984	-0.316572	
13596								2021	08	20	14	51	27.443	12.898093	-0.241600	-3.447968	-0.144101	0.953133	0.266030	0.388228	-0.192830	0.901164	0.910228	0.233139	-0.342246	
13597								2021	08	20	14	51	27.46	12.180542	-0.561657	-2.892032	-0.151050	0.948402	0.278780	0.417823	-0.194333	0.887501	0.895884	0.250538	-0.366910	
13598								2021	08	20	14	51	27.476	10.649363	1.474917	-1.230358	-0.160091	0.942321	0.293943	0.440169	-0.198389	0.875724	0.883528	0.269581	-0.383020	
13599								2021	08	20	14	51	27.493	10.155520	-0.033491	3.344490	-0.164158	0.934838	0.314849	0.452550	-0.212235	0.866115	0.876499	0.284665	-0.388221	
13600								2021	08	20	14	51	27.51	9.228718	-0.875674	2.073489	-0.169845	0.927466	0.333107	0.457306	-0.225243	0.860312	0.872940	0.298452	-0.385879	
13601								2021	08	20	14	51	27.526	6.245883	-1.704937	4.666687	-0.175979	0.920638	0.348507	0.453911	-0.238259	0.858602	0.873497	0.309287	-0.375959	
13602								2021	08	20	14	51	27.543	5.799109	-0.869219	4.167412	-0.180684	0.913889	0.363539	0.447274	-0.252843	0.857914	0.875956	0.317613	-0.363074	
13603								2021	08	20	14	51	27.56	6.156078	-1.592899	3.065719	-0.184603	0.908712	0.374384	0.435894	-0.265714	0.859880	0.880862	0.321928	-0.347050	
13604								2021	08	20	14	51	27.576	6.351672	-0.900460	2.800992	-0.188420	0.905939	0.379174	0.418237	-0.275309	0.865611	0.888581	0.321683	-0.327023	
13605								2021	08	20	14	51	27.593	5.868019	-0.348057	3.297829	-0.189943	0.904795	0.381139	0.394553	-0.285134	0.873514	0.899027	0.316297	-0.302830	
13606								2021	08	20	14	51	27.61	6.409705	-0.100027	2.739811	-0.188578	0.904625	0.382220	0.365433	-0.296615	0.882314	0.911535	0.306061	-0.274644	
13607								2021	08	20	14	51	27.626	7.486112	-0.082310	1.854565	-0.185394	0.905921	0.380706	0.330782	-0.307279	0.892280	0.925318	0.291354	-0.242694	
13608								2021	08	20	14	51	27.643	8.683267	0.207396	1.269438	-0.180717	0.908805	0.376053	0.290830	-0.315873	0.903129	0.939553	0.272578	-0.207224	
13609								2021	08	20	14	51	27.66	9.240610	0.296616	1.235222	-0.173631	0.911343	0.373236	0.247248	-0.326514	0.912281	0.953268	0.250682	-0.168635	
13610								2021	08	20	14	51	27.676	9.762496	0.627768	1.199604	-0.165307	0.914000	0.370511	0.201062	-0.336558	0.919947	0.965530	0.226570	-0.128135	
13611								2021	08	20	14	51	27.693	11.101382	0.571398	0.235916	-0.155758	0.916154	0.369325	0.153711	-0.346854	0.925238	0.975763	0.200882	-0.086797	
13612								2021	08	20	14	51	27.71	12.595158	0.893740	-0.899371	-0.146709	0.920098	0.363176	0.103380	-0.350876	0.930698	0.983763	0.174087	-0.043643	
13613								2021	08	20	14	51	27.726	12.575439	0.789075	-0.925510	-0.137148	0.923527	0.358175	0.051234	-0.354494	0.933654	0.989225	0.146399	0.001302	
13614								2021	08	20	14	51	27.743	12.826889	1.296472	-0.997073	-0.127335	0.926121	0.355085	-0.000867	-0.358103	0.933682	0.991859	0.118583	0.046402	
13615								2021	08	20	14	51	27.76	13.258074	1.614874	-1.254250	-0.116561	0.928386	0.352863	-0.053682	-0.360655	0.931153	0.991732	0.089594	0.091876	
13616								2021	08	20	14	51	27.776	13.295290	1.850548	-1.084588	-0.105772	0.930769	0.349972	-0.107641	-0.360595	0.926490	0.988547	0.060326	0.138330	
13617								2021	08	20	14	51	27.793	12.520062	2.078795	-0.326897	-0.095388	0.933215	0.346425	-0.161712	-0.357917	0.919644	0.982217	0.031702	0.185053	
13618								2021	08	20	14	51	27.81	12.007567	1.896407	0.224244	-0.086376	0.935295	0.343166	-0.213467	-0.353828	0.910625	0.973124	0.005401	0.230217	
13619								2021	08	20	14	51	27.826	12.816326	2.124125	-0.260565	-0.078533	0.936314	0.342270	-0.261949	-0.350647	0.899127	0.961881	-0.019046	0.272804	
13620								2021	08	20	14	51	27.843	12.744662	2.121468	-0.563682	-0.070572	0.936119	0.344531	-0.308408	-0.348946	0.884941	0.948633	-0.043804	0.313332	
13621								2021	08	20	14	51	27.86	11.894157	1.854550	-0.275100	-0.062635	0.934828	0.349533	-0.350708	-0.348502	0.869224	0.934388	-0.068140	0.349680	
13622								2021	08	20	14	51	27.876	11.118817	2.312342	-0.352162	-0.053907	0.932126	0.358099	-0.386883	-0.350106	0.853081	0.920552	-0.092555	0.379497	
13623								2021	08	20	14	51	27.893	10.457969	2.491324	-0.835004	-0.043236	0.927956	0.370172	-0.417223	-0.353433	0.837263	0.907775	-0.118244	0.402446	
13624								2021	08	20	14	51	27.91	10.297219	2.753505	-1.460779	-0.030781	0.923297	0.382853	-0.440734	-0.356324	0.823885	0.897110	-0.143376	0.417896	
13625								2021	08	20	14	51	27.926	10.783899	2.084538	-3.060689	-0.018029	0.918125	0.395881	-0.458736	-0.359407	0.812643	0.888390	-0.166954	0.427657	
13626								2021	08	20	14	51	27.943	9.891970	2.364590	-2.694705	-0.008296	0.912695	0.408556	-0.471741	-0.363820	0.803178	0.881698	-0.186070	0.433574	
13627								2021	08	20	14	51	27.96	9.587077	1.689071	-2.934345	-0.002235	0.907461	0.420131	-0.479238	-0.369716	0.796016	0.877682	-0.199564	0.435716	
13628								2021	08	20	14	51	27.976	9.260176	1.420342	-2.410169	-0.001069	0.903581	0.428415	-0.480380	-0.376210	0.792276	0.877060	-0.204955	0.434464	
13629								2021	08	20	14	51	27.993	9.070578	1.814120	-1.993605	-0.000937	0.901614	0.432541	-0.476245	-0.380742	0.792608	0.879312	-0.205253	0.429746	
13630								2021	08	20	14	51	28.01	9.242184	-5.091167	-1.375476	-0.007692	0.911112	0.412087	-0.465571	-0.367972	0.804885	0.884977	-0.185665	0.427018	
13631								2021	08	20	14	51	28.026	8.687046	2.893546	-2.593733	-0.028009	0.926456	0.375360	-0.447304	-0.347430	0.824143	0.893943	-0.144817	0.424139	
13632								2021	08	20	14	51	28.043	9.814539	4.560301	1.772847	-0.041386	0.939707	0.339466	-0.431456	-0.323255	0.842231	0.901184	-0.111608	0.418820	
13633								2021	08	20	14	51	28.06	8.442718	-1.819254	10.361079	-0.050411	0.948770	0.311921	-0.416692	-0.303817	0.856775	0.907649	-0.086784	0.410660	
13634								2021	08	20	14	51	28.076	8.589770	2.227213	6.751480	-0.064465	0.952152	0.298747	-0.389561	-0.299628	0.870899	0.918742	-0.060238	0.390237	
13635								2021	08	20	14	51	28.093	13.558158	8.085887	0.672375	-0.072744	0.950972	0.300600	-0.361038	-0.306066	0.880894	0.929710	-0.044449	0.365602	
13636								2021	08	20	14	51	28.11	12.741084	-0.350558	1.896292	-0.072409	0.949097	0.306548	-0.337113	-0.312555	0.888068	0.938676	-0.039037	0.342585	
13637								2021	08	20	14	51	28.126	10.773685	-1.433595	2.305925	-0.072617	0.948125	0.309494	-0.312195	-0.316327	0.895808	0.947238	-0.031571	0.318971	
13638								2021	08	20	14	51	28.143	10.380860	-0.055155	1.854373	-0.074022	0.947762	0.310272	-0.288762	-0.318167	0.902987	0.954535	-0.022754	0.297229	
13639								2021	08	20	14	51	28.16	10.485137	2.009302	1.467747	-0.077377	0.947156	0.311299	-0.267535	-0.320509	0.908680	0.960436	-0.012972	0.278198	
13640								2021	08	20	14	51	28.176	10.211883	0.293754	1.091531	-0.079779	0.946925	0.311399	-0.250759	-0.321413	0.913134	0.964757	-0.005237	0.263091	
13641								2021	08	20	14	51	28.193	9.819713	-0.439637	1.183118	-0.083188	0.947340	0.309236	-0.236766	-0.320215	0.917281	0.967999	0.003091	0.250936	
13642								2021	08	20	14	51	28.21	9.699631	2.373269	2.227556	-0.087613	0.947729	0.306811	-0.224743	-0.318860	0.920771	0.970471	0.011718	0.240932	
13643								2021	08	20	14	51	28.226	10.722279	2.047235	1.596274	-0.088485	0.948498	0.304175	-0.214760	-0.316357	0.924011	0.972650	0.016437	0.231692	
13644								2021	08	20	14	51	28.243	9.928060	1.038131	2.388455	-0.086748	0.949592	0.301246	-0.205611	-0.312941	0.927250	0.974781	0.018498	0.222394	
13645								2021	08	20	14	51	28.26	9.778108	0.731828	2.309860	-0.083588	0.950721	0.298569	-0.196091	-0.309452	0.930477	0.977017	0.019230	0.212295	
13646								2021	08	20	14	51	28.276	9.560567	-0.014525	2.247945	-0.079418	0.951881	0.295999	-0.186235	-0.305877	0.933679	0.979290	0.019026	0.201566	
13647								2021	08	20	14	51	28.293	9.795127	-0.485059	1.189453	-0.076056	0.953422	0.291895	-0.176706	-0.300998	0.937110	0.981321	0.019694	0.191368	
13648								2021	08	20	14	51	28.31	9.787871	-0.463166	1.377495	-0.073987	0.955388	0.285935	-0.168951	-0.294585	0.940572	0.982844	0.021281	0.183209	
13649								2021	08	20	14	51	28.326	9.630834	0.096242	1.305328	-0.072669	0.958062	0.277193	-0.162099	-0.285578	0.944547	0.984095	0.023707	0.176053	
13650								2021	08	20	14	51	28.343	9.970718	0.277161	1.801040	-0.071899	0.961433	0.265475	-0.155413	-0.273712	0.949173	0.985230	0.026987	0.169099	
13651								2021	08	20	14	51	28.36	9.795194	0.430295	1.933673	-0.071614	0.964787	0.253096	-0.149294	-0.261258	0.953654	0.986196	0.030510	0.162747	
13652								2021	08	20	14	51	28.376	9.801066	0.014466	1.523113	-0.071584	0.967485	0.242586	-0.141705	-0.250608	0.957662	0.987317	0.034177	0.155037	
13653								2021	08	20	14	51	28.393	9.726525	0.075963	1.454252	-0.071994	0.969611	0.233817	-0.134385	-0.241718	0.960996	0.988310	0.037764	0.147704	
13654								2021	08	20	14	51	28.41	9.819040	0.241336	1.635399	-0.072597	0.971225	0.226832	-0.127313	-0.234595	0.963720	0.989202	0.041084	0.140680	
13655								2021	08	20	14	51	28.426	9.565512	0.056242	1.443942	-0.073220	0.972328	0.221847	-0.120862	-0.229456	0.965786	0.989965	0.043902	0.134318	
13656								2021	08	20	14	51	28.443	9.915413	0.799563	1.225698	-0.074211	0.973297	0.217223	-0.114776	-0.224713	0.967642	0.990616	0.046878	0.128387	
13657								2021	08	20	14	51	28.46	9.661990	0.572787	1.225563	-0.074914	0.974042	0.213613	-0.109366	-0.220948	0.969134	0.991175	0.049240	0.123079	
13658								2021	08	20	14	51	28.476	9.781668	0.887057	1.137608	-0.075190	0.974763	0.210197	-0.104341	-0.217328	0.970506	0.991695	0.051040	0.118049	
13659								2021	08	20	14	51	28.493	9.743723	0.383644	1.210415	-0.075028	0.975307	0.207721	-0.099596	-0.214596	0.971612	0.992195	0.052210	0.113238	
13660								2021	08	20	14	51	28.51	9.657126	0.591325	1.148084	-0.074790	0.975758	0.205676	-0.095106	-0.212293	0.972567	0.992654	0.053177	0.108678	
13661								2021	08	20	14	51	28.526	9.634159	0.396214	1.171570	-0.074474	0.976074	0.204286	-0.090214	-0.210609	0.973399	0.993134	0.054063	0.103740	
13662								2021	08	20	14	51	28.543	9.616568	0.563103	1.061166	-0.074013	0.976221	0.203753	-0.084868	-0.209738	0.974067	0.993639	0.054802	0.098374	
13663								2021	08	20	14	51	28.56	9.605019	0.665640	1.014820	-0.073416	0.976333	0.203428	-0.078962	-0.209029	0.974716	0.994171	0.055497	0.092439	
13664								2021	08	20	14	51	28.576	9.652221	0.420048	1.040778	-0.072673	0.976347	0.203631	-0.072612	-0.208809	0.975257	0.994709	0.056089	0.086069	
13665								2021	08	20	14	51	28.593	9.543658	0.439084	1.054621	-0.071787	0.976235	0.204482	-0.065165	-0.209163	0.975707	0.995289	0.056718	0.078632	
13666								2021	08	20	14	51	28.61	9.466978	0.107527	1.113822	-0.070714	0.975980	0.206064	-0.055903	-0.210134	0.976073	0.995929	0.057502	0.069419	
13667								2021	08	20	14	51	28.626	9.636306	0.283307	1.138927	-0.069825	0.975603	0.208143	-0.044500	-0.211491	0.976366	0.996566	0.058913	0.058182	
13668								2021	08	20	14	51	28.643	9.897999	0.281506	1.013272	-0.069039	0.975137	0.210575	-0.030751	-0.213058	0.976555	0.997140	0.060945	0.044695	
13669								2021	08	20	14	51	28.66	10.056844	0.624936	0.675547	-0.068426	0.974542	0.213510	-0.015552	-0.215028	0.976484	0.997535	0.063497	0.029870	
13670								2021	08	20	14	51	28.676	10.010547	0.876816	0.431150	-0.067792	0.973748	0.217300	0.000373	-0.217776	0.975999	0.997699	0.066246	0.014401	
13671								2021	08	20	14	51	28.693	10.092280	0.695344	0.418667	-0.066237	0.972692	0.222449	0.017115	-0.221799	0.974942	0.997657	0.068384	-0.001956	
13672								2021	08	20	14	51	28.71	10.040074	0.221324	0.517329	-0.065141	0.971190	0.229232	0.036787	-0.227226	0.973147	0.997198	0.071824	-0.020925	
13673								2021	08	20	14	51	28.726	10.135198	0.854489	0.151097	-0.064931	0.969624	0.235824	0.056915	-0.232340	0.970968	0.996265	0.076468	-0.040100	
13674								2021	08	20	14	51	28.743	10.395191	0.913486	0.013919	-0.065311	0.968210	0.241460	0.077298	-0.236341	0.968591	0.994867	0.081924	-0.059405	
13675								2021	08	20	14	51	28.76	10.614671	0.996463	0.335443	-0.066962	0.967185	0.245092	0.097004	-0.238169	0.966367	0.993029	0.088484	-0.077872	
13676								2021	08	20	14	51	28.776	10.937396	0.924904	0.265579	-0.069869	0.966758	0.245962	0.116790	-0.236941	0.964478	0.990696	0.096113	-0.096353	
13677								2021	08	20	14	51	28.793	11.341095	0.275881	1.209926	-0.073481	0.966314	0.246653	0.137919	-0.235099	0.962137	0.987714	0.104717	-0.115997	
13678								2021	08	20	14	51	28.81	11.816116	0.587007	1.094520	-0.077740	0.965177	0.249781	0.163725	-0.234779	0.958161	0.983438	0.115383	-0.139772	
13679								2021	08	20	14	51	28.826	12.406844	1.169351	1.299047	-0.081627	0.963627	0.254480	0.192856	-0.235235	0.952613	0.977826	0.126837	-0.166639	
13680								2021	08	20	14	51	28.843	12.801256	1.442370	1.673458	-0.084667	0.961451	0.261617	0.224527	-0.237397	0.945108	0.970783	0.138760	-0.195772	
13681								2021	08	20	14	51	28.86	12.904017	2.019176	2.180908	-0.084668	0.958442	0.272433	0.258298	-0.242956	0.935016	0.962348	0.149535	-0.226994	
13682								2021	08	20	14	51	28.876	12.541775	1.128453	2.722430	-0.081328	0.954337	0.287447	0.295046	-0.252424	0.921537	0.952016	0.159757	-0.261044	
13683								2021	08	20	14	51	28.893	12.446514	0.354900	1.918488	-0.077461	0.950182	0.301917	0.333498	-0.260688	0.905992	0.939563	0.170868	-0.296690	
13684								2021	08	20	14	51	28.91	12.577103	-0.522752	2.874841	-0.076308	0.946461	0.313669	0.374919	-0.264264	0.888595	0.923912	0.185407	-0.334681	
13685								2021	08	20	14	51	28.926	13.367816	-2.058076	3.214094	-0.071481	0.939939	0.333773	0.427844	-0.273388	0.861516	0.901022	0.204385	-0.382605	
13686								2021	08	20	14	51	28.943	19.055901	1.596212	-1.262620	-0.060879	0.934109	0.351759	0.490244	-0.278994	0.825726	0.869456	0.222717	-0.440957	
13687								2021	08	20	14	51	28.96	18.367897	-0.193232	-2.359681	-0.050083	0.925747	0.374812	0.540786	-0.290373	0.789452	0.839668	0.242231	-0.486088	
13688								2021	08	20	14	51	28.976	17.077691	-2.431759	-4.634013	-0.046106	0.915333	0.400050	0.585681	-0.299653	0.753118	0.809229	0.269025	-0.522277	
13689								2021	08	20	14	51	28.993	9.252885	0.155344	-4.128155	-0.057647	0.906766	0.417674	0.619485	-0.295593	0.727230	0.782889	0.300665	-0.544688	
13690								2021	08	20	14	51	29.01	14.601561	2.217908	0.479463	-0.067602	0.893728	0.443487	0.629701	-0.306567	0.713788	0.773891	0.327518	-0.542057	
13691								2021	08	20	14	51	29.026	9.266610	-2.567144	1.190426	-0.080133	0.880876	0.466515	0.625283	-0.320061	0.711745	0.776273	0.348738	-0.525150	
13692								2021	08	20	14	51	29.043	5.327079	-1.497648	5.577802	-0.095907	0.870742	0.482296	0.619417	-0.327077	0.713683	0.779182	0.367190	-0.507984	
13693								2021	08	20	14	51	29.06	3.440042	0.022116	6.084340	-0.107140	0.861206	0.496834	0.609696	-0.337816	0.717044	0.785361	0.379742	-0.488880	
13694								2021	08	20	14	51	29.076	4.061546	-1.009838	3.681998	-0.114600	0.854266	0.507047	0.595271	-0.349574	0.723498	0.795310	0.384744	-0.468459	
13695								2021	08	20	14	51	29.093	4.108860	-1.527606	3.146921	-0.122903	0.851212	0.510229	0.573005	-0.358906	0.736785	0.810284	0.382917	-0.443638	
13696								2021	08	20	14	51	29.11	3.891786	-0.177510	3.227251	-0.130733	0.850494	0.509479	0.542643	-0.368695	0.754720	0.829727	0.375132	-0.413314	
13697								2021	08	20	14	51	29.126	3.688315	0.342164	3.464157	-0.135557	0.850556	0.508114	0.503857	-0.382396	0.774533	0.853084	0.361010	-0.376722	
13698								2021	08	20	14	51	29.143	4.134355	-0.569896	3.051506	-0.138829	0.851394	0.505821	0.456519	-0.398239	0.795610	0.878816	0.341370	-0.333391	
13699								2021	08	20	14	51	29.16	5.193162	0.033285	2.682947	-0.141880	0.852397	0.503279	0.401902	-0.415028	0.816227	0.904624	0.318075	-0.283696	
13700								2021	08	20	14	51	29.176	6.170586	1.351992	1.923464	-0.143080	0.853454	0.501144	0.340231	-0.433079	0.834677	0.929393	0.289930	-0.228406	
13701								2021	08	20	14	51	29.193	7.974757	1.999029	0.850122	-0.141485	0.856839	0.495791	0.272589	-0.447747	0.851597	0.951671	0.255635	-0.170215	
13702								2021	08	20	14	51	29.21	9.706340	1.908511	0.824157	-0.139270	0.863920	0.483990	0.200942	-0.453930	0.868084	0.969653	0.218152	-0.110378	
13703								2021	08	20	14	51	29.226	11.916636	3.451452	0.807938	-0.136468	0.871397	0.471216	0.128078	-0.456154	0.880636	0.982330	0.180531	-0.049356	
13704								2021	08	20	14	51	29.243	15.620535	3.851325	-1.758887	-0.132489	0.875919	0.463910	0.053530	-0.461030	0.885769	0.989738	0.142188	0.014194	
13705								2021	08	20	14	51	29.26	17.241603	3.672427	-2.960025	-0.130761	0.877390	0.461614	-0.022686	-0.468138	0.883364	0.991154	0.105038	0.081119	
13706								2021	08	20	14	51	29.276	17.805301	3.934881	-4.658044	-0.130554	0.877560	0.461350	-0.100465	-0.474647	0.874424	0.986338	0.067810	0.150131	
13707								2021	08	20	14	51	29.293	17.135860	3.554681	-4.393923	-0.128928	0.882386	0.452401	-0.177876	-0.467991	0.862064	0.972393	0.031386	0.217677	
13708								2021	08	20	14	51	29.31	16.466418	3.174480	-4.129803	-0.127302	0.887211	0.443453	-0.255287	-0.461336	0.849705	0.958448	-0.005039	0.285223	
13709								2021	08	20	14	51	29.326	16.447377	3.216457	-4.586703	-0.123835	0.895165	0.428187	-0.326018	-0.444258	0.834474	0.937218	-0.036260	0.346854	
13710								2021	08	20	14	51	29.343	15.188413	3.832698	-5.576540	-0.118842	0.902697	0.413540	-0.387414	-0.425636	0.817768	0.914214	-0.063026	0.400301	
13711								2021	08	20	14	51	29.36	13.952584	4.112762	-7.038038	-0.112940	0.908397	0.402565	-0.436144	-0.409362	0.801374	0.892761	-0.085069	0.442426	
13712								2021	08	20	14	51	29.376	12.000097	3.952950	-7.833194	-0.106403	0.912749	0.394420	-0.470781	-0.395638	0.788565	0.875810	-0.101780	0.471802	
13713								2021	08	20	14	51	29.393	10.131921	6.609986	-12.624220	-0.104997	0.915829	0.387599	-0.481934	-0.387787	0.785723	0.869894	-0.104299	0.482085	
13714								2021	08	20	14	51	29.41	9.829283	7.209168	-13.902712	-0.105638	0.919417	0.378832	-0.475917	-0.381245	0.792563	0.873123	-0.096568	0.477840	
13715								2021	08	20	14	51	29.426	9.607822	7.971967	-9.865520	-0.113739	0.922750	0.368234	-0.451677	-0.378148	0.808079	0.884902	-0.074413	0.459795	
13716								2021	08	20	14	51	29.443	11.965443	2.082422	11.924995	-0.111188	0.923371	0.367456	-0.440753	-0.377213	0.814523	0.890716	-0.071392	0.448919	
13717								2021	08	20	14	51	29.46	8.340224	-6.621047	8.101258	-0.116275	0.922828	0.367244	-0.406213	-0.381598	0.830286	0.906351	-0.052638	0.419235	
13718								2021	08	20	14	51	29.476	13.312635	5.168802	-1.590163	-0.115383	0.921001	0.372079	-0.373265	-0.387330	0.843000	0.920522	-0.041616	0.388469	
13719								2021	08	20	14	51	29.493	13.589455	-2.932443	1.059896	-0.111537	0.919587	0.376721	-0.345342	-0.391328	0.852996	0.931825	-0.034957	0.361220	
13720								2021	08	20	14	51	29.51	10.806544	1.714368	1.164963	-0.108904	0.917904	0.381566	-0.316762	-0.395883	0.861939	0.942232	-0.026997	0.333871	
13721								2021	08	20	14	51	29.526	11.776171	-0.737383	0.586195	-0.106370	0.916788	0.384947	-0.293625	-0.398841	0.868741	0.949984	-0.020622	0.311616	
13722								2021	08	20	14	51	29.543	11.039362	1.053551	0.977476	-0.106672	0.916294	0.386038	-0.273832	-0.400312	0.874509	0.955844	-0.012424	0.293613	
13723								2021	08	20	14	51	29.56	10.831201	1.435204	1.663225	-0.106321	0.916183	0.386399	-0.258147	-0.400711	0.879085	0.960238	-0.006283	0.279114	
13724								2021	08	20	14	51	29.576	10.271907	0.647645	1.931882	-0.105749	0.916433	0.385963	-0.244308	-0.400187	0.883269	0.963914	-0.000889	0.266212	
13725								2021	08	20	14	51	29.593	10.238093	1.261280	2.004798	-0.104825	0.916971	0.384936	-0.232601	-0.398939	0.886986	0.966907	0.003442	0.255107	
13726								2021	08	20	14	51	29.61	10.017449	0.799750	1.852634	-0.102695	0.917885	0.383328	-0.222547	-0.396798	0.890519	0.969498	0.006143	0.245022	
13727								2021	08	20	14	51	29.626	9.932496	0.628644	2.157352	-0.099729	0.919135	0.381110	-0.213662	-0.393866	0.893990	0.971804	0.007728	0.235664	
13728								2021	08	20	14	51	29.643	9.877336	0.277404	2.101541	-0.096313	0.920521	0.378635	-0.204998	-0.390593	0.897448	0.974012	0.008816	0.226324	
13729								2021	08	20	14	51	29.66	9.926393	0.310595	1.870939	-0.093231	0.921942	0.375940	-0.197087	-0.387201	0.900684	0.975943	0.009879	0.217802	
13730								2021	08	20	14	51	29.676	9.798374	-0.108422	1.831188	-0.090205	0.923474	0.372906	-0.189964	-0.383512	0.903788	0.977638	0.010687	0.210022	
13731								2021	08	20	14	51	29.693	9.589850	0.258817	1.890878	-0.087589	0.924882	0.370028	-0.183750	-0.380082	0.906517	0.979063	0.011409	0.203238	
13732								2021	08	20	14	51	29.71	9.607298	-0.123912	1.978028	-0.085021	0.926176	0.367383	-0.177919	-0.376904	0.909004	0.980365	0.011919	0.196829	
13733								2021	08	20	14	51	29.726	9.690100	0.218844	1.850739	-0.082465	0.927211	0.365348	-0.172280	-0.374341	0.911147	0.981590	0.012196	0.190610	
13734								2021	08	20	14	51	29.743	9.663707	0.009591	1.611850	-0.080037	0.928382	0.362906	-0.166934	-0.371416	0.913336	0.982714	0.012519	0.184706	
13735								2021	08	20	14	51	29.76	9.474507	0.048153	1.778512	-0.077822	0.929785	0.359782	-0.161866	-0.367872	0.915680	0.983739	0.013023	0.179129	
13736								2021	08	20	14	51	29.776	9.756503	0.132309	1.550747	-0.075296	0.931191	0.356672	-0.156494	-0.364290	0.918043	0.984805	0.013308	0.173155	
13737								2021	08	20	14	51	29.793	9.599042	0.083474	1.785970	-0.072194	0.932638	0.353517	-0.150887	-0.360576	0.920445	0.985911	0.013109	0.166754	
13738								2021	08	20	14	51	29.81	9.586681	0.022086	1.714039	-0.069396	0.933948	0.350607	-0.144515	-0.357159	0.922796	0.987066	0.013370	0.159755	
13739								2021	08	20	14	51	29.826	9.576792	-0.020522	1.663979	-0.066348	0.935165	0.347942	-0.137349	-0.353950	0.925124	0.988298	0.013591	0.151928	
13740								2021	08	20	14	51	29.843	9.659059	0.025611	1.394384	-0.063447	0.936312	0.345390	-0.129377	-0.350884	0.927438	0.989563	0.014158	0.143400	
13741								2021	08	20	14	51	29.86	9.663208	0.079452	1.371309	-0.060316	0.937384	0.343035	-0.120582	-0.347986	0.929713	0.990869	0.014713	0.134021	
13742								2021	08	20	14	51	29.876	9.608418	0.031106	1.325240	-0.057114	0.938292	0.341096	-0.111312	-0.345508	0.931791	0.992143	0.015250	0.124176	
13743								2021	08	20	14	51	29.893	9.897511	0.009331	1.148533	-0.054264	0.938865	0.339982	-0.101557	-0.343907	0.933495	0.993349	0.016127	0.114010	
13744								2021	08	20	14	51	29.91	9.761888	0.239563	0.892335	-0.051212	0.939115	0.339765	-0.090882	-0.343182	0.934862	0.994544	0.016998	0.102923	
13745								2021	08	20	14	51	29.926	9.769025	0.181196	1.032895	-0.048045	0.939160	0.340102	-0.079816	-0.343016	0.935932	0.995651	0.017822	0.091440	
13746								2021	08	20	14	51	29.943	9.787290	0.108684	1.022547	-0.045069	0.939079	0.340733	-0.068067	-0.343173	0.936803	0.996662	0.019028	0.079387	
13747								2021	08	20	14	51	29.96	9.804121	-0.267781	0.972746	-0.042515	0.938922	0.341494	-0.055344	-0.343492	0.937524	0.997562	0.020959	0.066567	
13748								2021	08	20	14	51	29.976	9.738538	0.504292	0.495327	-0.040696	0.938667	0.342415	-0.042690	-0.344020	0.937991	0.998259	0.023555	0.054072	
13749								2021	08	20	14	51	29.993	9.998348	-0.097264	0.612518	-0.038934	0.938554	0.342929	-0.030012	-0.344132	0.938441	0.998791	0.026245	0.041566	
13750								2021	08	20	14	51	30.01	9.896855	-0.326324	0.669867	-0.038273	0.938556	0.342999	-0.016419	-0.343794	0.938901	0.999132	0.030302	0.028568	
13751								2021	08	20	14	51	30.026	9.908488	-0.480156	0.669422	-0.038588	0.938661	0.342675	-0.000935	-0.342964	0.939348	0.999255	0.035927	0.014112	
13752								2021	08	20	14	51	30.043	9.995032	0.590064	0.425169	-0.039267	0.938521	0.342983	0.015836	-0.342620	0.939341	0.999103	0.042317	-0.001409	
13753								2021	08	20	14	51	30.06	10.103916	0.616190	0.323157	-0.039690	0.938145	0.343960	0.033230	-0.342801	0.938820	0.998659	0.048692	-0.017569	
13754								2021	08	20	14	51	30.076	10.238048	0.417621	0.360448	-0.040804	0.937863	0.344597	0.051666	-0.342442	0.938117	0.997830	0.056083	-0.034483	
13755								2021	08	20	14	51	30.093	10.448550	0.159686	0.402789	-0.043314	0.937815	0.344424	0.071037	-0.340984	0.937381	0.996533	0.065068	-0.051850	
13756								2021	08	20	14	51	30.11	10.950172	0.280464	0.544632	-0.047030	0.937930	0.343620	0.091082	-0.338541	0.936533	0.994732	0.075343	-0.069507	
13757								2021	08	20	14	51	30.126	11.235683	-0.004804	1.363544	-0.052335	0.938495	0.341302	0.112827	-0.334026	0.935787	0.992235	0.087482	-0.088406	
13758								2021	08	20	14	51	30.143	11.752241	0.998820	2.116875	-0.058047	0.939044	0.338861	0.140566	-0.328364	0.934033	0.988368	0.101851	-0.112937	
13759								2021	08	20	14	51	30.16	12.383725	1.802725	1.610920	-0.061634	0.938836	0.338803	0.171276	-0.324464	0.930262	0.983293	0.115365	-0.140802	
13760								2021	08	20	14	51	30.176	12.765142	1.880810	2.769331	-0.062234	0.937530	0.342292	0.204693	-0.323677	0.923761	0.976846	0.127554	-0.171763	
13761								2021	08	20	14	51	30.193	13.218882	1.387040	2.862958	-0.059532	0.934938	0.349781	0.239941	-0.326727	0.914154	0.968960	0.138349	-0.204879	
13762								2021	08	20	14	51	30.21	13.575185	0.394377	3.808587	-0.057371	0.931381	0.359498	0.278939	-0.330796	0.901536	0.958593	0.152000	-0.240821	
13763								2021	08	20	14	51	30.226	13.330542	-1.455657	5.099126	-0.053426	0.925717	0.374425	0.323790	-0.338642	0.883449	0.944619	0.168434	-0.281646	
13764								2021	08	20	14	51	30.243	12.815171	-2.260433	3.750555	-0.048110	0.918291	0.392971	0.379309	-0.347158	0.857675	0.924018	0.190320	-0.331614	
13765								2021	08	20	14	51	30.26	15.275462	0.771701	-2.712484	-0.037464	0.912548	0.407250	0.438836	-0.351114	0.827129	0.897786	0.209703	-0.387305	
13766								2021	08	20	14	51	30.276	18.143660	1.083775	-6.831635	-0.030787	0.907925	0.418001	0.487507	-0.351444	0.799265	0.872576	0.228386	-0.431800	
13767								2021	08	20	14	51	30.293	14.605380	1.394450	-6.214569	-0.029007	0.901575	0.431650	0.526810	-0.353201	0.773123	0.849488	0.249823	-0.464714	
13768								2021	08	20	14	51	30.31	9.716431	1.605040	6.444102	-0.037450	0.886278	0.461638	0.541108	-0.370390	0.754992	0.840119	0.278070	-0.465701	
13769								2021	08	20	14	51	30.326	7.687582	-0.650621	4.225526	-0.040604	0.867893	0.495089	0.559640	-0.390728	0.730845	0.827741	0.306746	-0.469843	
13770								2021	08	20	14	51	30.343	7.095820	-3.216077	2.951782	-0.047496	0.849030	0.526206	0.566654	-0.410926	0.714173	0.822586	0.332097	-0.461589	
13771								2021	08	20	14	51	30.36	6.726101	-1.954450	2.419766	-0.057573	0.833916	0.548880	0.564071	-0.426454	0.707079	0.823717	0.350316	-0.445836	
13772								2021	08	20	14	51	30.376	5.260028	-2.142789	3.087445	-0.066094	0.824351	0.562208	0.553106	-0.438686	0.708257	0.830485	0.357772	-0.426959	
13773								2021	08	20	14	51	30.393	4.889771	-1.358152	2.989262	-0.072636	0.819948	0.567811	0.534787	-0.448533	0.716116	0.841859	0.355673	-0.405918	
13774								2021	08	20	14	51	30.41	5.086586	-1.178747	2.807048	-0.077296	0.818947	0.568640	0.509493	-0.457806	0.728581	0.856996	0.346035	-0.381861	
13775								2021	08	20	14	51	30.426	5.450329	-0.498092	2.774674	-0.081656	0.819847	0.566731	0.478048	-0.466732	0.744064	0.874530	0.331682	-0.353814	
