// Start Time: Unknown: 
// Update Rate: 60.0Hz 
// Filter Profile: human (46.1) 
// Firmware Version: 4.6.0
PacketCounter	SampleTimeFine	Year	Month	Day	Second	UTC_Nano	UTC_Year	UTC_Month	UTC_Day	UTC_Hour	UTC_Minute	UTC_Second	UTC_Valid	Acc_X	Acc_Y	Acc_Z	Mat[1][1]	Mat[2][1]	Mat[3][1]	Mat[1][2]	Mat[2][2]	Mat[3][2]	Mat[1][3]	Mat[2][3]	Mat[3][3] 
3598														-0.054539	0.013346	9.818151	-0.605889	0.795534	-0.004928	-0.795516	-0.605909	-0.005364	-0.007253	0.000670	0.999973	
3599														-0.070651	-0.015668	9.817378	-0.605898	0.795527	-0.004894	-0.795510	-0.605917	-0.005371	-0.007238	0.000639	0.999974	
3600														-0.083854	0.014302	9.787955	-0.605868	0.795550	-0.004945	-0.795532	-0.605888	-0.005388	-0.007283	0.000669	0.999973	
3601														-0.057353	-0.002016	9.832623	-0.605864	0.795553	-0.004939	-0.795535	-0.605884	-0.005431	-0.007313	0.000638	0.999973	
3602														-0.085568	0.028299	9.817384	-0.605872	0.795546	-0.004941	-0.795528	-0.605892	-0.005410	-0.007297	0.000653	0.999973	
3603														-0.071621	0.027521	9.832480	-0.605845	0.795568	-0.004921	-0.795550	-0.605864	-0.005386	-0.007266	0.000652	0.999973	
3604														-0.042845	-0.002744	9.803793	-0.605829	0.795580	-0.004920	-0.795562	-0.605849	-0.005386	-0.007266	0.000651	0.999973	
3605														-0.072460	0.012728	9.817675	-0.605837	0.795574	-0.004919	-0.795556	-0.605857	-0.005386	-0.007265	0.000651	0.999973	
3606														-0.058744	0.011877	9.832771	-0.605845	0.795568	-0.004919	-0.795550	-0.605864	-0.005386	-0.007265	0.000650	0.999973	
3607														-0.074459	-0.002340	9.832148	-0.605853	0.795562	-0.004927	-0.795544	-0.605872	-0.005398	-0.007280	0.000650	0.999973	
3608														-0.088437	0.012932	9.817205	-0.605836	0.795574	-0.004919	-0.795557	-0.605856	-0.005365	-0.007248	0.000663	0.999974	
3609														-0.074442	-0.002423	9.817504	-0.605844	0.795568	-0.004878	-0.795551	-0.605864	-0.005338	-0.007202	0.000647	0.999974	
3610														-0.073716	0.012058	9.803023	-0.605828	0.795580	-0.004875	-0.795563	-0.605848	-0.005360	-0.007217	0.000631	0.999974	
3611														-0.088851	0.026827	9.817359	-0.605848	0.795565	-0.004872	-0.795547	-0.605868	-0.005381	-0.007233	0.000616	0.999974	
3612														-0.075777	0.011335	9.832295	-0.605844	0.795569	-0.004883	-0.795551	-0.605863	-0.005372	-0.007232	0.000630	0.999974	
3613														-0.075267	0.026046	9.817813	-0.605851	0.795563	-0.004892	-0.795545	-0.605871	-0.005383	-0.007247	0.000630	0.999974	
3614														-0.076752	0.011046	9.832288	-0.605860	0.795556	-0.004870	-0.795538	-0.605879	-0.005381	-0.007231	0.000614	0.999974	
3615														-0.076510	0.010891	9.817646	-0.605856	0.795560	-0.004838	-0.795542	-0.605875	-0.005366	-0.007201	0.000598	0.999974	
3616														-0.077430	0.010600	9.832283	-0.605863	0.795554	-0.004868	-0.795536	-0.605882	-0.005381	-0.007230	0.000613	0.999974	
3617														-0.064434	-0.004671	9.847221	-0.605859	0.795557	-0.004891	-0.795540	-0.605878	-0.005362	-0.007229	0.000642	0.999974	
3618														-0.078472	0.010686	9.832275	-0.605854	0.795561	-0.004890	-0.795543	-0.605873	-0.005362	-0.007229	0.000642	0.999974	
3619														-0.078944	-0.004027	9.817468	-0.605862	0.795555	-0.004868	-0.795537	-0.605881	-0.005359	-0.007213	0.000626	0.999974	
3620														-0.063551	0.024450	9.818261	-0.605858	0.795558	-0.004867	-0.795540	-0.605878	-0.005359	-0.007213	0.000625	0.999974	
3621														-0.094230	0.010596	9.831798	-0.605867	0.795551	-0.004846	-0.795533	-0.605886	-0.005357	-0.007198	0.000609	0.999974	
3622														-0.080453	0.009578	9.846904	-0.605876	0.795545	-0.004833	-0.795527	-0.605895	-0.005366	-0.007198	0.000594	0.999974	
3623														-0.066296	-0.005637	9.832565	-0.605859	0.795557	-0.004835	-0.795540	-0.605878	-0.005345	-0.007182	0.000608	0.999974	
3624														-0.080080	0.023988	9.832424	-0.605856	0.795560	-0.004801	-0.795542	-0.605874	-0.005352	-0.007166	0.000577	0.999974	
3625														-0.066954	0.008254	9.847366	-0.605840	0.795572	-0.004797	-0.795554	-0.605858	-0.005373	-0.007181	0.000561	0.999974	
3626														-0.081152	0.009058	9.817611	-0.605835	0.795576	-0.004820	-0.795558	-0.605854	-0.005355	-0.007180	0.000591	0.999974	
3627														-0.067598	0.008338	9.832718	-0.605854	0.795561	-0.004838	-0.795543	-0.605873	-0.005378	-0.007210	0.000591	0.999974	
3628														-0.068197	0.008271	9.832714	-0.605862	0.795555	-0.004850	-0.795537	-0.605881	-0.005369	-0.007209	0.000605	0.999974	
3629														-0.082700	0.023344	9.832404	-0.605870	0.795549	-0.004837	-0.795531	-0.605889	-0.005378	-0.007209	0.000589	0.999974	
3630														-0.069195	-0.006508	9.817901	-0.605878	0.795543	-0.004848	-0.795525	-0.605897	-0.005369	-0.007209	0.000604	0.999974	
3631														-0.069092	-0.006656	9.803259	-0.605887	0.795536	-0.004802	-0.795518	-0.605906	-0.005385	-0.007194	0.000557	0.999974	
3632														-0.084638	0.007825	9.832226	-0.605919	0.795511	-0.004810	-0.795493	-0.605938	-0.005418	-0.007225	0.000543	0.999974	
3633														-0.068992	0.021882	9.803587	-0.605904	0.795524	-0.004787	-0.795505	-0.605922	-0.005416	-0.007209	0.000527	0.999974	
3634														-0.070430	0.006874	9.818056	-0.605924	0.795508	-0.004787	-0.795490	-0.605943	-0.005416	-0.007209	0.000527	0.999974	
3635														-0.070148	0.021438	9.818223	-0.605933	0.795502	-0.004780	-0.795484	-0.605951	-0.005382	-0.007178	0.000541	0.999974	
3636														-0.072144	0.006506	9.847330	-0.605916	0.795514	-0.004810	-0.795496	-0.605934	-0.005397	-0.007207	0.000556	0.999974	
3637														-0.071698	0.006659	9.818047	-0.605900	0.795527	-0.004787	-0.795509	-0.605918	-0.005394	-0.007192	0.000540	0.999974	
3638														-0.073045	0.006136	9.847324	-0.605907	0.795521	-0.004786	-0.795503	-0.605926	-0.005394	-0.007191	0.000539	0.999974	
3639														-0.073280	-0.022828	9.803062	-0.605915	0.795515	-0.004795	-0.795497	-0.605934	-0.005406	-0.007206	0.000539	0.999974	
3640														-0.088166	0.006436	9.832196	-0.605887	0.795536	-0.004760	-0.795518	-0.605906	-0.005413	-0.007191	0.000507	0.999974	
3641														-0.058697	0.019742	9.833326	-0.605907	0.795521	-0.004784	-0.795503	-0.605926	-0.005394	-0.007190	0.000537	0.999974	
3642														-0.073287	0.020339	9.818202	-0.605903	0.795524	-0.004759	-0.795506	-0.605921	-0.005413	-0.007190	0.000506	0.999974	
3643														-0.074225	0.019966	9.832839	-0.605886	0.795537	-0.004770	-0.795519	-0.605905	-0.005404	-0.007189	0.000520	0.999974	
3644														-0.060970	0.004584	9.847788	-0.605746	0.795640	-0.005278	-0.795625	-0.605768	-0.005076	-0.007235	0.001124	0.999973	
3645														-0.074280	0.005482	9.803386	-0.605751	0.795637	-0.005247	-0.795622	-0.605772	-0.005061	-0.007205	0.001109	0.999973	
3646														-0.090114	0.005549	9.832179	-0.605754	0.795635	-0.005238	-0.795620	-0.605776	-0.005048	-0.007190	0.001109	0.999974	
3647														-0.046113	0.003841	9.818989	-0.605776	0.795618	-0.005250	-0.795603	-0.605798	-0.005038	-0.007189	0.001125	0.999974	
3648														-0.074928	0.019519	9.818192	-0.605791	0.795607	-0.005201	-0.795592	-0.605812	-0.004999	-0.007128	0.001110	0.999974	
3649														-0.075988	0.018911	9.847471	-0.605797	0.795602	-0.005180	-0.795587	-0.605818	-0.004996	-0.007113	0.001095	0.999974	
3650														-0.077578	-0.025141	9.832310	-0.605782	0.795614	-0.005158	-0.795599	-0.605803	-0.004993	-0.007098	0.001079	0.999974	
3651														-0.075264	0.018850	9.803548	-0.605779	0.795616	-0.005168	-0.795601	-0.605800	-0.005005	-0.007113	0.001080	0.999974	
3652														-0.077089	0.032724	9.862275	-0.605778	0.795617	-0.005159	-0.795602	-0.605799	-0.004992	-0.007097	0.001080	0.999974	
3653														-0.062369	0.017646	9.833308	-0.605777	0.795618	-0.005149	-0.795603	-0.605798	-0.004980	-0.007082	0.001080	0.999974	
3654														-0.077082	-0.010709	9.788552	-0.605769	0.795624	-0.005149	-0.795609	-0.605790	-0.004979	-0.007081	0.001081	0.999974	
3655														-0.077053	0.018340	9.803535	-0.605751	0.795637	-0.005190	-0.795622	-0.605773	-0.005005	-0.007126	0.001097	0.999974	
3656														-0.050977	0.001661	9.862891	-0.605745	0.795642	-0.005156	-0.795627	-0.605766	-0.005012	-0.007111	0.001066	0.999974	
3657														-0.078699	0.003266	9.803352	-0.605733	0.795651	-0.005178	-0.795636	-0.605754	-0.005014	-0.007126	0.001082	0.999974	
3658														-0.079818	-0.011290	9.803173	-0.605734	0.795650	-0.005202	-0.795635	-0.605756	-0.004994	-0.007125	0.001114	0.999974	
3659														-0.052795	0.015767	9.892337	-0.605729	0.795654	-0.005190	-0.795639	-0.605751	-0.005003	-0.007125	0.001099	0.999974	
3660														-0.079333	0.032168	9.818331	-0.605738	0.795647	-0.005181	-0.795632	-0.605759	-0.004991	-0.007110	0.001099	0.999974	
3661														-0.080765	0.002674	9.817979	-0.605745	0.795642	-0.005151	-0.795627	-0.605766	-0.004976	-0.007079	0.001084	0.999974	
3662														-0.066937	0.001762	9.833108	-0.605752	0.795637	-0.005163	-0.795622	-0.605773	-0.004966	-0.007079	0.001100	0.999974	
3663														-0.052076	0.015864	9.833774	-0.605752	0.795637	-0.005178	-0.795622	-0.605773	-0.004934	-0.007063	0.001131	0.999974	
3664														-0.081782	0.016941	9.832785	-0.605794	0.795604	-0.005164	-0.795590	-0.605815	-0.004964	-0.007078	0.001101	0.999974	
3665														-0.055150	-0.028714	9.847880	-0.605779	0.795616	-0.005124	-0.795602	-0.605800	-0.004938	-0.007032	0.001085	0.999975	
3666														-0.082386	0.016420	9.832781	-0.605787	0.795611	-0.005145	-0.795596	-0.605807	-0.004939	-0.007047	0.001101	0.999975	
3667														-0.054081	0.014967	9.848406	-0.605769	0.795624	-0.005135	-0.795610	-0.605790	-0.004927	-0.007031	0.001101	0.999975	
3668														-0.083208	0.016125	9.832774	-0.605755	0.795635	-0.005123	-0.795620	-0.605776	-0.004936	-0.007031	0.001086	0.999975	
3669														-0.083264	0.001434	9.803315	-0.605761	0.795630	-0.005100	-0.795615	-0.605782	-0.004955	-0.007031	0.001056	0.999975	
3670														-0.084800	0.000827	9.832588	-0.605769	0.795624	-0.005110	-0.795610	-0.605789	-0.004966	-0.007046	0.001057	0.999975	
3671														-0.055640	-0.000315	9.818940	-0.605764	0.795628	-0.005131	-0.795613	-0.605785	-0.004968	-0.007061	0.001073	0.999974	
3672														-0.070030	0.014789	9.818619	-0.605771	0.795623	-0.005101	-0.795608	-0.605792	-0.004953	-0.007031	0.001058	0.999975	
3673														-0.071096	-0.000216	9.818436	-0.605764	0.795628	-0.005095	-0.795613	-0.605785	-0.004995	-0.007061	0.001028	0.999975	
3674														-0.071949	0.013804	9.847891	-0.605757	0.795633	-0.005076	-0.795618	-0.605778	-0.004971	-0.007030	0.001028	0.999975	
3675														-0.057548	0.013034	9.848389	-0.605765	0.795628	-0.005067	-0.795613	-0.605785	-0.004958	-0.007015	0.001028	0.999975	
3676														-0.057088	-0.001271	9.804290	-0.605747	0.795641	-0.005076	-0.795627	-0.605767	-0.004970	-0.007029	0.001028	0.999975	
3677														-0.073149	0.013362	9.847882	-0.605756	0.795634	-0.005076	-0.795619	-0.605777	-0.004969	-0.007029	0.001029	0.999975	
3678														-0.087132	0.014155	9.818100	-0.605743	0.795645	-0.005067	-0.795630	-0.605763	-0.004957	-0.007013	0.001029	0.999975	
3679														-0.059379	-0.002034	9.833560	-0.605739	0.795648	-0.005067	-0.795633	-0.605759	-0.004956	-0.007013	0.001029	0.999975	
3680														-0.073328	0.013162	9.818597	-0.605721	0.795661	-0.005055	-0.795646	-0.605741	-0.004966	-0.007013	0.001014	0.999975	
3681														-0.059075	0.012389	9.819098	-0.605730	0.795655	-0.005058	-0.795640	-0.605750	-0.004943	-0.006997	0.001030	0.999975	
3682														-0.059883	0.012230	9.833735	-0.605735	0.795650	-0.005060	-0.795636	-0.605756	-0.004921	-0.006981	0.001045	0.999975	
3683														-0.074882	0.012783	9.833228	-0.605721	0.795661	-0.005060	-0.795647	-0.605741	-0.004921	-0.006981	0.001045	0.999975	
3684														-0.074708	0.027346	9.833407	-0.605731	0.795653	-0.005073	-0.795639	-0.605751	-0.004911	-0.006980	0.001061	0.999975	
3685														-0.075262	0.012876	9.818583	-0.605715	0.795666	-0.005085	-0.795651	-0.605735	-0.004901	-0.006979	0.001077	0.999975	
3686														-0.062185	0.011930	9.848363	-0.605709	0.795670	-0.005106	-0.795655	-0.605730	-0.004903	-0.006994	0.001093	0.999975	
3687														-0.061680	0.012106	9.819083	-0.605717	0.795664	-0.005095	-0.795649	-0.605738	-0.004912	-0.006994	0.001078	0.999975	
3688														-0.076831	0.012516	9.818571	-0.605692	0.795683	-0.005104	-0.795668	-0.605712	-0.004923	-0.007009	0.001079	0.999975	
3689														-0.064314	-0.003294	9.848170	-0.605696	0.795680	-0.005083	-0.795665	-0.605717	-0.004920	-0.006993	0.001064	0.999975	
3690														-0.061886	0.026235	9.804620	-0.605693	0.795682	-0.005083	-0.795667	-0.605714	-0.004920	-0.006993	0.001064	0.999975	
3691														-0.064702	-0.003576	9.833526	-0.605689	0.795685	-0.005081	-0.795671	-0.605709	-0.004941	-0.007008	0.001050	0.999975	
3692														-0.064414	0.025307	9.848530	-0.605688	0.795686	-0.005072	-0.795671	-0.605708	-0.004928	-0.006993	0.001050	0.999975	
3693														-0.063935	0.011013	9.804428	-0.605682	0.795690	-0.005081	-0.795676	-0.605703	-0.004939	-0.007008	0.001051	0.999975	
3694														-0.064793	0.025175	9.833887	-0.605680	0.795692	-0.005072	-0.795678	-0.605700	-0.004927	-0.006992	0.001051	0.999975	
3695														-0.080944	0.010869	9.847825	-0.605689	0.795685	-0.005072	-0.795671	-0.605709	-0.004926	-0.006992	0.001052	0.999975	
3696														-0.066284	-0.004225	9.818873	-0.605684	0.795689	-0.005063	-0.795674	-0.605705	-0.004914	-0.006977	0.001052	0.999975	
3697														-0.066547	0.010098	9.833695	-0.605679	0.795693	-0.005063	-0.795678	-0.605700	-0.004913	-0.006976	0.001052	0.999975	
3698														-0.066920	0.010023	9.833692	-0.605664	0.795704	-0.005065	-0.795690	-0.605684	-0.004891	-0.006960	0.001068	0.999975	
3699														-0.081918	0.010592	9.833174	-0.605684	0.795689	-0.005066	-0.795675	-0.605705	-0.004891	-0.006960	0.001069	0.999975	
3700														-0.067932	-0.004739	9.818862	-0.605669	0.795701	-0.005063	-0.795686	-0.605689	-0.004912	-0.006975	0.001054	0.999975	
3701														-0.067034	0.024304	9.819232	-0.605666	0.795703	-0.005045	-0.795689	-0.605686	-0.004887	-0.006944	0.001054	0.999975	
3702														-0.069096	0.009119	9.848320	-0.605661	0.795707	-0.005042	-0.795692	-0.605681	-0.004908	-0.006959	0.001040	0.999975	
3703														-0.069022	0.009061	9.833679	-0.605645	0.795719	-0.005033	-0.795705	-0.605665	-0.004896	-0.006944	0.001039	0.999975	
3704														-0.055222	0.008100	9.848833	-0.605641	0.795722	-0.005023	-0.795708	-0.605661	-0.004883	-0.006928	0.001040	0.999975	
3705														-0.054094	0.008373	9.804916	-0.605649	0.795716	-0.005021	-0.795702	-0.605669	-0.004904	-0.006943	0.001025	0.999975	
3706														-0.085077	0.008971	9.833149	-0.605645	0.795719	-0.005017	-0.795704	-0.605665	-0.004946	-0.006974	0.000996	0.999975	
3707														-0.056352	0.007529	9.834186	-0.605628	0.795732	-0.005031	-0.795718	-0.605648	-0.004915	-0.006958	0.001026	0.999975	
3708														-0.056235	-0.006849	9.804720	-0.605623	0.795736	-0.005009	-0.795721	-0.605643	-0.004912	-0.006942	0.001011	0.999975	
3709														-0.056833	0.021845	9.849010	-0.605631	0.795729	-0.005024	-0.795715	-0.605651	-0.004880	-0.006926	0.001042	0.999975	
3710														-0.086569	0.008681	9.833136	-0.605627	0.795732	-0.005024	-0.795718	-0.605647	-0.004880	-0.006926	0.001042	0.999975	
3711														-0.071481	0.008296	9.804378	-0.605647	0.795718	-0.005056	-0.795703	-0.605667	-0.004893	-0.006956	0.001059	0.999975	
3712														-0.073217	0.007899	9.833649	-0.605642	0.795721	-0.005065	-0.795707	-0.605662	-0.004905	-0.006970	0.001060	0.999975	
3713														-0.043162	0.021241	9.820248	-0.605612	0.795744	-0.005045	-0.795730	-0.605632	-0.004880	-0.006939	0.001059	0.999975	
3714														-0.058847	-0.007357	9.804704	-0.605609	0.795747	-0.005046	-0.795732	-0.605629	-0.004880	-0.006939	0.001060	0.999975	
3715														-0.088962	0.008183	9.833115	-0.605616	0.795741	-0.005058	-0.795726	-0.605637	-0.004870	-0.006938	0.001076	0.999975	
3716														-0.060086	0.006799	9.834165	-0.605613	0.795743	-0.005049	-0.795729	-0.605633	-0.004857	-0.006923	0.001076	0.999975	
3717														-0.074549	0.007549	9.818998	-0.605621	0.795737	-0.005061	-0.795723	-0.605641	-0.004847	-0.006922	0.001092	0.999975	
3718														-0.076793	-0.007411	9.848079	-0.605617	0.795740	-0.005083	-0.795726	-0.605637	-0.004849	-0.006937	0.001108	0.999975	
3719														-0.076743	0.007081	9.848265	-0.605638	0.795724	-0.005081	-0.795710	-0.605658	-0.004869	-0.006952	0.001094	0.999975	
3720														-0.061455	0.021077	9.834343	-0.605621	0.795737	-0.005093	-0.795723	-0.605641	-0.004859	-0.006951	0.001110	0.999975	
3721														-0.076791	0.007202	9.818981	-0.605616	0.795740	-0.005112	-0.795726	-0.605637	-0.004883	-0.006982	0.001111	0.999975	
3722														-0.077201	0.021449	9.833806	-0.605624	0.795735	-0.005091	-0.795720	-0.605645	-0.004880	-0.006966	0.001096	0.999975	
3723														-0.077075	0.007076	9.804337	-0.605607	0.795747	-0.005105	-0.795733	-0.605628	-0.004848	-0.006950	0.001126	0.999975	
3724														-0.064516	0.005914	9.848778	-0.605603	0.795750	-0.005115	-0.795736	-0.605624	-0.004860	-0.006965	0.001127	0.999975	
3725														-0.077926	0.021400	9.819159	-0.605599	0.795753	-0.005115	-0.795739	-0.605620	-0.004859	-0.006964	0.001128	0.999975	
3726														-0.079574	0.006454	9.833601	-0.605594	0.795757	-0.005115	-0.795743	-0.605614	-0.004858	-0.006964	0.001128	0.999975	
3727														-0.064199	0.020366	9.819686	-0.605565	0.795779	-0.005102	-0.795765	-0.605586	-0.004868	-0.006963	0.001113	0.999975	
3728														-0.078579	0.021052	9.804513	-0.605598	0.795754	-0.005096	-0.795741	-0.605618	-0.004833	-0.006933	0.001128	0.999975	
3729														-0.051454	0.004604	9.834662	-0.605605	0.795749	-0.005094	-0.795735	-0.605626	-0.004854	-0.006948	0.001114	0.999975	
3730														-0.081154	0.005642	9.833588	-0.605589	0.795762	-0.005073	-0.795748	-0.605609	-0.004851	-0.006933	0.001099	0.999975	
3731														-0.065622	0.019699	9.819678	-0.605584	0.795765	-0.005087	-0.795752	-0.605604	-0.004820	-0.006916	0.001129	0.999975	
3732														-0.066461	0.019606	9.834314	-0.605603	0.795751	-0.005090	-0.795737	-0.605623	-0.004798	-0.006900	0.001145	0.999976	
3733														-0.083376	-0.023767	9.833194	-0.605624	0.795735	-0.005070	-0.795721	-0.605644	-0.004794	-0.006885	0.001130	0.999976	
3734														-0.082468	-0.009112	9.818747	-0.605631	0.795729	-0.005072	-0.795716	-0.605651	-0.004772	-0.006870	0.001146	0.999976	
3735														-0.037597	0.032604	9.835577	-0.605613	0.795743	-0.005093	-0.795729	-0.605634	-0.004774	-0.006884	0.001162	0.999976	
3736														-0.056339	0.029750	9.834854	-0.605615	0.795742	-0.005090	-0.795728	-0.605635	-0.004757	-0.006868	0.001169	0.999976	
3737														-0.075081	0.026896	9.834131	-0.605616	0.795741	-0.005087	-0.795727	-0.605636	-0.004740	-0.006852	0.001177	0.999976	
3738														-0.069142	0.004458	9.834106	-0.605587	0.795763	-0.005067	-0.795750	-0.605607	-0.004716	-0.006821	0.001176	0.999976	
3739														-0.083398	0.019540	9.833759	-0.605607	0.795748	-0.005055	-0.795734	-0.605627	-0.004724	-0.006821	0.001162	0.999976	
3740														-0.070018	-0.010523	9.819269	-0.605615	0.795742	-0.005044	-0.795729	-0.605635	-0.004733	-0.006821	0.001147	0.999976	
3741														-0.084424	0.004566	9.818920	-0.605623	0.795736	-0.005044	-0.795722	-0.605643	-0.004732	-0.006821	0.001148	0.999976	
3742														-0.071504	0.003332	9.848731	-0.605631	0.795730	-0.005051	-0.795716	-0.605651	-0.004765	-0.006851	0.001134	0.999976	
3743														-0.071358	0.017818	9.848923	-0.605615	0.795742	-0.005054	-0.795729	-0.605635	-0.004743	-0.006835	0.001149	0.999976	
3744														-0.071327	0.017995	9.834283	-0.605622	0.795736	-0.005085	-0.795723	-0.605642	-0.004757	-0.006865	0.001166	0.999976	
3745														-0.072599	0.003297	9.834082	-0.605642	0.795721	-0.005086	-0.795707	-0.605663	-0.004756	-0.006865	0.001167	0.999976	
3746														-0.072015	0.003571	9.804804	-0.605626	0.795733	-0.005107	-0.795720	-0.605646	-0.004758	-0.006879	0.001182	0.999976	
3747														-0.073601	0.017620	9.848907	-0.605621	0.795737	-0.005117	-0.795724	-0.605641	-0.004769	-0.006894	0.001183	0.999976	
3748														-0.074725	0.002918	9.848707	-0.605641	0.795722	-0.005120	-0.795708	-0.605661	-0.004747	-0.006878	0.001199	0.999976	
3749														-0.060447	-0.012220	9.834419	-0.605697	0.795679	-0.005114	-0.795666	-0.605717	-0.004713	-0.006848	0.001215	0.999976	
3750														-0.059591	0.002592	9.819977	-0.605728	0.795655	-0.005137	-0.795642	-0.605749	-0.004714	-0.006862	0.001231	0.999976	
3751														-0.058764	0.031712	9.820368	-0.605725	0.795658	-0.005125	-0.795644	-0.605746	-0.004723	-0.006862	0.001216	0.999976	
3752														-0.045309	0.016282	9.806078	-0.605683	0.795689	-0.005188	-0.795676	-0.605704	-0.004828	-0.006984	0.001204	0.999975	
3753														-0.063803	0.015436	9.849426	-0.605642	0.795720	-0.005199	-0.795704	-0.605664	-0.005111	-0.007216	0.001041	0.999973	
3754														0.065642	0.021455	9.825365	-0.605578	0.795769	-0.005195	-0.795748	-0.605600	-0.005719	-0.007697	0.000670	0.999970	
3755														-0.081120	0.070579	9.805738	-0.605354	0.795939	-0.005261	-0.795919	-0.605376	-0.005761	-0.007770	0.000700	0.999970	
3756														0.227293	0.437094	9.851658	-0.604399	0.796663	-0.005361	-0.796643	-0.604423	-0.005728	-0.007804	0.000809	0.999969	
3757														0.005211	0.389738	9.842333	-0.603092	0.797654	-0.005402	-0.797634	-0.603115	-0.005682	-0.007790	0.000882	0.999969	
3758														-0.219356	0.005274	9.843506	-0.602028	0.798457	-0.005365	-0.798437	-0.602052	-0.005602	-0.007703	0.000911	0.999970	
3759														-0.260271	-0.240586	9.809637	-0.601364	0.798956	-0.005482	-0.798938	-0.601388	-0.005502	-0.007693	0.001070	0.999970	
3760														-0.348540	-0.206443	9.850562	-0.601397	0.798932	-0.005476	-0.798914	-0.601421	-0.005468	-0.007662	0.001087	0.999970	
3761														-0.064076	-0.411454	9.815348	-0.601821	0.798613	-0.005433	-0.798596	-0.601844	-0.005370	-0.007559	0.001107	0.999971	
3762														-0.043337	-0.002249	9.835662	-0.601915	0.798542	-0.005413	-0.798525	-0.601938	-0.005388	-0.007561	0.001079	0.999971	
3763														-0.101359	0.015215	9.833598	-0.601947	0.798518	-0.005407	-0.798501	-0.601970	-0.005353	-0.007530	0.001095	0.999971	
3764														-0.129521	0.017092	9.803192	-0.602089	0.798411	-0.005394	-0.798394	-0.602112	-0.005306	-0.007484	0.001112	0.999971	
3765														-0.188344	0.034344	9.830402	-0.602500	0.798101	-0.005366	-0.798085	-0.602522	-0.005254	-0.007427	0.001117	0.999972	
3766														-0.116053	0.015671	9.833031	-0.603056	0.797681	-0.005337	-0.797664	-0.603079	-0.005244	-0.007402	0.001095	0.999972	
3767														-0.058171	-0.002046	9.820455	-0.603758	0.797150	-0.005352	-0.797133	-0.603780	-0.005259	-0.007423	0.001091	0.999972	
3768														-0.074895	-0.016525	9.834313	-0.604386	0.796674	-0.005348	-0.796657	-0.604409	-0.005326	-0.007476	0.001042	0.999972	
3769														-0.192441	0.003164	9.844593	-0.604941	0.796252	-0.005338	-0.796235	-0.604964	-0.005340	-0.007481	0.001020	0.999971	
3770														-0.307837	0.023420	9.810963	-0.605848	0.795562	-0.005320	-0.795545	-0.605871	-0.005305	-0.007444	0.001019	0.999972	
3771														-0.248271	0.049491	9.813648	-0.607240	0.794501	-0.005333	-0.794484	-0.607262	-0.005290	-0.007441	0.001025	0.999972	
3772														-0.175238	0.074485	9.846181	-0.608969	0.793176	-0.005280	-0.793159	-0.608991	-0.005252	-0.007382	0.000990	0.999972	
3773														-0.116596	0.057167	9.818982	-0.610936	0.791662	-0.005305	-0.791645	-0.610959	-0.005253	-0.007400	0.000990	0.999972	
3774														-0.235747	0.046646	9.828827	-0.613104	0.789984	-0.005340	-0.789967	-0.613127	-0.005307	-0.007467	0.000964	0.999972	
3775														-0.238786	0.001467	9.842826	-0.615474	0.788140	-0.005297	-0.788122	-0.615496	-0.005329	-0.007460	0.000895	0.999972	
3776														-0.250483	0.045487	9.798961	-0.618017	0.786147	-0.005307	-0.786130	-0.618039	-0.005289	-0.007438	0.000903	0.999972	
3777														-0.204452	0.131565	9.801912	-0.620851	0.783910	-0.005380	-0.783893	-0.620873	-0.005242	-0.007450	0.000963	0.999972	
3778														-0.264067	0.205521	9.844526	-0.624142	0.781292	-0.005458	-0.781275	-0.624165	-0.005254	-0.007512	0.000985	0.999971	
3779														0.010090	0.066968	9.838960	-0.627743	0.778401	-0.005508	-0.778384	-0.627767	-0.005195	-0.007502	0.001026	0.999971	
3780														0.059923	0.015363	9.829291	-0.630864	0.775863	-0.005612	-0.775846	-0.630888	-0.005243	-0.007609	0.001046	0.999971	
3781														0.109755	-0.036241	9.819622	-0.633984	0.773325	-0.005716	-0.773308	-0.634009	-0.005292	-0.007716	0.001065	0.999970	
3782														0.062739	-0.137440	9.838426	-0.637231	0.770651	-0.005726	-0.770634	-0.637256	-0.005222	-0.007673	0.001085	0.999970	
3783														-0.037421	0.112770	9.808551	-0.641299	0.767270	-0.005773	-0.767252	-0.641324	-0.005329	-0.007791	0.001012	0.999969	
3784														-0.201771	0.111747	9.831394	-0.644999	0.764162	-0.005822	-0.764143	-0.645024	-0.005451	-0.007921	0.000933	0.999968	
3785														-0.280005	0.099387	9.831800	-0.649080	0.760679	-0.005891	-0.760660	-0.649106	-0.005461	-0.007978	0.000936	0.999968	
3786														-0.358240	0.087026	9.832205	-0.653161	0.757196	-0.005960	-0.757176	-0.653188	-0.005472	-0.008036	0.000938	0.999967	
3787														-0.115331	-0.050030	9.817987	-0.657455	0.753469	-0.006047	-0.753451	-0.657482	-0.005330	-0.007992	0.001052	0.999968	
3788														-0.115927	-0.064969	9.847059	-0.661250	0.750142	-0.006039	-0.750124	-0.661276	-0.005284	-0.007957	0.001036	0.999968	
3789														-0.236452	0.107523	9.815498	-0.665255	0.746592	-0.006053	-0.746574	-0.665282	-0.005301	-0.007985	0.000993	0.999968	
3790														-0.224157	0.135903	9.816473	-0.669399	0.742878	-0.006104	-0.742859	-0.669426	-0.005330	-0.008046	0.000966	0.999967	
3791														-0.257219	0.162808	9.844939	-0.673737	0.738946	-0.006187	-0.738928	-0.673764	-0.005273	-0.008065	0.001020	0.999967	
3792														-0.252367	0.015496	9.828262	-0.678141	0.734905	-0.006264	-0.734886	-0.678169	-0.005365	-0.008191	0.000965	0.999966	
3793														-0.031001	-0.062959	9.850582	-0.682632	0.730734	-0.006425	-0.730715	-0.682661	-0.005363	-0.008305	0.001034	0.999965	
3794														-0.081536	-0.211865	9.831566	-0.687089	0.726545	-0.006456	-0.726526	-0.687118	-0.005375	-0.008341	0.000997	0.999965	
3795														-0.150073	-0.025701	9.802486	-0.691763	0.722096	-0.006469	-0.722076	-0.691793	-0.005448	-0.008409	0.000902	0.999964	
3796														0.076371	0.046211	9.886034	-0.696606	0.717424	-0.006462	-0.717405	-0.696636	-0.005378	-0.008360	0.000890	0.999965	
3797														-0.217619	0.069629	9.816100	-0.701636	0.712506	-0.006517	-0.712485	-0.701665	-0.005502	-0.008493	0.000783	0.999964	
3798														0.016199	0.057020	9.839941	-0.706319	0.707864	-0.006461	-0.707843	-0.706349	-0.005518	-0.008470	0.000676	0.999964	
3799														-0.220623	0.065831	9.830706	-0.710443	0.703724	-0.006553	-0.703703	-0.710473	-0.005514	-0.008537	0.000694	0.999963	
3800														-0.109159	-0.042895	9.847944	-0.715081	0.699012	-0.006499	-0.698990	-0.715110	-0.005509	-0.008499	0.000603	0.999964	
3801														-0.248471	0.045625	9.785371	-0.719878	0.694070	-0.006501	-0.694048	-0.719907	-0.005602	-0.008568	0.000479	0.999963	
3802														-0.157546	0.111041	9.878206	-0.725083	0.688630	-0.006519	-0.688608	-0.725112	-0.005603	-0.008586	0.000426	0.999963	
3803														-0.133200	0.024898	9.848320	-0.730624	0.682749	-0.006571	-0.682726	-0.730653	-0.005580	-0.008611	0.000410	0.999963	
3804														-0.174684	0.020179	9.773317	-0.736263	0.676663	-0.006617	-0.676640	-0.736293	-0.005544	-0.008624	0.000396	0.999963	
3805														0.021941	0.074313	9.826121	-0.741842	0.670541	-0.006717	-0.670519	-0.741872	-0.005520	-0.008684	0.000409	0.999962	
3806														0.058538	0.109355	9.857618	-0.747108	0.664668	-0.006775	-0.664645	-0.747138	-0.005553	-0.008753	0.000355	0.999962	
3807														0.062107	-0.006884	9.782248	-0.752056	0.659063	-0.006847	-0.659040	-0.752087	-0.005611	-0.008848	0.000293	0.999961	
3808														0.169816	-0.049598	9.829649	-0.756665	0.653767	-0.006846	-0.653743	-0.756696	-0.005607	-0.008846	0.000233	0.999961	
3809														0.094440	-0.046174	9.841423	-0.760790	0.648962	-0.006863	-0.648937	-0.760821	-0.005621	-0.008870	0.000177	0.999961	
3810														0.209184	0.062808	9.848160	-0.764392	0.644715	-0.006908	-0.644690	-0.764423	-0.005641	-0.008918	0.000141	0.999960	
3811														0.177808	-0.015924	9.830700	-0.767589	0.640905	-0.006898	-0.640880	-0.767620	-0.005732	-0.008969	0.000021	0.999960	
3812														-0.093615	0.011213	9.776694	-0.770493	0.637411	-0.006955	-0.637385	-0.770524	-0.005750	-0.009024	0.000003	0.999959	
3813														-0.023190	-0.066124	9.836501	-0.773168	0.634162	-0.006983	-0.634137	-0.773200	-0.005706	-0.009018	0.000017	0.999959	
3814														-0.200977	-0.069261	9.814829	-0.775888	0.630831	-0.007024	-0.630805	-0.775920	-0.005715	-0.009055	-0.000004	0.999959	
3815														0.000020	0.042088	9.839757	-0.778405	0.627724	-0.006920	-0.627698	-0.778436	-0.005804	-0.009030	-0.000175	0.999959	
3816														-0.128746	0.091623	9.806520	-0.780838	0.624694	-0.007028	-0.624667	-0.780870	-0.005806	-0.009115	-0.000143	0.999958	
3817														0.045999	0.095731	9.857489	-0.783320	0.621579	-0.007042	-0.621552	-0.783351	-0.005883	-0.009173	-0.000231	0.999958	
3818														-0.282408	0.013778	9.842915	-0.785874	0.618346	-0.007081	-0.618318	-0.785906	-0.005959	-0.009250	-0.000304	0.999957	
3819														-0.207846	-0.120731	9.784232	-0.788463	0.615041	-0.007055	-0.615013	-0.788495	-0.005906	-0.009195	-0.000317	0.999958	
3820														0.004202	-0.077948	9.866792	-0.791077	0.611676	-0.007044	-0.611647	-0.791108	-0.005971	-0.009225	-0.000415	0.999957	
3821														0.067566	-0.018855	9.826635	-0.793395	0.608665	-0.007097	-0.608636	-0.793427	-0.005985	-0.009274	-0.000428	0.999957	
3822														0.199720	-0.003921	9.802837	-0.795387	0.606060	-0.007129	-0.606031	-0.795418	-0.005992	-0.009302	-0.000446	0.999957	
3823														0.115760	-0.037454	9.813502	-0.796916	0.604048	-0.007147	-0.604018	-0.796948	-0.006071	-0.009363	-0.000521	0.999956	
3824														0.003251	-0.078241	9.837518	-0.798265	0.602264	-0.007112	-0.602234	-0.798297	-0.006024	-0.009305	-0.000526	0.999957	
3825														-0.045364	0.000529	9.837464	-0.799444	0.600698	-0.007151	-0.600667	-0.799476	-0.006139	-0.009405	-0.000613	0.999956	
3826														-0.027031	0.049976	9.824701	-0.800527	0.599253	-0.007182	-0.599223	-0.800559	-0.006083	-0.009395	-0.000566	0.999956	
3827														-0.183716	0.014202	9.803086	-0.801581	0.597843	-0.007180	-0.597813	-0.801613	-0.006060	-0.009379	-0.000565	0.999956	
3828														-0.103442	-0.012529	9.820282	-0.802715	0.596320	-0.007203	-0.596290	-0.802747	-0.006036	-0.009382	-0.000550	0.999956	
3829														0.139351	-0.151177	9.826558	-0.803773	0.594893	-0.007182	-0.594862	-0.803805	-0.006036	-0.009363	-0.000579	0.999956	
3830														0.064499	-0.093927	9.839657	-0.804518	0.593884	-0.007204	-0.593853	-0.804550	-0.006092	-0.009414	-0.000623	0.999955	
3831														-0.001842	-0.003580	9.809893	-0.805133	0.593049	-0.007306	-0.593018	-0.805166	-0.006083	-0.009491	-0.000565	0.999955	
3832														-0.123936	0.057402	9.835889	-0.805649	0.592348	-0.007288	-0.592317	-0.805682	-0.006112	-0.009492	-0.000607	0.999955	
3833														-0.205775	0.022299	9.817211	-0.806383	0.591349	-0.007245	-0.591317	-0.806415	-0.006149	-0.009478	-0.000674	0.999955	
3834														-0.131608	-0.035618	9.804121	-0.807224	0.590201	-0.007249	-0.590169	-0.807256	-0.006183	-0.009501	-0.000713	0.999955	
3835														-0.179018	-0.032828	9.817018	-0.808281	0.588752	-0.007251	-0.588720	-0.808313	-0.006247	-0.009539	-0.000780	0.999954	
3836														-0.069758	0.008424	9.836990	-0.809335	0.587303	-0.007249	-0.587271	-0.809367	-0.006181	-0.009497	-0.000745	0.999955	
3837														-0.074338	-0.038721	9.850366	-0.810379	0.585862	-0.007188	-0.585829	-0.810410	-0.006290	-0.009511	-0.000886	0.999954	
3838														-0.044500	-0.030951	9.807753	-0.811400	0.584446	-0.007226	-0.584414	-0.811432	-0.006180	-0.009476	-0.000791	0.999955	
3839														-0.120817	-0.035404	9.833992	-0.812340	0.583140	-0.007228	-0.583106	-0.812371	-0.006310	-0.009551	-0.000912	0.999954	
3840														-0.110094	-0.017979	9.805562	-0.813214	0.581919	-0.007246	-0.581885	-0.813246	-0.006376	-0.009603	-0.000969	0.999953	
3841														-0.179424	0.009133	9.832840	-0.814122	0.580648	-0.007251	-0.580614	-0.814154	-0.006344	-0.009587	-0.000955	0.999954	
3842														-0.083561	0.048595	9.822948	-0.814896	0.579562	-0.007231	-0.579528	-0.814927	-0.006359	-0.009578	-0.000991	0.999954	
3843														-0.056048	0.055409	9.824244	-0.815800	0.578288	-0.007283	-0.578254	-0.815832	-0.006412	-0.009649	-0.001019	0.999953	
3844														-0.001279	0.009095	9.854639	-0.816745	0.576951	-0.007397	-0.576917	-0.816778	-0.006375	-0.009720	-0.000939	0.999952	
3845														-0.037825	-0.074787	9.792481	-0.817744	0.575535	-0.007363	-0.575500	-0.817777	-0.006365	-0.009685	-0.000967	0.999953	
3846														-0.139100	-0.041272	9.818638	-0.818669	0.574218	-0.007393	-0.574183	-0.818702	-0.006375	-0.009713	-0.000974	0.999952	
3847														-0.260362	-0.042785	9.813803	-0.819759	0.572660	-0.007436	-0.572626	-0.819792	-0.006328	-0.009720	-0.000929	0.999952	
3848														-0.236788	-0.021721	9.829937	-0.820996	0.570885	-0.007444	-0.570851	-0.821030	-0.006302	-0.009709	-0.000925	0.999952	
3849														-0.145757	0.032578	9.834918	-0.822397	0.568866	-0.007447	-0.568832	-0.822430	-0.006285	-0.009700	-0.000932	0.999953	
3850														-0.186922	0.021260	9.789049	-0.823741	0.566918	-0.007389	-0.566883	-0.823773	-0.006380	-0.009704	-0.001066	0.999952	
3851														-0.125898	0.005812	9.849786	-0.825001	0.565083	-0.007445	-0.565048	-0.825033	-0.006416	-0.009768	-0.001087	0.999952	
3852														-0.157252	0.012964	9.804763	-0.826317	0.563156	-0.007490	-0.563120	-0.826350	-0.006419	-0.009804	-0.001087	0.999951	
3853														-0.172448	0.053197	9.878525	-0.827751	0.561046	-0.007483	-0.561011	-0.827784	-0.006370	-0.009768	-0.001074	0.999952	
3854														-0.243975	0.049065	9.787627	-0.829369	0.558651	-0.007479	-0.558615	-0.829402	-0.006436	-0.009799	-0.001160	0.999951	
3855														-0.081606	0.002631	9.822265	-0.831082	0.556098	-0.007576	-0.556061	-0.831116	-0.006485	-0.009903	-0.001177	0.999950	
3856														-0.028076	-0.027894	9.823639	-0.832764	0.553576	-0.007539	-0.553540	-0.832797	-0.006477	-0.009864	-0.001220	0.999951	
3857														-0.189831	0.001484	9.832649	-0.834488	0.550974	-0.007597	-0.550938	-0.834522	-0.006386	-0.009858	-0.001144	0.999951	
3858														-0.035698	0.001848	9.794779	-0.836221	0.548339	-0.007635	-0.548304	-0.836255	-0.006319	-0.009849	-0.001098	0.999951	
3859														-0.088077	0.016647	9.822447	-0.837939	0.545711	-0.007680	-0.545674	-0.837973	-0.006380	-0.009918	-0.001156	0.999950	
3860														0.093414	-0.036637	9.857627	-0.839547	0.543232	-0.007709	-0.543195	-0.839582	-0.006412	-0.009956	-0.001196	0.999950	
3861														-0.140391	-0.014231	9.790299	-0.841074	0.540865	-0.007749	-0.540829	-0.841109	-0.006336	-0.009945	-0.001138	0.999950	
3862														0.105358	-0.077742	9.857039	-0.842462	0.538700	-0.007758	-0.538664	-0.842497	-0.006361	-0.009963	-0.001180	0.999950	
3863														-0.036554	-0.059324	9.807929	-0.843736	0.536702	-0.007793	-0.536666	-0.843771	-0.006354	-0.009986	-0.001179	0.999949	
3864														0.003487	-0.047495	9.839198	-0.844808	0.535013	-0.007804	-0.534975	-0.844843	-0.006438	-0.010038	-0.001264	0.999949	
3865														-0.241509	-0.002479	9.830729	-0.845747	0.533528	-0.007692	-0.533490	-0.845781	-0.006544	-0.009997	-0.001431	0.999949	
3866														-0.246222	0.056134	9.846832	-0.846870	0.531743	-0.007733	-0.531705	-0.846904	-0.006549	-0.010031	-0.001435	0.999949	
3867														-0.092715	-0.032644	9.777225	-0.848112	0.529759	-0.007769	-0.529721	-0.848147	-0.006564	-0.010066	-0.001451	0.999948	
3868														-0.076142	-0.043219	9.806954	-0.849342	0.527785	-0.007793	-0.527746	-0.849377	-0.006569	-0.010086	-0.001466	0.999948	
3869														-0.095826	-0.034349	9.821105	-0.850640	0.525690	-0.007842	-0.525651	-0.850675	-0.006570	-0.010125	-0.001467	0.999948	
3870														0.051330	-0.017848	9.842096	-0.851830	0.523761	-0.007802	-0.523721	-0.851864	-0.006602	-0.010104	-0.001538	0.999948	
3871														-0.040946	-0.017173	9.823804	-0.852982	0.521882	-0.007800	-0.521843	-0.853016	-0.006589	-0.010092	-0.001550	0.999948	
3872														-0.073307	-0.012207	9.808015	-0.854122	0.520014	-0.007833	-0.519974	-0.854156	-0.006605	-0.010125	-0.001568	0.999948	
3873														-0.032817	0.001137	9.824680	-0.855274	0.518117	-0.007851	-0.518078	-0.855308	-0.006568	-0.010118	-0.001550	0.999948	
3874														-0.139799	-0.003742	9.820320	-0.856518	0.516057	-0.007857	-0.516018	-0.856553	-0.006595	-0.010133	-0.001594	0.999947	
3875														-0.171802	-0.045843	9.817881	-0.857894	0.513768	-0.007759	-0.513730	-0.857928	-0.006466	-0.009979	-0.001561	0.999949	
3876														-0.009597	-0.068239	9.823674	-0.859364	0.511304	-0.007830	-0.511265	-0.859399	-0.006496	-0.010051	-0.001579	0.999948	
3877														-0.081205	-0.000121	9.837462	-0.860774	0.508927	-0.007858	-0.508887	-0.860808	-0.006551	-0.010098	-0.001640	0.999948	
3878														-0.152900	0.067723	9.851242	-0.862185	0.506533	-0.007891	-0.506493	-0.862219	-0.006530	-0.010111	-0.001634	0.999948	
3879														-0.322597	0.024171	9.799337	-0.863754	0.503852	-0.007893	-0.503812	-0.863788	-0.006574	-0.010130	-0.001702	0.999947	
3880														-0.171013	0.030269	9.805555	-0.865383	0.501047	-0.007973	-0.501007	-0.865418	-0.006600	-0.010207	-0.001717	0.999946	
3881														-0.291881	-0.029345	9.828435	-0.866914	0.498395	-0.007905	-0.498355	-0.866948	-0.006586	-0.010135	-0.001770	0.999947	
3882														-0.105410	0.051677	9.867501	-0.868689	0.495294	-0.007897	-0.495253	-0.868723	-0.006627	-0.010142	-0.001846	0.999947	
3883														-0.197070	0.050224	9.805236	-0.870429	0.492229	-0.008040	-0.492187	-0.870464	-0.006677	-0.010285	-0.001855	0.999945	
3884														-0.037434	-0.047092	9.794101	-0.872297	0.488911	-0.008059	-0.488869	-0.872332	-0.006714	-0.010313	-0.001917	0.999945	
3885														-0.093542	0.056475	9.824269	-0.874183	0.485531	-0.008038	-0.485489	-0.874218	-0.006658	-0.010260	-0.001918	0.999946	
3886														-0.105497	0.082915	9.853926	-0.876018	0.482210	-0.008061	-0.482169	-0.876053	-0.006619	-0.010253	-0.001912	0.999946	
3887														-0.324105	0.000200	9.813584	-0.878012	0.478569	-0.008136	-0.478527	-0.878048	-0.006594	-0.010299	-0.001897	0.999945	
3888														-0.221718	-0.023717	9.816926	-0.880464	0.474043	-0.008165	-0.474002	-0.880500	-0.006523	-0.010281	-0.001873	0.999945	
3889														-0.362258	-0.033194	9.855169	-0.883273	0.468788	-0.008161	-0.468747	-0.883309	-0.006481	-0.010247	-0.001899	0.999946	
3890														-0.371641	-0.085504	9.809284	-0.886304	0.463032	-0.008215	-0.462991	-0.886340	-0.006451	-0.010269	-0.001914	0.999945	
3891														-0.112611	-0.140597	9.817719	-0.889457	0.456946	-0.008127	-0.456905	-0.889492	-0.006435	-0.010169	-0.002011	0.999946	
