// Start Time: Unknown: 
// Update Rate: 60.0Hz 
// Filter Profile: human (46.1) 
// Firmware Version: 4.6.0
// Option Flags: AHS Disabled ICC Disabled 
PacketCounter	SampleTimeFine	Year	Month	Day	Second	UTC_Nano	UTC_Year	UTC_Month	UTC_Day	UTC_Hour	UTC_Minute	UTC_Second	UTC_Valid	Acc_X	Acc_Y	Acc_Z	Mat[1][1]	Mat[2][1]	Mat[3][1]	Mat[1][2]	Mat[2][2]	Mat[3][2]	Mat[1][3]	Mat[2][3]	Mat[3][3] 
13512								2021	08	20	14	51	26.056	9.007104	3.237870	-2.208537	0.197948	0.076025	0.977260	0.350440	-0.936583	0.001878	0.915428	0.342099	-0.212037	
13513								2021	08	20	14	51	26.073	9.045097	3.260956	-2.188358	0.197480	0.075735	0.977377	0.350235	-0.936660	0.001815	0.915607	0.341953	-0.211496	
13514								2021	08	20	14	51	26.089	8.962823	3.282611	-2.076009	0.197021	0.075661	0.977475	0.349988	-0.936752	0.001965	0.915801	0.341718	-0.211040	
13515								2021	08	20	14	51	26.106	8.958283	3.318189	-2.072540	0.196798	0.075729	0.977515	0.349857	-0.936801	0.002140	0.915899	0.341570	-0.210855	
13516								2021	08	20	14	51	26.123	8.953743	3.353767	-2.069071	0.196575	0.075797	0.977555	0.349726	-0.936849	0.002315	0.915996	0.341422	-0.210670	
13517								2021	08	20	14	51	26.139	8.902045	3.287964	-1.961113	0.196735	0.075078	0.977578	0.349520	-0.936927	0.001616	0.916041	0.341365	-0.210567	
13518								2021	08	20	14	51	26.156	9.146220	3.165322	-1.929153	0.196487	0.074385	0.977681	0.349276	-0.937019	0.001096	0.916187	0.341265	-0.210092	
13519								2021	08	20	14	51	26.173	9.051712	3.056992	-2.217220	0.195098	0.073807	0.978003	0.348758	-0.937212	0.001156	0.916681	0.340861	-0.208589	
13520								2021	08	20	14	51	26.189	9.121282	3.137462	-2.087726	0.193653	0.074157	0.978263	0.347869	-0.937541	0.002207	0.917325	0.339880	-0.207355	
13521								2021	08	20	14	51	26.206	9.111737	2.967236	-2.004883	0.192331	0.075754	0.978402	0.347145	-0.937801	0.004370	0.917878	0.338806	-0.206666	
13522								2021	08	20	14	51	26.223	9.212514	2.938914	-2.207055	0.191112	0.077299	0.978520	0.346347	-0.938084	0.006461	0.918433	0.337673	-0.206051	
13523								2021	08	20	14	51	26.239	8.813872	3.167760	-2.036799	0.190185	0.079920	0.978490	0.345751	-0.938279	0.009434	0.918850	0.336520	-0.206079	
13524								2021	08	20	14	51	26.256	9.086279	3.394661	-1.861730	0.189475	0.083116	0.978361	0.345426	-0.938359	0.012821	0.919119	0.335522	-0.206506	
13525								2021	08	20	14	51	26.273	8.829942	3.427196	-1.786781	0.188177	0.086476	0.978321	0.345369	-0.938322	0.016510	0.919407	0.334775	-0.206436	
13526								2021	08	20	14	51	26.289	8.922406	3.291979	-1.646496	0.187477	0.088418	0.978281	0.345729	-0.938151	0.018536	0.919415	0.334745	-0.206450	
13527								2021	08	20	14	51	26.306	8.895791	2.988577	-1.816492	0.186927	0.088900	0.978343	0.346186	-0.937972	0.019088	0.919355	0.335121	-0.206108	
13528								2021	08	20	14	51	26.323	9.217696	2.713237	-1.853381	0.186962	0.089909	0.978244	0.346991	-0.937658	0.019862	0.919044	0.335729	-0.206504	
13529								2021	08	20	14	51	26.339	9.345076	2.831653	-1.837303	0.186998	0.090215	0.978209	0.347558	-0.937445	0.020015	0.918823	0.336241	-0.206656	
13530								2021	08	20	14	51	26.356	9.123966	3.097081	-2.197531	0.186445	0.091621	0.978184	0.347949	-0.937268	0.021468	0.918787	0.336356	-0.206629	
13531								2021	08	20	14	51	26.373	8.986956	3.127394	-2.080603	0.186539	0.093887	0.977951	0.348513	-0.937010	0.023480	0.918554	0.336449	-0.207510	
13532								2021	08	20	14	51	26.389	8.922542	3.138999	-2.002906	0.186884	0.096213	0.977659	0.348885	-0.936818	0.025503	0.918343	0.336325	-0.208644	
13533								2021	08	20	14	51	26.406	9.021942	3.130455	-2.040325	0.186575	0.098180	0.977523	0.349188	-0.936651	0.027427	0.918291	0.336222	-0.209039	
13534								2021	08	20	14	51	26.423	9.051660	2.732045	-2.148262	0.186538	0.100924	0.977250	0.349533	-0.936444	0.029991	0.918167	0.335987	-0.209958	
13535								2021	08	20	14	51	26.439	9.222252	2.800876	-2.102076	0.185943	0.105171	0.976916	0.349707	-0.936234	0.034229	0.918221	0.335270	-0.210866	
13536								2021	08	20	14	51	26.456	9.076671	2.986267	-1.995724	0.185316	0.109147	0.976599	0.349839	-0.936029	0.038228	0.918298	0.334568	-0.211645	
13537								2021	08	20	14	51	26.473	8.973902	3.264898	-1.872916	0.184565	0.113282	0.976270	0.349878	-0.935833	0.042445	0.918434	0.333742	-0.212357	
13538								2021	08	20	14	51	26.489	8.906753	3.349714	-1.717781	0.183485	0.117424	0.975984	0.350116	-0.935540	0.046736	0.918560	0.333133	-0.212770	
13539								2021	08	20	14	51	26.506	8.771607	3.162611	-1.866302	0.182914	0.120947	0.975661	0.350711	-0.935139	0.050173	0.918447	0.332998	-0.213468	
13540								2021	08	20	14	51	26.523	9.020353	2.980116	-1.836295	0.183036	0.123619	0.975303	0.351392	-0.934753	0.052533	0.918162	0.333099	-0.214532	
13541								2021	08	20	14	51	26.539	9.082448	3.051839	-2.078462	0.183368	0.125804	0.974961	0.351955	-0.934436	0.054380	0.917880	0.333171	-0.215623	
13542								2021	08	20	14	51	26.556	9.210598	3.147612	-2.032582	0.184077	0.127927	0.974551	0.352545	-0.934116	0.056029	0.917511	0.333260	-0.217050	
13543								2021	08	20	14	51	26.573	9.058897	3.045711	-1.927087	0.184299	0.130901	0.974114	0.353359	-0.933650	0.058609	0.917154	0.333410	-0.218325	
13544								2021	08	20	14	51	26.589	8.807118	3.261143	-1.832956	0.184652	0.133357	0.973714	0.354209	-0.933198	0.060637	0.916755	0.333701	-0.219553	
13545								2021	08	20	14	51	26.606	8.856130	3.166602	-1.848090	0.185651	0.133742	0.973472	0.355347	-0.932782	0.060383	0.916113	0.334710	-0.220696	
13546								2021	08	20	14	51	26.623	9.128784	2.749687	-2.342993	0.185852	0.133946	0.973405	0.356607	-0.932313	0.060205	0.915582	0.335934	-0.221038	
13547								2021	08	20	14	51	26.639	9.238278	2.892656	-2.558482	0.186556	0.135836	0.973008	0.357921	-0.931728	0.061448	0.914926	0.336796	-0.222438	
13548								2021	08	20	14	51	26.656	9.028814	3.174216	-2.376970	0.186297	0.139802	0.972496	0.359038	-0.931052	0.065065	0.914541	0.337042	-0.223647	
13549								2021	08	20	14	51	26.673	8.692086	3.528555	-2.441203	0.186432	0.143264	0.971966	0.360590	-0.930246	0.067950	0.913903	0.337813	-0.225088	
13550								2021	08	20	14	51	26.689	8.786512	3.216213	-2.407585	0.186577	0.145846	0.971554	0.362973	-0.929183	0.069780	0.912929	0.339629	-0.226303	
13551								2021	08	20	14	51	26.706	9.073156	2.802832	-2.451248	0.186477	0.148433	0.971182	0.365759	-0.927952	0.071596	0.911837	0.341868	-0.227333	
13552								2021	08	20	14	51	26.723	9.267953	2.591391	-2.630121	0.186047	0.151472	0.970795	0.368325	-0.926746	0.074012	0.910891	0.343799	-0.228209	
13553								2021	08	20	14	51	26.739	9.297177	2.485338	-2.514743	0.185544	0.154783	0.970369	0.370508	-0.925648	0.076805	0.910108	0.345279	-0.229097	
13554								2021	08	20	14	51	26.756	9.052888	2.922040	-2.744289	0.184518	0.159266	0.969839	0.372142	-0.924631	0.081040	0.909650	0.345964	-0.229880	
13555								2021	08	20	14	51	26.773	8.860074	3.200114	-2.437282	0.184305	0.163025	0.969255	0.373663	-0.923724	0.084315	0.909070	0.346635	-0.231163	
13556								2021	08	20	14	51	26.789	8.793467	2.936278	-2.329791	0.184202	0.164526	0.969021	0.374948	-0.923099	0.085455	0.908561	0.347591	-0.231725	
13557								2021	08	20	14	51	26.806	8.955770	3.042431	-2.641635	0.184461	0.164749	0.968933	0.375651	-0.922819	0.085393	0.908218	0.348229	-0.232113	
13558								2021	08	20	14	51	26.823	9.212120	3.404371	-2.697140	0.184253	0.164342	0.969042	0.376197	-0.922638	0.084942	0.908034	0.348900	-0.231824	
13559								2021	08	20	14	51	26.839	8.891717	3.192192	-2.743962	0.183879	0.163497	0.969256	0.376601	-0.922544	0.084172	0.907943	0.349545	-0.231210	
13560								2021	08	20	14	51	26.856	8.673129	3.191904	-2.623338	0.185040	0.162347	0.969228	0.377438	-0.922358	0.082438	0.907359	0.350569	-0.231949	
13561								2021	08	20	14	51	26.873	8.883827	3.155106	-2.528329	0.185559	0.160352	0.969461	0.378864	-0.921989	0.079984	0.906659	0.352452	-0.231835	
13562								2021	08	20	14	51	26.889	8.831827	2.968314	-2.520882	0.186806	0.158401	0.969542	0.380478	-0.921558	0.077253	0.905726	0.354458	-0.232421	
13563								2021	08	20	14	51	26.906	9.237363	2.945770	-2.665351	0.187132	0.157121	0.969688	0.382367	-0.920927	0.075430	0.904863	0.356661	-0.232413	
13564								2021	08	20	14	51	26.923	8.894441	3.107440	-2.578160	0.186505	0.157001	0.969828	0.384427	-0.920102	0.075023	0.904120	0.358836	-0.231959	
13565								2021	08	20	14	51	26.939	8.862582	3.214920	-2.359696	0.185898	0.157083	0.969931	0.387023	-0.919042	0.074664	0.903136	0.361506	-0.231642	
13566								2021	08	20	14	51	26.956	8.915111	3.195245	-2.295899	0.185144	0.157099	0.970073	0.390047	-0.917801	0.074191	0.901989	0.364638	-0.231201	
13567								2021	08	20	14	51	26.973	8.848020	3.386220	-2.238227	0.184073	0.157642	0.970189	0.393120	-0.916478	0.074328	0.900874	0.367719	-0.230671	
13568								2021	08	20	14	51	26.989	8.951345	3.194602	-2.099264	0.183048	0.156800	0.970519	0.396323	-0.915195	0.073112	0.899678	0.371256	-0.229668	
13569								2021	08	20	14	51	27.006	8.821117	3.239700	-2.206990	0.182156	0.155374	0.970916	0.399411	-0.913993	0.071330	0.898493	0.374801	-0.228548	
13570								2021	08	20	14	51	27.023	8.766031	3.357394	-2.410467	0.181601	0.152726	0.971440	0.402532	-0.912857	0.068267	0.897212	0.378639	-0.227253	
13571								2021	08	20	14	51	27.039	8.721281	3.278442	-2.650757	0.181015	0.149776	0.972009	0.405895	-0.911614	0.064881	0.895814	0.382789	-0.225809	
13572								2021	08	20	14	51	27.056	9.009218	3.743292	-2.534489	0.179747	0.148651	0.972416	0.410039	-0.909869	0.063296	0.894181	0.387351	-0.224499	
13573								2021	08	20	14	51	27.073	8.849388	4.453435	-2.162405	0.178195	0.146720	0.972995	0.414716	-0.907907	0.060954	0.892332	0.392655	-0.222632	
13574								2021	08	20	14	51	27.089	8.566590	4.754209	-2.249919	0.176987	0.141744	0.973953	0.419969	-0.905839	0.055514	0.890113	0.399205	-0.219849	
13575								2021	08	20	14	51	27.106	8.770338	3.980769	-2.526982	0.175992	0.134226	0.975197	0.425573	-0.903672	0.047579	0.887645	0.406645	-0.216162	
13576								2021	08	20	14	51	27.123	9.093457	3.084471	-2.668271	0.176040	0.125744	0.976319	0.431347	-0.901372	0.038315	0.884845	0.414387	-0.212917	
13577								2021	08	20	14	51	27.139	9.051452	2.649957	-2.721650	0.175410	0.118064	0.977390	0.436857	-0.899024	0.030196	0.882262	0.421684	-0.209275	
13578								2021	08	20	14	51	27.156	8.972626	2.165005	-2.892752	0.175184	0.109794	0.978394	0.441750	-0.896879	0.021550	0.879868	0.428430	-0.205621	
13579								2021	08	20	14	51	27.173	9.127834	1.786620	-3.084122	0.174862	0.102339	0.979260	0.446151	-0.894851	0.013850	0.877709	0.434476	-0.202134	
13580								2021	08	20	14	51	27.189	9.230103	1.731191	-3.428229	0.174528	0.095951	0.979966	0.449664	-0.893167	0.007368	0.875980	0.439370	-0.199029	
13581								2021	08	20	14	51	27.206	9.080487	1.877498	-3.429551	0.174996	0.091049	0.980350	0.452622	-0.891700	0.002021	0.874363	0.443374	-0.197255	
13582								2021	08	20	14	51	27.223	9.273833	1.605280	-3.382132	0.176033	0.086307	0.980594	0.454702	-0.890638	-0.003237	0.873074	0.446448	-0.196025	
13583								2021	08	20	14	51	27.239	9.344940	1.188746	-3.282367	0.177706	0.081747	0.980682	0.455569	-0.890161	-0.008350	0.872283	0.448252	-0.195429	
13584								2021	08	20	14	51	27.256	9.811441	1.263852	-2.994827	0.179694	0.078602	0.980577	0.455131	-0.890343	-0.012035	0.872104	0.448454	-0.195764	
13585								2021	08	20	14	51	27.273	10.084392	2.120260	-2.522153	0.180900	0.075751	0.980580	0.453167	-0.891303	-0.014747	0.872877	0.447035	-0.195565	
13586								2021	08	20	14	51	27.289	10.275806	2.833897	-2.916554	0.180894	0.075896	0.980570	0.450261	-0.892788	-0.013962	0.874381	0.444038	-0.195673	
13587								2021	08	20	14	51	27.306	11.056775	2.768855	-2.478134	0.180260	0.081692	0.980221	0.446613	-0.894695	-0.007567	0.876381	0.439143	-0.197762	
13588								2021	08	20	14	51	27.323	10.791593	2.700541	-1.979747	0.177490	0.086674	0.980298	0.441945	-0.897042	-0.000705	0.879307	0.433364	-0.197521	
13589								2021	08	20	14	51	27.339	10.896762	2.922845	-1.464907	0.174485	0.088009	0.980719	0.435674	-0.900099	0.003261	0.883031	0.426705	-0.195397	
13590								2021	08	20	14	51	27.356	11.425437	2.983155	-1.286062	0.171195	0.083790	0.981668	0.427190	-0.904158	0.002676	0.887807	0.418900	-0.190581	
13591								2021	08	20	14	51	27.373	11.455436	2.524099	-0.984071	0.167286	0.074622	0.983080	0.415918	-0.909400	-0.001746	0.893883	0.409173	-0.183167	
13592								2021	08	20	14	51	27.389	10.507173	1.932802	-0.302903	0.162414	0.061957	0.984776	0.401079	-0.916004	-0.008518	0.901530	0.396357	-0.173621	
13593								2021	08	20	14	51	27.406	10.042943	1.589934	0.259731	0.157375	0.046561	0.986441	0.382447	-0.923813	-0.017410	0.910476	0.380001	-0.163192	
13594								2021	08	20	14	51	27.423	9.820719	1.296655	0.568104	0.151809	0.027019	0.988041	0.360089	-0.932441	-0.029827	0.920484	0.360310	-0.151282	
13595								2021	08	20	14	51	27.439	9.211850	0.958051	0.235663	0.146877	0.004335	0.989145	0.334505	-0.941293	-0.045545	0.930878	0.337564	-0.139704	
13596								2021	08	20	14	51	27.456	8.936214	1.405033	-0.317471	0.143546	-0.018989	0.989462	0.306092	-0.949939	-0.062636	0.941118	0.311857	-0.130547	
13597								2021	08	20	14	51	27.473	9.297847	2.796931	-1.004984	0.141676	-0.038919	0.989148	0.276305	-0.957959	-0.077267	0.950570	0.284253	-0.124966	
13598								2021	08	20	14	51	27.489	10.207238	4.499739	-1.360991	0.140082	-0.055620	0.988576	0.247116	-0.964862	-0.089303	0.958807	0.256803	-0.121416	
13599								2021	08	20	14	51	27.506	10.673093	5.805713	-1.274168	0.138190	-0.070586	0.987887	0.220225	-0.970296	-0.100135	0.965611	0.231395	-0.118541	
13600								2021	08	20	14	51	27.523	10.433699	5.687172	-1.253549	0.137315	-0.085738	0.986810	0.194927	-0.974427	-0.111786	0.971158	0.207706	-0.117091	
13601								2021	08	20	14	51	27.539	9.920147	5.295661	-1.248870	0.138038	-0.103008	0.985056	0.169780	-0.977394	-0.125998	0.975766	0.184636	-0.117429	
13602								2021	08	20	14	51	27.556	9.274004	3.353382	-1.875159	0.139503	-0.121334	0.982760	0.144635	-0.979324	-0.141441	0.979602	0.161873	-0.119069	
13603								2021	08	20	14	51	27.573	9.154092	2.394610	-2.391775	0.144016	-0.135420	0.980266	0.119899	-0.980906	-0.153124	0.982285	0.139585	-0.125030	
13604								2021	08	20	14	51	27.589	9.573172	1.977910	-2.173178	0.148661	-0.144505	0.978273	0.096603	-0.982412	-0.159797	0.984158	0.118260	-0.132086	
13605								2021	08	20	14	51	27.606	9.940881	1.802314	-1.705587	0.152564	-0.147886	0.977166	0.075214	-0.984136	-0.160683	0.985427	0.098011	-0.139021	
13606								2021	08	20	14	51	27.623	9.614435	1.641312	-1.419771	0.153866	-0.146033	0.977241	0.056507	-0.986099	-0.156254	0.986475	0.079263	-0.143475	
13607								2021	08	20	14	51	27.639	9.106160	1.472617	-1.333600	0.153560	-0.137705	0.978497	0.039993	-0.988565	-0.145398	0.987330	0.061460	-0.146297	
13608								2021	08	20	14	51	27.656	8.774075	1.968358	-1.318673	0.153509	-0.125389	0.980159	0.026390	-0.991042	-0.130914	0.987795	0.045963	-0.148825	
13609								2021	08	20	14	51	27.673	8.289420	1.868988	-1.364345	0.152737	-0.110188	0.982105	0.015423	-0.993378	-0.113851	0.988146	0.032536	-0.150026	
13610								2021	08	20	14	51	27.689	7.940942	1.929534	-1.361537	0.152084	-0.092961	0.983986	0.006435	-0.995453	-0.095039	0.988347	0.020786	-0.150794	
13611								2021	08	20	14	51	27.706	8.015902	1.757203	-0.912464	0.152191	-0.073477	0.985616	-0.000273	-0.997236	-0.074301	0.988351	0.011039	-0.151790	
13612								2021	08	20	14	51	27.723	8.123998	1.691778	-0.504260	0.152539	-0.055840	0.986719	-0.005698	-0.998436	-0.055622	0.988281	0.002862	-0.152618	
13613								2021	08	20	14	51	27.739	8.026421	1.707436	-0.369884	0.153051	-0.039598	0.987425	-0.009700	-0.999209	-0.038567	0.988171	-0.003675	-0.153314	
13614								2021	08	20	14	51	27.756	7.997095	1.602333	-0.459567	0.153752	-0.026967	0.987741	-0.012604	-0.999600	-0.025328	0.988029	-0.008555	-0.154031	
13615								2021	08	20	14	51	27.773	8.289691	1.460414	-0.610353	0.154638	-0.017541	0.987815	-0.014545	-0.999774	-0.015476	0.987864	-0.011975	-0.154858	
13616								2021	08	20	14	51	27.789	8.456084	1.415638	-0.893262	0.155207	-0.011405	0.987816	-0.015297	-0.999841	-0.009141	0.987763	-0.013692	-0.155357	
13617								2021	08	20	14	51	27.806	8.398001	1.043237	-1.342311	0.155542	-0.008749	0.987791	-0.015095	-0.999865	-0.006479	0.987714	-0.013903	-0.155653	
13618								2021	08	20	14	51	27.823	7.963761	0.484251	-1.773046	0.156855	-0.008000	0.987589	-0.014331	-0.999880	-0.005823	0.987518	-0.013240	-0.156951	
13619								2021	08	20	14	51	27.839	8.184435	0.197051	-1.887871	0.159776	-0.006154	0.987134	-0.012844	-0.999909	-0.004155	0.987070	-0.012015	-0.159841	
13620								2021	08	20	14	51	27.856	8.740526	-0.019266	-1.631239	0.163035	-0.001554	0.986619	-0.010197	-0.999948	0.000110	0.986568	-0.010079	-0.163042	
13621								2021	08	20	14	51	27.873	9.418305	-0.357837	-0.920890	0.166158	0.003605	0.986092	-0.006428	-0.999968	0.004739	0.986078	-0.007126	-0.166130	
13622								2021	08	20	14	51	27.889	9.990063	-0.877688	-0.944769	0.167016	0.006478	0.985933	-0.001767	-0.999975	0.006869	0.985953	-0.002889	-0.167001	
13623								2021	08	20	14	51	27.906	9.693024	-1.701877	-1.296700	0.168405	0.008934	0.985677	0.003041	-0.999959	0.008544	0.985713	0.001559	-0.168425	
13624								2021	08	20	14	51	27.923	10.445017	-2.012157	-2.140345	0.171341	0.015140	0.985095	0.006355	-0.999878	0.014262	0.985191	0.003817	-0.171416	
13625								2021	08	20	14	51	27.939	10.723339	-2.310962	-1.535598	0.174935	0.019822	0.984380	0.007296	-0.999796	0.018836	0.984553	0.003887	-0.175044	
13626								2021	08	20	14	51	27.956	10.727615	-2.557733	-1.778370	0.177933	0.021502	0.983808	0.006219	-0.999766	0.020726	0.984023	0.002431	-0.178025	
13627								2021	08	20	14	51	27.973	10.621225	-2.759684	-2.262879	0.183417	0.022258	0.982783	0.002819	-0.999751	0.022116	0.983031	-0.001286	-0.183434	
13628								2021	08	20	14	51	27.989	10.498102	-2.316672	-2.114221	0.189187	0.020957	0.981717	-0.002415	-0.999759	0.021808	0.981938	-0.006496	-0.189091	
13629								2021	08	20	14	51	28.006	9.733394	-1.450438	-1.160072	0.192787	0.022332	0.980987	-0.007779	-0.999675	0.024287	0.981210	-0.012313	-0.192550	
13630								2021	08	20	14	51	28.023	9.133236	-0.700574	-0.593861	0.194861	0.027003	0.980459	-0.011638	-0.999487	0.029841	0.980762	-0.017226	-0.194447	
13631								2021	08	20	14	51	28.039	8.829594	-0.659165	-0.801839	0.197317	0.032154	0.979812	-0.013225	-0.999284	0.035456	0.980250	-0.019954	-0.196751	
13632								2021	08	20	14	51	28.056	8.952932	-1.144328	-1.089277	0.202054	0.037086	0.978672	-0.012255	-0.999109	0.040391	0.979298	-0.020155	-0.201419	
13633								2021	08	20	14	51	28.073	9.951523	-0.839254	-0.798332	0.208819	0.041009	0.977094	-0.008958	-0.998998	0.043843	0.977913	-0.017908	-0.208243	
13634								2021	08	20	14	51	28.089	11.225245	-0.340451	-1.092459	0.211706	0.046028	0.976249	-0.004576	-0.998833	0.048085	0.977323	-0.014648	-0.211249	
13635								2021	08	20	14	51	28.106	11.803803	-1.449672	-1.576047	0.212677	0.055465	0.975547	-0.000227	-0.998385	0.056813	0.977123	-0.012304	-0.212320	
13636								2021	08	20	14	51	28.123	14.074583	-3.603423	-2.368372	0.215329	0.058083	0.974813	0.002982	-0.998264	0.058821	0.976537	-0.009759	-0.215128	
13637								2021	08	20	14	51	28.139	14.016016	-3.443472	-3.189405	0.219500	0.051169	0.974270	0.001657	-0.998642	0.052075	0.975611	-0.009817	-0.219286	
13638								2021	08	20	14	51	28.156	11.332991	0.642911	-0.569290	0.220589	0.047840	0.974193	-0.006305	-0.998706	0.050471	0.975346	-0.017276	-0.220002	
13639								2021	08	20	14	51	28.173	5.710919	5.649395	0.384661	0.212468	0.053069	0.975726	-0.014755	-0.998236	0.057507	0.977057	-0.026615	-0.211310	
13640								2021	08	20	14	51	28.189	3.221345	7.471228	0.053712	0.210480	0.049469	0.976346	-0.012905	-0.998491	0.053373	0.977513	-0.023834	-0.209524	
13641								2021	08	20	14	51	28.206	6.230724	6.418265	-2.527771	0.216363	0.033221	0.975748	-0.000194	-0.999419	0.034070	0.976313	-0.007561	-0.216231	
13642								2021	08	20	14	51	28.223	10.103644	4.962639	-2.934487	0.225909	0.015657	0.974023	0.017525	-0.999774	0.012007	0.973991	0.014357	-0.226133	
13643								2021	08	20	14	51	28.239	12.072074	2.336664	-1.739263	0.230597	0.001312	0.973049	0.035775	-0.999334	-0.007130	0.972392	0.036455	-0.230490	
13644								2021	08	20	14	51	28.256	11.865820	0.271714	-1.368038	0.233063	-0.007278	0.972435	0.052068	-0.998444	-0.019952	0.971067	0.055282	-0.232321	
13645								2021	08	20	14	51	28.273	10.426315	0.993998	-1.479522	0.232344	-0.010565	0.972576	0.064871	-0.997546	-0.026333	0.970468	0.069211	-0.231089	
13646								2021	08	20	14	51	28.289	8.446206	2.713652	-3.152283	0.230580	-0.013882	0.972954	0.076987	-0.996503	-0.032464	0.970003	0.082391	-0.228705	
13647								2021	08	20	14	51	28.306	8.371233	2.324608	-3.805553	0.231012	-0.019369	0.972758	0.090178	-0.995072	-0.041229	0.968763	0.097246	-0.228127	
13648								2021	08	20	14	51	28.323	8.747152	1.170405	-3.754200	0.232209	-0.022751	0.972400	0.104011	-0.993413	-0.048081	0.967089	0.112305	-0.228313	
13649								2021	08	20	14	51	28.339	9.286696	1.440250	-3.306945	0.233891	-0.020910	0.972038	0.117561	-0.991825	-0.049623	0.965129	0.125880	-0.229520	
13650								2021	08	20	14	51	28.356	9.468984	2.401489	-2.833070	0.235217	-0.019790	0.971741	0.130148	-0.990147	-0.051668	0.963190	0.138624	-0.230324	
13651								2021	08	20	14	51	28.373	9.218996	2.249913	-2.622976	0.236368	-0.020794	0.971441	0.141700	-0.988345	-0.055634	0.961276	0.150803	-0.230667	
13652								2021	08	20	14	51	28.389	9.100243	2.414930	-2.572493	0.238888	-0.022721	0.970781	0.152594	-0.986427	-0.060637	0.958983	0.162621	-0.232178	
13653								2021	08	20	14	51	28.406	9.148613	2.757870	-2.893865	0.239964	-0.024219	0.970480	0.163364	-0.984425	-0.064961	0.956937	0.174130	-0.232270	
13654								2021	08	20	14	51	28.423	9.138917	2.804453	-2.859531	0.241547	-0.026676	0.970022	0.174419	-0.982149	-0.070442	0.954585	0.186206	-0.232582	
13655								2021	08	20	14	51	28.439	9.376616	2.456630	-2.718639	0.243049	-0.028354	0.969599	0.185585	-0.979749	-0.075172	0.952095	0.198214	-0.232865	
13656								2021	08	20	14	51	28.456	9.124531	2.523854	-2.512327	0.244884	-0.030159	0.969083	0.196703	-0.977184	-0.080117	0.949389	0.210241	-0.233365	
13657								2021	08	20	14	51	28.473	9.109382	2.706170	-2.084466	0.247337	-0.032024	0.968400	0.208257	-0.974338	-0.085411	0.946284	0.222802	-0.234321	
13658								2021	08	20	14	51	28.489	9.396510	3.032279	-2.023765	0.248806	-0.034855	0.967926	0.220301	-0.971122	-0.091598	0.943167	0.236025	-0.233942	
13659								2021	08	20	14	51	28.506	9.115674	2.832962	-2.139172	0.250293	-0.038434	0.967407	0.232677	-0.967539	-0.098639	0.939795	0.249782	-0.233225	
13660								2021	08	20	14	51	28.523	9.160271	2.726614	-2.032986	0.251456	-0.043264	0.966901	0.245125	-0.963584	-0.106864	0.936314	0.263883	-0.231694	
13661								2021	08	20	14	51	28.539	9.147537	2.372519	-2.310721	0.253475	-0.048496	0.966126	0.257407	-0.959353	-0.115690	0.932466	0.278012	-0.230689	
13662								2021	08	20	14	51	28.556	9.413382	1.719454	-2.258803	0.254157	-0.053182	0.965700	0.269875	-0.954927	-0.123616	0.928747	0.292036	-0.228349	
13663								2021	08	20	14	51	28.573	9.172664	1.359745	-2.407845	0.254649	-0.055888	0.965417	0.282355	-0.950528	-0.129504	0.924894	0.305569	-0.226271	
13664								2021	08	20	14	51	28.589	9.179021	1.459441	-2.670698	0.254914	-0.056684	0.965301	0.294789	-0.946204	-0.133409	0.920933	0.318568	-0.224491	
13665								2021	08	20	14	51	28.606	9.320536	1.176555	-2.616477	0.255679	-0.056396	0.965115	0.306753	-0.941978	-0.136309	0.916805	0.330904	-0.223544	
13666								2021	08	20	14	51	28.623	9.138592	0.872952	-2.467206	0.256352	-0.055319	0.964999	0.317984	-0.937964	-0.138241	0.912781	0.342293	-0.222858	
13667								2021	08	20	14	51	28.639	8.887012	1.123462	-2.300294	0.257860	-0.055361	0.964595	0.328059	-0.934029	-0.141305	0.908783	0.352881	-0.222687	
13668								2021	08	20	14	51	28.656	9.234152	1.461085	-2.953016	0.259694	-0.057350	0.963987	0.336793	-0.930180	-0.146070	0.905058	0.362597	-0.222247	
13669								2021	08	20	14	51	28.673	9.658346	1.700419	-3.285099	0.260763	-0.059829	0.963547	0.344793	-0.926480	-0.150838	0.901732	0.371557	-0.220963	
13670								2021	08	20	14	51	28.689	9.466347	2.573671	-2.853634	0.262512	-0.061301	0.962980	0.351978	-0.923133	-0.154715	0.898443	0.379562	-0.220757	
13671								2021	08	20	14	51	28.706	9.313086	3.005257	-2.485423	0.263981	-0.064620	0.962361	0.359122	-0.919430	-0.160247	0.895179	0.387907	-0.219505	
13672								2021	08	20	14	51	28.723	8.711152	2.514401	-2.873497	0.264407	-0.069464	0.961906	0.366832	-0.915189	-0.166925	0.891921	0.396994	-0.216501	
13673								2021	08	20	14	51	28.739	8.831240	1.964893	-3.161423	0.265552	-0.073818	0.961266	0.375005	-0.910637	-0.173526	0.888174	0.406560	-0.214139	
13674								2021	08	20	14	51	28.756	9.141306	1.855540	-2.920336	0.267287	-0.076896	0.960544	0.382627	-0.906390	-0.179033	0.884395	0.415384	-0.212844	
13675								2021	08	20	14	51	28.773	9.281967	2.354093	-3.031008	0.268806	-0.079474	0.959910	0.389279	-0.902608	-0.183741	0.881025	0.423063	-0.211689	
13676								2021	08	20	14	51	28.789	9.664678	2.360457	-3.273234	0.270220	-0.083441	0.959176	0.395072	-0.898893	-0.189497	0.878009	0.430149	-0.209934	
13677								2021	08	20	14	51	28.806	10.012788	1.603600	-3.593649	0.271830	-0.089738	0.958152	0.399629	-0.895210	-0.197219	0.875446	0.436515	-0.207483	
13678								2021	08	20	14	51	28.823	10.760651	0.574133	-3.401378	0.273378	-0.097822	0.956920	0.401591	-0.892361	-0.205952	0.874065	0.440593	-0.204667	
13679								2021	08	20	14	51	28.839	11.535994	-0.184446	-3.189084	0.274556	-0.107649	0.955526	0.400034	-0.890851	-0.215306	0.874410	0.441356	-0.201525	
13680								2021	08	20	14	51	28.856	12.156959	-0.587745	-3.055965	0.274367	-0.117179	0.954459	0.395424	-0.891003	-0.223057	0.876563	0.438615	-0.198126	
13681								2021	08	20	14	51	28.873	12.436091	-0.463335	-2.654559	0.271299	-0.124380	0.954425	0.387415	-0.893628	-0.226581	0.881083	0.431229	-0.194254	
13682								2021	08	20	14	51	28.889	12.050592	-0.248179	-1.603635	0.263979	-0.132654	0.955363	0.375408	-0.898263	-0.228456	0.888473	0.418958	-0.187324	
13683								2021	08	20	14	51	28.906	11.537053	-0.712694	-0.670118	0.253905	-0.144704	0.956344	0.359419	-0.903830	-0.232182	0.897970	0.402680	-0.177477	
13684								2021	08	20	14	51	28.923	10.917139	-1.005963	-0.053197	0.242135	-0.159948	0.956968	0.339328	-0.910070	-0.237967	0.908970	0.382346	-0.166085	
13685								2021	08	20	14	51	28.939	10.010256	-0.865642	-0.115572	0.230952	-0.175033	0.957092	0.313949	-0.917663	-0.243580	0.920922	0.356733	-0.156984	
13686								2021	08	20	14	51	28.956	10.179537	-0.469696	-0.330366	0.220521	-0.188037	0.957085	0.282342	-0.926926	-0.247166	0.933624	0.324731	-0.151316	
13687								2021	08	20	14	51	28.973	10.805429	0.956351	-1.317253	0.209569	-0.199709	0.957182	0.245964	-0.936675	-0.249282	0.946352	0.287674	-0.147177	
13688								2021	08	20	14	51	28.989	11.983103	3.038203	-2.019832	0.201689	-0.209108	0.956868	0.208807	-0.945306	-0.250593	0.956933	0.250342	-0.146994	
13689								2021	08	20	14	51	29.006	12.632108	5.307480	-1.128369	0.196336	-0.214050	0.956888	0.175012	-0.952562	-0.248991	0.964792	0.216353	-0.149560	
13690								2021	08	20	14	51	29.023	12.797914	6.687428	-0.469479	0.191268	-0.218234	0.956970	0.142809	-0.958407	-0.247105	0.971093	0.183927	-0.152146	
13691								2021	08	20	14	51	29.039	12.492136	5.940970	-1.968024	0.186682	-0.221046	0.957230	0.108904	-0.963697	-0.243778	0.976366	0.149755	-0.155832	
13692								2021	08	20	14	51	29.056	12.350590	4.890422	-3.151646	0.179404	-0.222736	0.958229	0.072802	-0.968356	-0.238720	0.981078	0.112588	-0.157512	
13693								2021	08	20	14	51	29.073	11.355138	3.511573	-3.689509	0.170997	-0.224712	0.959304	0.034917	-0.971651	-0.233828	0.984653	0.073479	-0.158303	
13694								2021	08	20	14	51	29.089	10.368192	3.342044	-2.713469	0.165196	-0.224752	0.960311	-0.002963	-0.973797	-0.227398	0.986256	0.034720	-0.161533	
13695								2021	08	20	14	51	29.106	9.560049	4.487041	-1.814435	0.160628	-0.222284	0.961659	-0.038256	-0.974981	-0.218974	0.986273	-0.001616	-0.165113	
13696								2021	08	20	14	51	29.123	8.841453	4.414638	-1.475411	0.157737	-0.221656	0.962283	-0.068636	-0.974586	-0.213239	0.985093	-0.032412	-0.168942	
13697								2021	08	20	14	51	29.139	8.104782	3.826355	-1.077310	0.157488	-0.220199	0.962658	-0.093650	-0.973760	-0.207418	0.983070	-0.057487	-0.173977	
13698								2021	08	20	14	51	29.156	7.520358	3.094925	-1.203741	0.158490	-0.217345	0.963142	-0.114265	-0.972954	-0.200756	0.980726	-0.078235	-0.179039	
13699								2021	08	20	14	51	29.173	7.373388	2.497060	-1.134287	0.158789	-0.208615	0.965021	-0.130798	-0.973252	-0.188872	0.978610	-0.096232	-0.181828	
13700								2021	08	20	14	51	29.189	6.876416	2.519660	-0.431409	0.159058	-0.192868	0.968247	-0.142709	-0.974924	-0.170755	0.976901	-0.111018	-0.182593	
13701								2021	08	20	14	51	29.206	6.622077	2.595341	-0.001000	0.159083	-0.172316	0.972111	-0.150079	-0.977428	-0.148698	0.975792	-0.122238	-0.181353	
13702								2021	08	20	14	51	29.223	5.628779	3.134862	0.303812	0.159296	-0.150904	0.975630	-0.152820	-0.980106	-0.126644	0.975331	-0.128922	-0.179188	
13703								2021	08	20	14	51	29.239	5.364811	3.367691	0.317704	0.159251	-0.130320	0.978599	-0.150915	-0.982812	-0.106322	0.975635	-0.130753	-0.176181	
13704								2021	08	20	14	51	29.256	5.317359	3.036324	0.166336	0.159602	-0.111729	0.980838	-0.145409	-0.985398	-0.088588	0.976414	-0.128484	-0.173518	
13705								2021	08	20	14	51	29.273	5.765126	2.335391	0.345034	0.160429	-0.097013	0.982268	-0.137056	-0.987707	-0.075165	0.977486	-0.122567	-0.171753	
13706								2021	08	20	14	51	29.289	6.624006	1.470995	0.679997	0.161982	-0.086933	0.982957	-0.125664	-0.989819	-0.066832	0.978760	-0.112697	-0.171257	
13707								2021	08	20	14	51	29.306	8.479209	0.849629	0.147691	0.164498	-0.078210	0.983272	-0.110378	-0.992050	-0.060443	0.980182	-0.098588	-0.171823	
13708								2021	08	20	14	51	29.323	10.239062	0.053742	-0.352222	0.164460	-0.067050	0.984102	-0.092430	-0.994345	-0.052301	0.982044	-0.082359	-0.169727	
13709								2021	08	20	14	51	29.339	10.409139	-0.635293	-1.486188	0.158725	-0.055774	0.985746	-0.074592	-0.996227	-0.044356	0.984501	-0.066488	-0.162286	
13710								2021	08	20	14	51	29.356	10.222059	-1.288312	-1.919266	0.156619	-0.045325	0.986619	-0.058397	-0.997624	-0.036561	0.985931	-0.051890	-0.158894	
13711								2021	08	20	14	51	29.373	10.321630	-1.868478	-2.865116	0.155832	-0.037167	0.987084	-0.043181	-0.998593	-0.030783	0.986839	-0.037826	-0.157217	
13712								2021	08	20	14	51	29.389	11.715398	-3.682705	-1.365891	0.160897	-0.032838	0.986425	-0.030190	-0.999142	-0.028337	0.986509	-0.025221	-0.161751	
13713								2021	08	20	14	51	29.406	13.094450	-5.743630	-0.284867	0.166739	-0.037199	0.985299	-0.019892	-0.999212	-0.034358	0.985800	-0.013871	-0.167347	
13714								2021	08	20	14	51	29.423	13.369935	-7.636654	-1.305025	0.169694	-0.049479	0.984254	-0.016365	-0.998743	-0.047385	0.985361	-0.008067	-0.170291	
13715								2021	08	20	14	51	29.439	13.020758	-6.521088	-3.440763	0.173297	-0.065318	0.982701	-0.020493	-0.997821	-0.062709	0.984656	-0.009271	-0.174258	
13716								2021	08	20	14	51	29.456	11.891038	-3.662784	-6.717315	0.174846	-0.079377	0.981391	-0.031607	-0.996684	-0.074983	0.984088	-0.017908	-0.176775	
13717								2021	08	20	14	51	29.473	9.591124	2.101122	0.732625	0.186408	-0.063004	0.980450	-0.041882	-0.997544	-0.056139	0.981579	-0.030599	-0.188589	
13718								2021	08	20	14	51	29.489	10.753174	5.609303	9.772824	0.182161	-0.056356	0.981652	-0.041813	-0.997897	-0.049530	0.982379	-0.032023	-0.184134	
13719								2021	08	20	14	51	29.506	8.171490	1.477426	-2.783912	0.174587	-0.087300	0.980764	-0.033439	-0.996013	-0.082705	0.984074	-0.018356	-0.176810	
13720								2021	08	20	14	51	29.523	9.215619	0.499978	-5.223855	0.183042	-0.095944	0.978412	-0.025288	-0.995357	-0.092874	0.982780	-0.007743	-0.184618	
13721								2021	08	20	14	51	29.539	10.230370	4.251925	-1.665160	0.189828	-0.094441	0.977265	-0.016926	-0.995530	-0.092919	0.981671	0.001098	-0.190578	
13722								2021	08	20	14	51	29.556	9.203091	4.944148	-1.913052	0.191740	-0.098624	0.976478	-0.006620	-0.995046	-0.099200	0.981424	0.012556	-0.191443	
13723								2021	08	20	14	51	29.573	9.533860	3.249074	-1.574402	0.194878	-0.104423	0.975253	0.004610	-0.994208	-0.107374	0.980817	0.025421	-0.193268	
13724								2021	08	20	14	51	29.589	9.858982	1.636669	-2.174027	0.198410	-0.103079	0.974684	0.017867	-0.993909	-0.108749	0.979956	0.038991	-0.195359	
13725								2021	08	20	14	51	29.606	9.352075	3.102242	-2.036616	0.202059	-0.097168	0.974541	0.030154	-0.993977	-0.105357	0.978909	0.050674	-0.197912	
13726								2021	08	20	14	51	29.623	8.867668	4.114926	-1.925987	0.206043	-0.093760	0.974041	0.042039	-0.993632	-0.104538	0.977639	0.062487	-0.200790	
13727								2021	08	20	14	51	29.639	9.042216	3.929980	-2.446987	0.209888	-0.094422	0.973155	0.054732	-0.992631	-0.108116	0.976192	0.075955	-0.203174	
13728								2021	08	20	14	51	29.656	9.215803	3.488122	-2.302309	0.215865	-0.099220	0.971369	0.066648	-0.991006	-0.116037	0.974146	0.089788	-0.207311	
13729								2021	08	20	14	51	29.673	9.224500	3.464967	-2.797370	0.218653	-0.106223	0.970004	0.078830	-0.988886	-0.126060	0.972613	0.104029	-0.207849	
13730								2021	08	20	14	51	29.689	9.220955	2.465692	-2.935139	0.223688	-0.113590	0.968019	0.090768	-0.986442	-0.136727	0.970425	0.118450	-0.210345	
13731								2021	08	20	14	51	29.706	9.256425	2.452989	-2.811868	0.227996	-0.120215	0.966212	0.102786	-0.983832	-0.146662	0.968221	0.132752	-0.211953	
13732								2021	08	20	14	51	29.723	9.254608	2.704481	-2.646556	0.233741	-0.127186	0.963944	0.114994	-0.980833	-0.157298	0.965475	0.147614	-0.214635	
13733								2021	08	20	14	51	29.739	9.398249	2.420039	-2.475996	0.238358	-0.135288	0.961708	0.127007	-0.977403	-0.168975	0.962837	0.162421	-0.215790	
13734								2021	08	20	14	51	29.756	9.351194	2.018442	-2.579480	0.242148	-0.143597	0.959554	0.138734	-0.973700	-0.180724	0.960269	0.176885	-0.215858	
13735								2021	08	20	14	51	29.773	9.231117	1.439516	-2.597080	0.245812	-0.151415	0.957418	0.150277	-0.969829	-0.191960	0.957598	0.191065	-0.215641	
13736								2021	08	20	14	51	29.789	9.049042	1.468269	-2.483800	0.249562	-0.156969	0.955552	0.161828	-0.966137	-0.200973	0.954741	0.204790	-0.215709	
13737								2021	08	20	14	51	29.806	9.060105	1.856274	-2.420845	0.253697	-0.162820	0.953482	0.173326	-0.962125	-0.210414	0.951628	0.218644	-0.215867	
13738								2021	08	20	14	51	29.823	9.266050	1.934123	-2.541762	0.257877	-0.169111	0.951263	0.184772	-0.957759	-0.220356	0.948345	0.232591	-0.215737	
13739								2021	08	20	14	51	29.839	9.563235	1.241925	-2.421036	0.260932	-0.175694	0.949234	0.195904	-0.953202	-0.230280	0.945270	0.246046	-0.214302	
13740								2021	08	20	14	51	29.856	9.314138	1.250262	-2.520808	0.263192	-0.180980	0.947616	0.206079	-0.949029	-0.238487	0.942476	0.258052	-0.212481	
13741								2021	08	20	14	51	29.873	9.255910	1.641424	-2.682795	0.265900	-0.186301	0.945827	0.215390	-0.944862	-0.246663	0.939630	0.269310	-0.211112	
13742								2021	08	20	14	51	29.889	9.318151	1.641427	-2.495496	0.268614	-0.191233	0.944074	0.224472	-0.940683	-0.254415	0.936728	0.280258	-0.209755	
13743								2021	08	20	14	51	29.906	9.259311	1.702387	-2.557378	0.271234	-0.195958	0.942355	0.233578	-0.936389	-0.261947	0.933742	0.291163	-0.208209	
13744								2021	08	20	14	51	29.923	9.273664	1.923013	-2.309255	0.273957	-0.200197	0.940675	0.242573	-0.932089	-0.269015	0.930648	0.301880	-0.206790	
13745								2021	08	20	14	51	29.939	8.787428	1.905024	-2.580941	0.275870	-0.203672	0.939369	0.252138	-0.927736	-0.275197	0.927536	0.312769	-0.204581	
13746								2021	08	20	14	51	29.956	9.126817	1.904144	-2.629919	0.277862	-0.205328	0.938421	0.262021	-0.923648	-0.279679	0.924196	0.323598	-0.202846	
13747								2021	08	20	14	51	29.973	9.160973	2.464253	-2.611625	0.278581	-0.204558	0.938375	0.272534	-0.920053	-0.281473	0.920933	0.334152	-0.200561	
13748								2021	08	20	14	51	29.989	9.137034	2.968274	-2.207396	0.278968	-0.202072	0.938799	0.283336	-0.916768	-0.281525	0.917550	0.344532	-0.198495	
13749								2021	08	20	14	51	30.006	8.679241	2.982198	-3.043762	0.278816	-0.200700	0.939139	0.294645	-0.912876	-0.282564	0.914027	0.355496	-0.195388	
13750								2021	08	20	14	51	30.023	9.034894	2.792288	-3.082105	0.280102	-0.199353	0.939043	0.305787	-0.908717	-0.284126	0.909966	0.366732	-0.193574	
13751								2021	08	20	14	51	30.039	9.085411	2.455927	-3.108049	0.281106	-0.197177	0.939202	0.316776	-0.904747	-0.284755	0.905888	0.377563	-0.191869	
13752								2021	08	20	14	51	30.056	9.125587	2.003904	-2.720577	0.283056	-0.194866	0.939099	0.327272	-0.900751	-0.285553	0.901539	0.388169	-0.191189	
13753								2021	08	20	14	51	30.073	8.851998	2.063749	-2.704150	0.284283	-0.191859	0.939347	0.337705	-0.896940	-0.285401	0.897295	0.398357	-0.190193	
13754								2021	08	20	14	51	30.089	9.156687	2.439037	-2.938218	0.285290	-0.189198	0.939582	0.347266	-0.893307	-0.285322	0.893317	0.407684	-0.189150	
13755								2021	08	20	14	51	30.106	9.297203	2.178399	-3.306913	0.285913	-0.187880	0.939657	0.355847	-0.889655	-0.286158	0.889734	0.416190	-0.187507	
13756								2021	08	20	14	51	30.123	9.335516	1.402689	-3.584967	0.286871	-0.189053	0.939129	0.363121	-0.885717	-0.289222	0.886481	0.423987	-0.185437	
13757								2021	08	20	14	51	30.139	10.616712	0.532584	-3.236265	0.289548	-0.192361	0.937635	0.367721	-0.882067	-0.294516	0.883710	0.430064	-0.184665	
13758								2021	08	20	14	51	30.156	11.036700	0.169560	-2.790508	0.290238	-0.196966	0.936465	0.369550	-0.879607	-0.299541	0.882720	0.433009	-0.182507	
13759								2021	08	20	14	51	30.173	11.432514	-0.072475	-2.589267	0.290631	-0.203419	0.934962	0.368167	-0.878136	-0.305500	0.883168	0.433010	-0.180321	
13760								2021	08	20	14	51	30.189	12.087533	-0.834094	-2.298368	0.288012	-0.211579	0.933961	0.363388	-0.878194	-0.311006	0.886001	0.428964	-0.176045	
13761								2021	08	20	14	51	30.206	11.530978	-2.178972	-2.470507	0.281046	-0.221779	0.933717	0.354043	-0.880345	-0.315668	0.892002	0.419293	-0.168899	
13762								2021	08	20	14	51	30.223	10.899831	-2.698591	-1.709555	0.273051	-0.234082	0.933086	0.338076	-0.884725	-0.320882	0.900637	0.403071	-0.162438	
13763								2021	08	20	14	51	30.239	11.471509	-2.309229	0.299263	0.262832	-0.249162	0.932115	0.314964	-0.890999	-0.326983	0.911985	0.379524	-0.155706	
13764								2021	08	20	14	51	30.256	11.858047	-0.886322	1.246165	0.248250	-0.265120	0.931710	0.286070	-0.898857	-0.331993	0.925492	0.348952	-0.147299	
13765								2021	08	20	14	51	30.273	11.361919	1.683138	1.057039	0.232435	-0.278388	0.931919	0.253393	-0.907740	-0.334365	0.939024	0.313860	-0.140449	
13766								2021	08	20	14	51	30.289	10.930753	4.591470	0.454293	0.218208	-0.288809	0.932188	0.218998	-0.916353	-0.335167	0.951013	0.277283	-0.136707	
13767								2021	08	20	14	51	30.306	11.335634	7.327227	-0.617423	0.205942	-0.296854	0.932451	0.186344	-0.923544	-0.335175	0.960658	0.242784	-0.134880	
13768								2021	08	20	14	51	30.323	11.660511	9.342529	-1.580937	0.194981	-0.306190	0.931789	0.157704	-0.927874	-0.337904	0.968045	0.212832	-0.132631	
13769								2021	08	20	14	51	30.339	11.590352	8.478047	-1.758757	0.187883	-0.321773	0.927988	0.131597	-0.928048	-0.348437	0.973336	0.187586	-0.132020	
13770								2021	08	20	14	51	30.356	11.030612	6.444989	-1.212263	0.183269	-0.339662	0.922520	0.106144	-0.926091	-0.362063	0.977316	0.164275	-0.133670	
13771								2021	08	20	14	51	30.373	9.752495	3.712845	-1.763545	0.178539	-0.361547	0.915100	0.079756	-0.921665	-0.379701	0.980695	0.140776	-0.135717	
13772								2021	08	20	14	51	30.389	9.418336	2.192755	-2.383776	0.175450	-0.380558	0.907961	0.052894	-0.917291	-0.394690	0.983066	0.117274	-0.140810	
13773								2021	08	20	14	51	30.406	9.593116	1.404688	-2.750316	0.171860	-0.391572	0.903955	0.028107	-0.915285	-0.401824	0.984720	0.094465	-0.146295	
