// Start Time: Unknown: 
// Update Rate: 60.0Hz 
// Filter Profile: human (46.1) 
// Firmware Version: 4.6.0
PacketCounter	SampleTimeFine	Year	Month	Day	Second	UTC_Nano	UTC_Year	UTC_Month	UTC_Day	UTC_Hour	UTC_Minute	UTC_Second	UTC_Valid	Acc_X	Acc_Y	Acc_Z	Mat[1][1]	Mat[2][1]	Mat[3][1]	Mat[1][2]	Mat[2][2]	Mat[3][2]	Mat[1][3]	Mat[2][3]	Mat[3][3] 
3598														-0.081273	0.082635	9.817813	-0.990830	0.134670	-0.010982	-0.134741	-0.990863	0.006021	-0.010071	0.007446	0.999922	
3599														-0.094581	0.052520	9.788647	-0.990833	0.134647	-0.010992	-0.134718	-0.990866	0.006010	-0.010082	0.007436	0.999922	
3600														-0.095719	0.081557	9.803431	-0.990834	0.134637	-0.010985	-0.134708	-0.990867	0.006002	-0.010076	0.007427	0.999922	
3601														-0.079918	0.067740	9.803109	-0.990832	0.134657	-0.010969	-0.134728	-0.990864	0.006026	-0.010057	0.007449	0.999922	
3602														-0.095057	0.081399	9.803439	-0.990832	0.134651	-0.010971	-0.134722	-0.990865	0.005985	-0.010065	0.007408	0.999922	
3603														-0.109535	0.080423	9.803701	-0.990833	0.134642	-0.010985	-0.134713	-0.990867	0.006005	-0.010076	0.007430	0.999922	
3604														-0.095034	0.081279	9.788797	-0.990837	0.134618	-0.010993	-0.134689	-0.990870	0.005994	-0.010086	0.007420	0.999922	
3605														-0.093812	0.066513	9.803377	-0.990835	0.134631	-0.011005	-0.134702	-0.990868	0.005998	-0.010097	0.007426	0.999921	
3606														-0.094413	0.081129	9.803447	-0.990836	0.134620	-0.011001	-0.134691	-0.990869	0.006005	-0.010092	0.007432	0.999921	
3607														-0.093704	0.080924	9.818099	-0.990834	0.134642	-0.010962	-0.134713	-0.990867	0.005987	-0.010056	0.007409	0.999922	
3608														-0.091958	0.051573	9.803321	-0.990839	0.134602	-0.010974	-0.134673	-0.990872	0.005992	-0.010067	0.007415	0.999922	
3609														-0.092561	0.066188	9.803391	-0.990837	0.134618	-0.010971	-0.134689	-0.990870	0.005998	-0.010064	0.007421	0.999922	
3610														-0.078200	0.081425	9.817848	-0.990840	0.134593	-0.010962	-0.134663	-0.990873	0.005974	-0.010058	0.007396	0.999922	
3611														-0.108242	0.094296	9.803799	-0.990841	0.134590	-0.010959	-0.134661	-0.990874	0.005981	-0.010054	0.007402	0.999922	
3612														-0.100298	0.087317	9.803636	-0.990838	0.134609	-0.010953	-0.134679	-0.990871	0.005972	-0.010049	0.007393	0.999922	
3613														-0.092353	0.080339	9.803473	-0.990836	0.134628	-0.010946	-0.134698	-0.990869	0.005964	-0.010044	0.007384	0.999922	
3614														-0.105708	0.064726	9.803673	-0.990840	0.134600	-0.010942	-0.134670	-0.990872	0.005971	-0.010038	0.007390	0.999922	
3615														-0.106170	0.079344	9.803747	-0.990839	0.134607	-0.010924	-0.134678	-0.990871	0.005980	-0.010019	0.007396	0.999922	
3616														-0.090349	0.065472	9.803417	-0.990835	0.134638	-0.010919	-0.134708	-0.990867	0.005972	-0.010015	0.007388	0.999923	
3617														-0.090957	0.079940	9.803490	-0.990834	0.134639	-0.010927	-0.134709	-0.990867	0.005960	-0.010025	0.007378	0.999923	
3618														-0.090739	0.079857	9.803492	-0.990832	0.134659	-0.010923	-0.134730	-0.990864	0.005966	-0.010020	0.007383	0.999923	
3619														-0.104995	0.079019	9.803762	-0.990830	0.134670	-0.010906	-0.134740	-0.990863	0.005975	-0.010001	0.007390	0.999923	
3620														-0.103794	0.064390	9.803696	-0.990831	0.134670	-0.010902	-0.134740	-0.990863	0.005983	-0.009996	0.007397	0.999923	
3621														-0.089514	0.079640	9.818148	-0.990829	0.134683	-0.010908	-0.134753	-0.990861	0.005957	-0.010006	0.007373	0.999923	
3622														-0.088533	0.064931	9.818080	-0.990831	0.134665	-0.010922	-0.134736	-0.990864	0.005977	-0.010018	0.007394	0.999922	
3623														-0.073770	0.065835	9.817813	-0.990828	0.134689	-0.010934	-0.134759	-0.990860	0.005981	-0.010029	0.007400	0.999922	
3624														-0.089204	0.079522	9.803509	-0.990827	0.134692	-0.010911	-0.134762	-0.990860	0.005961	-0.010008	0.007377	0.999923	
3625														-0.103951	0.093173	9.818499	-0.990829	0.134685	-0.010895	-0.134755	-0.990861	0.005985	-0.009989	0.007398	0.999923	
3626														-0.096318	0.089945	9.814687	-0.990829	0.134684	-0.010905	-0.134754	-0.990861	0.005982	-0.010000	0.007396	0.999923	
3627														-0.088685	0.086717	9.810876	-0.990829	0.134683	-0.010915	-0.134754	-0.990861	0.005978	-0.010010	0.007394	0.999923	
3628														-0.116511	0.063031	9.803988	-0.990829	0.134682	-0.010911	-0.134752	-0.990861	0.005986	-0.010005	0.007401	0.999923	
3629														-0.105647	0.067276	9.803805	-0.990826	0.134700	-0.010929	-0.134771	-0.990859	0.005980	-0.010023	0.007398	0.999922	
3630														-0.094784	0.071521	9.803623	-0.990823	0.134719	-0.010946	-0.134789	-0.990856	0.005975	-0.010041	0.007396	0.999922	
3631														-0.102375	0.078242	9.803796	-0.990823	0.134721	-0.010955	-0.134792	-0.990856	0.005965	-0.010051	0.007387	0.999922	
3632														-0.102655	0.092729	9.818517	-0.990824	0.134714	-0.010936	-0.134784	-0.990857	0.005975	-0.010031	0.007394	0.999922	
3633														-0.071200	0.065180	9.817837	-0.990830	0.134675	-0.010902	-0.134745	-0.990862	0.005987	-0.009997	0.007401	0.999923	
3634														-0.086480	0.075221	9.807180	-0.990829	0.134683	-0.010917	-0.134754	-0.990861	0.005968	-0.010014	0.007384	0.999923	
3635														-0.101761	0.085261	9.796524	-0.990827	0.134692	-0.010932	-0.134762	-0.990860	0.005949	-0.010031	0.007367	0.999923	
3636														-0.086429	0.078460	9.803543	-0.990825	0.134705	-0.010942	-0.134775	-0.990858	0.005938	-0.010042	0.007358	0.999923	
3637														-0.100903	0.077446	9.803817	-0.990824	0.134714	-0.010951	-0.134784	-0.990857	0.005927	-0.010052	0.007349	0.999922	
3638														-0.085785	0.078087	9.818194	-0.990825	0.134708	-0.010945	-0.134778	-0.990858	0.005919	-0.010048	0.007339	0.999923	
3639														-0.099457	0.062508	9.803753	-0.990825	0.134710	-0.010924	-0.134779	-0.990858	0.005912	-0.010028	0.007330	0.999923	
3640														-0.100522	0.091543	9.818550	-0.990821	0.134737	-0.010917	-0.134806	-0.990854	0.005904	-0.010022	0.007321	0.999923	
3641														-0.070987	0.093184	9.818006	-0.990821	0.134739	-0.010913	-0.134809	-0.990854	0.005911	-0.010017	0.007328	0.999923	
3642														-0.083876	0.063130	9.803490	-0.990819	0.134752	-0.010910	-0.134821	-0.990852	0.005918	-0.010013	0.007334	0.999923	
3643														-0.113000	0.075845	9.848051	-0.990821	0.134735	-0.010937	-0.134805	-0.990854	0.005919	-0.010040	0.007339	0.999923	
3644														-0.097854	0.062038	9.818414	-0.990819	0.134752	-0.010913	-0.134822	-0.990852	0.005898	-0.010019	0.007315	0.999923	
3645														-0.098830	0.076624	9.789203	-0.990821	0.134737	-0.010894	-0.134807	-0.990854	0.005907	-0.009999	0.007321	0.999923	
3646														-0.097037	0.061806	9.818424	-0.990822	0.134736	-0.010888	-0.134805	-0.990855	0.005899	-0.009994	0.007313	0.999923	
3647														-0.097739	0.076410	9.803858	-0.990822	0.134736	-0.010854	-0.134805	-0.990855	0.005911	-0.009958	0.007320	0.999924	
3648														-0.096661	0.076292	9.833154	-0.990827	0.134698	-0.010836	-0.134767	-0.990860	0.005921	-0.009939	0.007327	0.999924	
3649														-0.097346	0.076446	9.774576	-0.990824	0.134724	-0.010814	-0.134793	-0.990856	0.005915	-0.009918	0.007319	0.999924	
3650														-0.080845	0.062431	9.803519	-0.990822	0.134738	-0.010794	-0.134807	-0.990854	0.005910	-0.009899	0.007311	0.999924	
3651														-0.094739	0.061501	9.818448	-0.990822	0.134745	-0.010779	-0.134814	-0.990853	0.005934	-0.009881	0.007332	0.999924	
3652														-0.095471	0.090627	9.847893	-0.990821	0.134750	-0.010759	-0.134819	-0.990853	0.005928	-0.009862	0.007324	0.999925	
3653														-0.109417	0.075092	9.818813	-0.990821	0.134749	-0.010754	-0.134818	-0.990853	0.005919	-0.009858	0.007315	0.999925	
3654														-0.094861	0.075866	9.803890	-0.990821	0.134755	-0.010762	-0.134823	-0.990852	0.005909	-0.009868	0.007305	0.999925	
3655														-0.080456	0.076716	9.788965	-0.990816	0.134788	-0.010789	-0.134857	-0.990847	0.005911	-0.009893	0.007312	0.999924	
3656														-0.080329	0.091083	9.832979	-0.990811	0.134825	-0.010783	-0.134893	-0.990843	0.005902	-0.009888	0.007303	0.999924	
3657														-0.108515	0.060241	9.774814	-0.990814	0.134803	-0.010750	-0.134871	-0.990845	0.005914	-0.009854	0.007309	0.999925	
3658														-0.077171	0.047119	9.818113	-0.990815	0.134795	-0.010760	-0.134864	-0.990847	0.005903	-0.009866	0.007300	0.999925	
3659														-0.093709	0.089900	9.847917	-0.990814	0.134805	-0.010772	-0.134874	-0.990845	0.005907	-0.009877	0.007306	0.999925	
3660														-0.094567	0.090129	9.789338	-0.990815	0.134796	-0.010753	-0.134864	-0.990846	0.005916	-0.009857	0.007312	0.999925	
3661														-0.108013	0.074541	9.789549	-0.990815	0.134799	-0.010761	-0.134867	-0.990846	0.005905	-0.009867	0.007302	0.999925	
3662														-0.077535	0.061540	9.803552	-0.990813	0.134807	-0.010788	-0.134876	-0.990845	0.005907	-0.009893	0.007307	0.999924	
3663														-0.093339	0.089759	9.818637	-0.990814	0.134803	-0.010753	-0.134871	-0.990846	0.005904	-0.009858	0.007300	0.999925	
3664														-0.091123	0.060364	9.818490	-0.990817	0.134783	-0.010746	-0.134851	-0.990848	0.005896	-0.009853	0.007291	0.999925	
3665														-0.076572	0.061152	9.803562	-0.990821	0.134753	-0.010756	-0.134822	-0.990852	0.005886	-0.009864	0.007282	0.999925	
3666														-0.090898	0.060258	9.803850	-0.990820	0.134761	-0.010739	-0.134829	-0.990851	0.005911	-0.009845	0.007305	0.999925	
3667														-0.092097	0.089508	9.818651	-0.990824	0.134727	-0.010751	-0.134796	-0.990856	0.005915	-0.009856	0.007310	0.999925	
3668														-0.104792	0.059284	9.818786	-0.990826	0.134717	-0.010761	-0.134785	-0.990857	0.005905	-0.009867	0.007301	0.999925	
3669														-0.076066	0.061102	9.788923	-0.990823	0.134731	-0.010788	-0.134800	-0.990855	0.005906	-0.009893	0.007306	0.999924	
3670														-0.106360	0.088277	9.818945	-0.990822	0.134745	-0.010780	-0.134814	-0.990854	0.005883	-0.009889	0.007282	0.999925	
3671														-0.091519	0.088938	9.818662	-0.990823	0.134734	-0.010788	-0.134802	-0.990855	0.005872	-0.009899	0.007272	0.999925	
3672														-0.089508	0.059537	9.818510	-0.990826	0.134716	-0.010781	-0.134784	-0.990858	0.005864	-0.009893	0.007263	0.999925	
3673														-0.090688	0.074050	9.789301	-0.990820	0.134760	-0.010772	-0.134828	-0.990852	0.005841	-0.009886	0.007239	0.999925	
3674														-0.090190	0.088200	9.847965	-0.990816	0.134784	-0.010781	-0.134852	-0.990849	0.005830	-0.009896	0.007230	0.999925	
3675														-0.105536	0.087250	9.804321	-0.990815	0.134790	-0.010788	-0.134857	-0.990848	0.005804	-0.009907	0.007206	0.999925	
3676														-0.104491	0.072469	9.804245	-0.990815	0.134791	-0.010799	-0.134858	-0.990848	0.005809	-0.009917	0.007212	0.999925	
3677														-0.088699	0.073106	9.847895	-0.990817	0.134782	-0.010778	-0.134850	-0.990849	0.005804	-0.009897	0.007204	0.999925	
3678														-0.089504	0.073273	9.789318	-0.990819	0.134764	-0.010774	-0.134831	-0.990852	0.005811	-0.009892	0.007210	0.999925	
3679														-0.104144	0.086783	9.818982	-0.990822	0.134744	-0.010767	-0.134812	-0.990854	0.005803	-0.009887	0.007201	0.999925	
3680														-0.074080	0.073954	9.803679	-0.990816	0.134784	-0.010779	-0.134852	-0.990849	0.005807	-0.009897	0.007208	0.999925	
3681														-0.117787	0.071151	9.804552	-0.990819	0.134767	-0.010788	-0.134835	-0.990851	0.005797	-0.009908	0.007198	0.999925	
3682														-0.087821	0.072829	9.833263	-0.990820	0.134755	-0.010801	-0.134823	-0.990853	0.005816	-0.009918	0.007219	0.999925	
3683														-0.087900	0.072880	9.818620	-0.990822	0.134741	-0.010795	-0.134809	-0.990855	0.005808	-0.009914	0.007210	0.999925	
3684														-0.102519	0.071950	9.804269	-0.990822	0.134739	-0.010792	-0.134807	-0.990855	0.005815	-0.009910	0.007217	0.999925	
3685														-0.073976	0.088311	9.803769	-0.990822	0.134742	-0.010802	-0.134810	-0.990855	0.005805	-0.009921	0.007208	0.999925	
3686														-0.087169	0.072710	9.818628	-0.990819	0.134764	-0.010801	-0.134832	-0.990851	0.005826	-0.009917	0.007229	0.999925	
3687														-0.087174	0.072765	9.803985	-0.990821	0.134748	-0.010794	-0.134816	-0.990854	0.005818	-0.009911	0.007220	0.999925	
3688														-0.102559	0.086308	9.804361	-0.990826	0.134712	-0.010817	-0.134780	-0.990859	0.005806	-0.009936	0.007210	0.999925	
3689														-0.072416	0.073432	9.803695	-0.990818	0.134763	-0.010843	-0.134831	-0.990852	0.005807	-0.009961	0.007216	0.999924	
3690														-0.100986	0.071610	9.818929	-0.990822	0.134742	-0.010798	-0.134810	-0.990854	0.005837	-0.009912	0.007239	0.999925	
3691														-0.097148	0.071758	9.818858	-0.990821	0.134745	-0.010820	-0.134813	-0.990854	0.005816	-0.009938	0.007221	0.999925	
3692														-0.093311	0.071906	9.818787	-0.990821	0.134748	-0.010843	-0.134816	-0.990854	0.005794	-0.009963	0.007203	0.999924	
3693														-0.102362	0.085930	9.775083	-0.990820	0.134749	-0.010853	-0.134817	-0.990854	0.005783	-0.009974	0.007193	0.999924	
3694														-0.086932	0.086641	9.804082	-0.990823	0.134727	-0.010849	-0.134795	-0.990857	0.005791	-0.009970	0.007200	0.999924	
3695														-0.100660	0.085584	9.833670	-0.990824	0.134726	-0.010847	-0.134794	-0.990857	0.005797	-0.009967	0.007206	0.999924	
3696														-0.100594	0.085642	9.819029	-0.990824	0.134726	-0.010828	-0.134794	-0.990857	0.005807	-0.009946	0.007213	0.999925	
3697														-0.098751	0.056387	9.804224	-0.990821	0.134743	-0.010836	-0.134810	-0.990854	0.005796	-0.009956	0.007204	0.999924	
3698														-0.084766	0.071931	9.804012	-0.990821	0.134749	-0.010820	-0.134817	-0.990853	0.005822	-0.009937	0.007227	0.999925	
3699														-0.099015	0.071000	9.804312	-0.990822	0.134740	-0.010814	-0.134808	-0.990855	0.005813	-0.009931	0.007218	0.999925	
3700														-0.083652	0.071716	9.833308	-0.990825	0.134716	-0.010841	-0.134784	-0.990858	0.005816	-0.009959	0.007223	0.999924	
3701														-0.084186	0.071753	9.804019	-0.990824	0.134724	-0.010850	-0.134792	-0.990857	0.005805	-0.009969	0.007214	0.999924	
3702														-0.099437	0.085364	9.804401	-0.990818	0.134765	-0.010832	-0.134833	-0.990851	0.005814	-0.009950	0.007221	0.999924	
3703														-0.083597	0.071675	9.804024	-0.990818	0.134767	-0.010844	-0.134835	-0.990851	0.005819	-0.009961	0.007227	0.999924	
3704														-0.083156	0.071675	9.804028	-0.990820	0.134759	-0.010795	-0.134827	-0.990852	0.005834	-0.009910	0.007236	0.999925	
3705														-0.098570	0.085495	9.789767	-0.990819	0.134759	-0.010809	-0.134827	-0.990852	0.005853	-0.009922	0.007256	0.999924	
3706														-0.082500	0.071663	9.804034	-0.990822	0.134741	-0.010800	-0.134809	-0.990854	0.005829	-0.009916	0.007231	0.999925	
3707														-0.082281	0.071580	9.804036	-0.990819	0.134761	-0.010813	-0.134829	-0.990852	0.005848	-0.009926	0.007252	0.999924	
3708														-0.096681	0.070710	9.804338	-0.990819	0.134759	-0.010810	-0.134827	-0.990852	0.005855	-0.009922	0.007259	0.999924	
3709														-0.081771	0.071570	9.804040	-0.990819	0.134759	-0.010803	-0.134828	-0.990852	0.005847	-0.009917	0.007250	0.999925	
3710														-0.095709	0.070492	9.818990	-0.990816	0.134789	-0.010785	-0.134857	-0.990848	0.005857	-0.009896	0.007258	0.999925	
3711														-0.096102	0.070536	9.789703	-0.990817	0.134779	-0.010809	-0.134847	-0.990849	0.005843	-0.009923	0.007247	0.999925	
3712														-0.110514	0.083788	9.834027	-0.990813	0.134810	-0.010786	-0.134878	-0.990845	0.005823	-0.009902	0.007224	0.999925	
3713														-0.094738	0.069879	9.819004	-0.990814	0.134805	-0.010747	-0.134872	-0.990846	0.005804	-0.009866	0.007200	0.999925	
3714														-0.095925	0.084393	9.789803	-0.990816	0.134788	-0.010757	-0.134855	-0.990848	0.005793	-0.009878	0.007191	0.999925	
3715														-0.093455	0.069513	9.848302	-0.990814	0.134803	-0.010741	-0.134870	-0.990846	0.005818	-0.009858	0.007213	0.999925	
3716														-0.078781	0.070523	9.833357	-0.990816	0.134793	-0.010734	-0.134861	-0.990848	0.005811	-0.009853	0.007205	0.999926	
3717														-0.109282	0.083290	9.804763	-0.990820	0.134764	-0.010731	-0.134832	-0.990851	0.005817	-0.009849	0.007211	0.999925	
3718														-0.093499	0.069462	9.804377	-0.990816	0.134792	-0.010737	-0.134860	-0.990848	0.005791	-0.009859	0.007186	0.999926	
3719														-0.093680	0.083792	9.833755	-0.990817	0.134778	-0.010748	-0.134846	-0.990850	0.005797	-0.009869	0.007193	0.999925	
3720														-0.094471	0.083973	9.789821	-0.990820	0.134756	-0.010760	-0.134823	-0.990853	0.005800	-0.009880	0.007198	0.999925	
3721														-0.093939	0.083751	9.804469	-0.990815	0.134800	-0.010751	-0.134867	-0.990847	0.005777	-0.009874	0.007174	0.999926	
3722														-0.078956	0.084629	9.804167	-0.990817	0.134784	-0.010735	-0.134852	-0.990849	0.005802	-0.009855	0.007196	0.999926	
3723														-0.106941	0.068091	9.804698	-0.990820	0.134757	-0.010744	-0.134824	-0.990853	0.005791	-0.009865	0.007186	0.999926	
3724														-0.093137	0.083502	9.804479	-0.990820	0.134756	-0.010753	-0.134823	-0.990853	0.005780	-0.009875	0.007177	0.999925	
3725														-0.092921	0.083415	9.804482	-0.990826	0.134713	-0.010749	-0.134780	-0.990859	0.005787	-0.009871	0.007183	0.999925	
3726														-0.091283	0.068651	9.819046	-0.990823	0.134736	-0.010728	-0.134803	-0.990856	0.005781	-0.009851	0.007174	0.999926	
3727														-0.090911	0.068497	9.819050	-0.990826	0.134718	-0.010721	-0.134785	-0.990858	0.005773	-0.009845	0.007165	0.999926	
3728														-0.091082	0.068552	9.804407	-0.990822	0.134742	-0.010750	-0.134809	-0.990855	0.005789	-0.009872	0.007185	0.999925	
3729														-0.092141	0.083227	9.789850	-0.990823	0.134739	-0.010729	-0.134806	-0.990855	0.005783	-0.009852	0.007177	0.999926	
3730														-0.089790	0.068261	9.833704	-0.990824	0.134735	-0.010710	-0.134802	-0.990856	0.005777	-0.009833	0.007168	0.999926	
3731														-0.090053	0.068389	9.804417	-0.990820	0.134760	-0.010709	-0.134827	-0.990852	0.005799	-0.009829	0.007190	0.999926	
3732														-0.104616	0.067563	9.790086	-0.990816	0.134796	-0.010691	-0.134863	-0.990847	0.005808	-0.009810	0.007197	0.999926	
3733														-0.090215	0.083154	9.804510	-0.990819	0.134775	-0.010675	-0.134842	-0.990850	0.005832	-0.009791	0.007218	0.999926	
3734														-0.089201	0.068596	9.789782	-0.990820	0.134765	-0.010669	-0.134831	-0.990851	0.005824	-0.009787	0.007209	0.999926	
3735														-0.103669	0.067539	9.790096	-0.990816	0.134793	-0.010696	-0.134860	-0.990848	0.005825	-0.009813	0.007214	0.999926	
3736														-0.089175	0.082988	9.819162	-0.990815	0.134799	-0.010677	-0.134866	-0.990847	0.005834	-0.009793	0.007220	0.999926	
3737														-0.088791	0.068565	9.775144	-0.990816	0.134797	-0.010674	-0.134864	-0.990847	0.005841	-0.009788	0.007227	0.999926	
3738														-0.087863	0.068430	9.804437	-0.990814	0.134810	-0.010669	-0.134877	-0.990845	0.005848	-0.009783	0.007233	0.999926	
3739														-0.101936	0.067307	9.819398	-0.990815	0.134804	-0.010678	-0.134871	-0.990846	0.005838	-0.009794	0.007224	0.999926	
3740														-0.072734	0.069168	9.804129	-0.990815	0.134807	-0.010658	-0.134874	-0.990846	0.005831	-0.009774	0.007215	0.999926	
3741														-0.102638	0.081673	9.804848	-0.990814	0.134809	-0.010667	-0.134876	-0.990845	0.005821	-0.009785	0.007206	0.999926	
3742														-0.101666	0.066967	9.804762	-0.990813	0.134814	-0.010708	-0.134881	-0.990845	0.005820	-0.009825	0.007211	0.999926	
3743														-0.102748	0.081640	9.790207	-0.990814	0.134812	-0.010674	-0.134879	-0.990845	0.005832	-0.009790	0.007219	0.999926	
3744														-0.122855	-0.036735	9.819441	-0.990594	0.136421	-0.010640	-0.136489	-0.990624	0.005955	-0.009728	0.007351	0.999926	
3745														-0.047084	0.160013	9.789369	-0.990246	0.138927	-0.010544	-0.138995	-0.990275	0.006006	-0.009607	0.007413	0.999926	
3746														-0.081411	0.041009	9.818937	-0.990099	0.139979	-0.010454	-0.140048	-0.990126	0.006148	-0.009490	0.007551	0.999926	
3747														-0.068540	-0.148511	9.832499	-0.989908	0.141328	-0.010444	-0.141396	-0.989934	0.006139	-0.009471	0.007554	0.999927	
3748														-0.080046	0.291252	9.820047	-0.989611	0.143393	-0.010379	-0.143462	-0.989637	0.006181	-0.009386	0.007606	0.999927	
3749														0.206766	-0.072398	9.812062	-0.989212	0.146126	-0.010303	-0.146196	-0.989235	0.006432	-0.009253	0.007869	0.999926	
3750														-0.252805	0.020783	9.793487	-0.988866	0.148454	-0.010276	-0.148525	-0.988887	0.006515	-0.009195	0.007969	0.999926	
3751														-0.191173	0.259533	9.822417	-0.988751	0.149218	-0.010307	-0.149289	-0.988772	0.006557	-0.009213	0.008022	0.999925	
3752														-0.111574	0.146616	9.820156	-0.988696	0.149579	-0.010300	-0.149650	-0.988717	0.006552	-0.009204	0.008019	0.999925	
3753														-0.081690	0.133270	9.804786	-0.988664	0.149790	-0.010316	-0.149861	-0.988686	0.006496	-0.009226	0.007968	0.999926	
3754														-0.081220	0.132487	9.834083	-0.988639	0.149948	-0.010373	-0.150019	-0.988662	0.006417	-0.009293	0.007900	0.999926	
3755														-0.080869	0.087961	9.775266	-0.988610	0.150135	-0.010471	-0.150206	-0.988635	0.006298	-0.009407	0.007799	0.999925	
3756														0.024203	0.033656	9.787316	-0.988523	0.150702	-0.010535	-0.150772	-0.988549	0.006176	-0.009483	0.007694	0.999925	
3757														0.009572	0.031566	9.816934	-0.988282	0.152272	-0.010626	-0.152341	-0.988310	0.006044	-0.009582	0.007592	0.999925	
3758														-0.199413	0.078833	9.792497	-0.988090	0.153502	-0.010690	-0.153571	-0.988120	0.005928	-0.009653	0.007499	0.999925	
3759														-0.110905	0.067044	9.819772	-0.987992	0.154129	-0.010770	-0.154197	-0.988024	0.005724	-0.009759	0.007316	0.999926	
3760														-0.173342	0.121581	9.806766	-0.987940	0.154453	-0.010860	-0.154520	-0.987973	0.005654	-0.009856	0.007264	0.999925	
3761														-0.129980	0.137600	9.820551	-0.987960	0.154331	-0.010828	-0.154397	-0.987993	0.005586	-0.009836	0.007191	0.999926	
3762														-0.097494	0.065468	9.804815	-0.987959	0.154332	-0.010898	-0.154398	-0.987993	0.005564	-0.009909	0.007179	0.999925	
3763														-0.097400	0.065297	9.819458	-0.987951	0.154382	-0.010925	-0.154449	-0.987985	0.005565	-0.009935	0.007185	0.999925	
3764														-0.098765	0.079993	9.790261	-0.987950	0.154385	-0.010949	-0.154452	-0.987985	0.005551	-0.009960	0.007175	0.999925	
3765														-0.084134	0.080172	9.789947	-0.987953	0.154366	-0.010960	-0.154433	-0.987988	0.005463	-0.009985	0.007090	0.999925	
3766														-0.111311	0.048913	9.819689	-0.987971	0.154246	-0.010990	-0.154313	-0.988007	0.005478	-0.010013	0.007108	0.999925	
3767														-0.112127	0.063248	9.819784	-0.988022	0.153919	-0.011019	-0.153985	-0.988058	0.005412	-0.010055	0.007044	0.999925	
3768														-0.096980	0.048865	9.804731	-0.988110	0.153356	-0.010996	-0.153422	-0.988146	0.005384	-0.010040	0.007007	0.999925	
3769														-0.081568	0.049217	9.819062	-0.988266	0.152347	-0.010963	-0.152413	-0.988302	0.005386	-0.010015	0.006994	0.999925	
3770														-0.141059	0.061097	9.791151	-0.988467	0.151042	-0.010959	-0.151107	-0.988502	0.005455	-0.010009	0.007049	0.999925	
3771														0.036003	0.055892	9.816502	-0.988739	0.149247	-0.010979	-0.149313	-0.988775	0.005469	-0.010039	0.007047	0.999925	
3772														-0.056395	0.138775	9.818993	-0.989002	0.147496	-0.010946	-0.147562	-0.989038	0.005460	-0.010021	0.007016	0.999925	
3773														-0.055667	0.124236	9.804255	-0.989255	0.145788	-0.010941	-0.145854	-0.989291	0.005510	-0.010020	0.007046	0.999925	
3774														-0.052697	0.080774	9.818613	-0.989602	0.143412	-0.010958	-0.143479	-0.989637	0.005594	-0.010042	0.007108	0.999924	
3775														-0.079125	0.035421	9.818978	-0.989988	0.140729	-0.010950	-0.140796	-0.990023	0.005617	-0.010050	0.007103	0.999924	
3776														-0.141939	0.089876	9.791354	-0.990421	0.137647	-0.010965	-0.137714	-0.990456	0.005586	-0.010091	0.007043	0.999924	
3777														-0.115501	0.134618	9.820282	-0.990851	0.134512	-0.011020	-0.134578	-0.990888	0.005516	-0.010178	0.006949	0.999924	
3778														-0.050283	0.241316	9.819337	-0.991309	0.131092	-0.011007	-0.131158	-0.991346	0.005501	-0.010191	0.006896	0.999924	
3779														0.013984	0.157834	9.802837	-0.991772	0.127548	-0.010981	-0.127614	-0.991809	0.005501	-0.010189	0.006857	0.999925	
3780														-0.004312	0.009578	9.773247	-0.992273	0.123592	-0.010941	-0.123657	-0.992310	0.005500	-0.010177	0.006810	0.999925	
3781														0.002815	0.112539	9.817524	-0.992764	0.119581	-0.011004	-0.119646	-0.992802	0.005464	-0.010271	0.006741	0.999925	
3782														-0.119974	-0.001120	9.805134	-0.993226	0.115686	-0.010922	-0.115751	-0.993263	0.005501	-0.010212	0.006729	0.999925	
3783														-0.089369	0.148543	9.790472	-0.993666	0.111836	-0.010948	-0.111901	-0.993704	0.005523	-0.010262	0.006713	0.999925	
3784														-0.145863	0.127922	9.820973	-0.994093	0.107984	-0.010907	-0.108048	-0.994130	0.005523	-0.010246	0.006669	0.999925	
3785														-0.158785	0.110657	9.806584	-0.994531	0.103885	-0.010772	-0.103947	-0.994568	0.005412	-0.010151	0.006502	0.999927	
3786														-0.196936	0.045809	9.777911	-0.994993	0.099356	-0.010802	-0.099417	-0.995032	0.005253	-0.010227	0.006301	0.999928	
3787														0.058522	-0.001745	9.786483	-0.995525	0.093878	-0.010829	-0.093939	-0.995564	0.005254	-0.010288	0.006248	0.999928	
3788														-0.040742	-0.027736	9.817969	-0.995990	0.088811	-0.010813	-0.088872	-0.996029	0.005282	-0.010301	0.006222	0.999928	
3789														-0.071210	0.101412	9.804549	-0.996443	0.083558	-0.010886	-0.083619	-0.996484	0.005296	-0.010406	0.006187	0.999927	
3790														-0.196836	0.159561	9.807671	-0.996860	0.078439	-0.010815	-0.078501	-0.996899	0.005391	-0.010359	0.006223	0.999927	
3791														-0.190904	0.114095	9.822042	-0.997271	0.073038	-0.010775	-0.073097	-0.997312	0.005156	-0.010369	0.005929	0.999929	
3792														-0.191916	0.064200	9.818226	-0.997644	0.067529	-0.010777	-0.067587	-0.997685	0.005089	-0.010408	0.005805	0.999929	
3793														-0.192927	0.014305	9.814410	-0.998017	0.062019	-0.010778	-0.062076	-0.998059	0.005022	-0.010446	0.005681	0.999929	
3794														-0.021126	-0.057424	9.744212	-0.998388	0.055713	-0.010832	-0.055771	-0.998430	0.005212	-0.010525	0.005808	0.999928	
3795														0.285548	-0.098511	9.868795	-0.998722	0.049385	-0.010782	-0.049444	-0.998763	0.005322	-0.010506	0.005849	0.999928	
3796														-0.173903	0.171433	9.792512	-0.999007	0.043219	-0.010787	-0.043279	-0.999049	0.005382	-0.010544	0.005843	0.999927	
3797														-0.171504	0.066222	9.821441	-0.999279	0.036401	-0.010783	-0.036459	-0.999321	0.005247	-0.010585	0.005636	0.999928	
3798														0.056375	0.030269	9.772022	-0.999505	0.029560	-0.010762	-0.029618	-0.999548	0.005239	-0.010603	0.005555	0.999928	
3799														0.045799	0.011778	9.816187	-0.999671	0.023306	-0.010749	-0.023360	-0.999715	0.004915	-0.010631	0.005164	0.999930	
3800														-0.201997	0.054762	9.748927	-0.999794	0.017246	-0.010700	-0.017302	-0.999837	0.005181	-0.010609	0.005365	0.999929	
3801														-0.196666	0.040216	9.851335	-0.999892	0.010047	-0.010717	-0.010103	-0.999935	0.005225	-0.010663	0.005333	0.999929	
3802														-0.108897	0.116867	9.790835	-0.999939	0.003152	-0.010620	-0.003208	-0.999981	0.005212	-0.010603	0.005246	0.999930	
3803														-0.159760	0.073328	9.865198	-0.999933	-0.003967	-0.010874	0.003915	-0.999981	0.004865	-0.010893	0.004822	0.999929	
3804														0.087874	0.021262	9.771253	-0.999880	-0.011126	-0.010781	0.011072	-0.999926	0.005041	-0.010836	0.004922	0.999929	
3805														-0.168230	0.100031	9.821474	-0.999773	-0.018363	-0.010804	0.018309	-0.999819	0.005134	-0.010897	0.004935	0.999928	
3806														-0.167242	0.159946	9.836199	-0.999615	-0.025584	-0.010746	0.025529	-0.999660	0.005213	-0.010876	0.004937	0.999929	
3807														-0.017383	0.030199	9.773794	-0.999416	-0.032468	-0.010696	0.032413	-0.999461	0.005254	-0.010861	0.004904	0.999929	
3808														-0.154573	0.040930	9.821074	-0.999185	-0.038924	-0.010701	0.038870	-0.999231	0.005229	-0.010897	0.004809	0.999929	
3809														-0.203733	-0.002889	9.822228	-0.998936	-0.044888	-0.010620	0.044834	-0.998981	0.005268	-0.010845	0.004787	0.999930	
3810														-0.165937	0.142456	9.806832	-0.998675	-0.050361	-0.010631	0.050306	-0.998720	0.005335	-0.010886	0.004793	0.999929	
3811														-0.246889	0.104803	9.838056	-0.998429	-0.055007	-0.010635	0.054953	-0.998475	0.005293	-0.010910	0.004700	0.999929	
3812														-0.112167	0.048762	9.820074	-0.998155	-0.059756	-0.010804	0.059703	-0.998203	0.005206	-0.011096	0.004551	0.999928	
3813														-0.164264	-0.043486	9.806584	-0.997873	-0.064290	-0.010813	0.064238	-0.997922	0.005009	-0.011113	0.004304	0.999929	
3814														-0.185987	-0.021344	9.792496	-0.997555	-0.069050	-0.010778	0.069000	-0.997604	0.004971	-0.011096	0.004215	0.999930	
3815														-0.006244	0.044335	9.817510	-0.997232	-0.073556	-0.010869	0.073505	-0.997282	0.005016	-0.011208	0.004204	0.999928	
3816														-0.078333	0.130165	9.789995	-0.996898	-0.077940	-0.010909	0.077890	-0.996950	0.004916	-0.011259	0.004051	0.999928	
3817														-0.297526	0.200588	9.839323	-0.996543	-0.082363	-0.010880	0.082316	-0.996595	0.004746	-0.011234	0.003835	0.999930	
3818														0.063635	-0.043243	9.727858	-0.996159	-0.086900	-0.010777	0.086852	-0.996209	0.004847	-0.011157	0.003892	0.999930	
3819														-0.125082	-0.114678	9.820374	-0.995791	-0.091024	-0.010754	0.090971	-0.995840	0.005268	-0.011189	0.004267	0.999928	
3820														-0.204885	0.000108	9.822390	-0.995397	-0.095245	-0.010628	0.095192	-0.995444	0.005377	-0.011092	0.004340	0.999929	
3821														-0.208243	0.013799	9.822518	-0.995015	-0.099162	-0.010581	0.099110	-0.995062	0.005394	-0.011063	0.004319	0.999929	
3822														-0.114211	0.104291	9.820196	-0.994670	-0.102563	-0.010611	0.102511	-0.994717	0.005350	-0.011104	0.004233	0.999929	
3823														-0.096719	0.047824	9.805132	-0.994390	-0.105246	-0.010608	0.105194	-0.994437	0.005347	-0.011112	0.004201	0.999929	
3824														-0.124604	-0.007626	9.805850	-0.994148	-0.107504	-0.010590	0.107451	-0.994196	0.005407	-0.011110	0.004238	0.999929	
3825														-0.183614	0.034568	9.821964	-0.993933	-0.109480	-0.010538	0.109427	-0.993980	0.005462	-0.011072	0.004276	0.999930	
3826														-0.183349	0.127050	9.792632	-0.993744	-0.111189	-0.010476	0.111137	-0.993790	0.005464	-0.011019	0.004266	0.999930	
3827														-0.090468	0.034286	9.790400	-0.993558	-0.112836	-0.010478	0.112783	-0.993604	0.005539	-0.011036	0.004321	0.999930	
3828														-0.067036	0.011174	9.804484	-0.993382	-0.114369	-0.010549	0.114316	-0.993429	0.005518	-0.011111	0.004275	0.999929	
3829														-0.052456	-0.030736	9.818811	-0.993207	-0.115885	-0.010501	0.115832	-0.993253	0.005517	-0.011069	0.004263	0.999930	
3830														-0.070264	-0.021465	9.819271	-0.993055	-0.117181	-0.010462	0.117128	-0.993101	0.005561	-0.011041	0.004297	0.999930	
3831														-0.070765	0.071122	9.804567	-0.992915	-0.118366	-0.010497	0.118313	-0.992961	0.005549	-0.011080	0.004268	0.999930	
3832														-0.071214	0.116947	9.804540	-0.992748	-0.119750	-0.010536	0.119697	-0.992795	0.005509	-0.011120	0.004208	0.999929	
3833														-0.080404	0.051344	9.790172	-0.992567	-0.121242	-0.010548	0.121190	-0.992614	0.005455	-0.011131	0.004136	0.999929	
3834														-0.116302	-0.023672	9.805784	-0.992365	-0.122885	-0.010568	0.122833	-0.992412	0.005450	-0.011157	0.004110	0.999929	
3835														-0.084223	0.018237	9.804953	-0.992163	-0.124499	-0.010560	0.124447	-0.992211	0.005492	-0.011162	0.004135	0.999929	
3836														-0.079470	0.050864	9.819464	-0.991942	-0.126253	-0.010559	0.126200	-0.991989	0.005525	-0.011172	0.004148	0.999929	
3837														-0.116154	0.022578	9.805767	-0.991733	-0.127887	-0.010528	0.127834	-0.991780	0.005557	-0.011152	0.004165	0.999929	
3838														-0.125080	0.050228	9.820631	-0.991552	-0.129283	-0.010513	0.129230	-0.991599	0.005578	-0.011146	0.004173	0.999929	
3839														-0.148004	0.026256	9.791949	-0.991352	-0.130814	-0.010457	0.130761	-0.991398	0.005529	-0.011091	0.004113	0.999930	
3840														-0.128250	0.016760	9.806142	-0.991145	-0.132371	-0.010433	0.132320	-0.991192	0.005508	-0.011070	0.004079	0.999930	
3841														-0.156486	0.052839	9.806829	-0.990921	-0.134037	-0.010444	0.133985	-0.990968	0.005505	-0.011087	0.004056	0.999930	
3842														-0.105897	0.086343	9.820169	-0.990644	-0.136072	-0.010448	0.136020	-0.990691	0.005553	-0.011106	0.004080	0.999930	
3843														-0.051533	0.106441	9.789462	-0.990400	-0.137839	-0.010449	0.137786	-0.990446	0.005592	-0.011120	0.004099	0.999930	
3844														-0.064959	0.101611	9.804459	-0.990167	-0.139496	-0.010459	0.139443	-0.990214	0.005618	-0.011140	0.004104	0.999930	
3845														-0.070884	-0.009797	9.819405	-0.989956	-0.140985	-0.010515	0.140932	-0.990003	0.005635	-0.011204	0.004097	0.999929	
3846														-0.085306	-0.015007	9.805113	-0.989755	-0.142381	-0.010574	0.142328	-0.989804	0.005631	-0.011268	0.004068	0.999928	
3847														-0.106851	-0.039221	9.849641	-0.989531	-0.143929	-0.010640	0.143876	-0.989580	0.005612	-0.011337	0.004022	0.999928	
3848														-0.132499	0.029029	9.835542	-0.989264	-0.145752	-0.010613	0.145699	-0.989313	0.005612	-0.011318	0.004005	0.999928	
3849														-0.165267	0.032111	9.807081	-0.988967	-0.147756	-0.010587	0.147703	-0.989016	0.005603	-0.011298	0.003977	0.999928	
3850														-0.193346	0.067719	9.837060	-0.988638	-0.149945	-0.010590	0.149892	-0.988686	0.005620	-0.011313	0.003969	0.999928	
3851														-0.142161	0.055510	9.806497	-0.988269	-0.152363	-0.010514	0.152310	-0.988317	0.005627	-0.011249	0.003960	0.999929	
3852														-0.136062	0.041501	9.821039	-0.987868	-0.154940	-0.010511	0.154888	-0.987916	0.005628	-0.011256	0.003932	0.999929	
3853														-0.105390	0.084358	9.820191	-0.987440	-0.157644	-0.010490	0.157592	-0.987488	0.005656	-0.011250	0.003932	0.999929	
3854														-0.086470	0.075985	9.819723	-0.986976	-0.160525	-0.010504	0.160473	-0.987024	0.005696	-0.011282	0.003937	0.999929	
3855														-0.075735	0.048807	9.819504	-0.986502	-0.163415	-0.010477	0.163362	-0.986549	0.005740	-0.011274	0.003951	0.999929	
3856														-0.083923	0.029571	9.805114	-0.986023	-0.166282	-0.010433	0.166230	-0.986071	0.005697	-0.011235	0.003883	0.999929	
3857														-0.094959	0.056399	9.790693	-0.985526	-0.169204	-0.010462	0.169151	-0.985573	0.005735	-0.011281	0.003882	0.999929	
3858														-0.121772	0.045366	9.806057	-0.985004	-0.172213	-0.010452	0.172161	-0.985052	0.005745	-0.011286	0.003860	0.999929	
3859														-0.059381	0.085989	9.804370	-0.984467	-0.175258	-0.010468	0.175206	-0.984515	0.005721	-0.011309	0.003799	0.999929	
3860														-0.070153	0.033745	9.804760	-0.983887	-0.178482	-0.010510	0.178430	-0.983936	0.005724	-0.011363	0.003756	0.999928	
3861														-0.045389	0.012250	9.804180	-0.983288	-0.181756	-0.010470	0.181703	-0.983336	0.005778	-0.011345	0.003779	0.999928	
3862														-0.064211	0.020141	9.804652	-0.982688	-0.184972	-0.010470	0.184920	-0.982737	0.005763	-0.011355	0.003727	0.999929	
3863														-0.196704	-0.004487	9.822764	-0.982167	-0.187714	-0.010540	0.187662	-0.982217	0.005743	-0.011430	0.003663	0.999928	
3864														-0.123395	0.009841	9.820853	-0.981729	-0.189995	-0.010500	0.189944	-0.981778	0.005709	-0.011393	0.003610	0.999929	
3865														-0.201939	0.007478	9.808250	-0.981280	-0.192301	-0.010465	0.192250	-0.981329	0.005701	-0.011366	0.003583	0.999929	
3866														-0.137350	0.082093	9.850349	-0.980820	-0.194628	-0.010556	0.194576	-0.980871	0.005710	-0.011465	0.003546	0.999928	
3867														-0.162151	0.023739	9.777882	-0.980309	-0.197191	-0.010497	0.197140	-0.980359	0.005737	-0.011422	0.003555	0.999928	
3868														-0.049107	0.024392	9.818945	-0.979772	-0.199839	-0.010503	0.199788	-0.979822	0.005761	-0.011442	0.003546	0.999928	
3869														-0.062798	0.018160	9.804665	-0.979266	-0.202305	-0.010529	0.202254	-0.979316	0.005751	-0.011475	0.003502	0.999928	
3870														-0.107350	0.046239	9.805729	-0.978782	-0.204632	-0.010542	0.204580	-0.978833	0.005791	-0.011504	0.003512	0.999928	
3871														-0.055249	0.037302	9.804416	-0.978325	-0.206807	-0.010551	0.206755	-0.978376	0.005807	-0.011524	0.003500	0.999927	
3872														-0.073824	0.044715	9.819538	-0.977880	-0.208902	-0.010503	0.208851	-0.977930	0.005833	-0.011490	0.003510	0.999928	
3873														-0.053000	0.070052	9.804282	-0.977415	-0.211069	-0.010475	0.211017	-0.977465	0.005842	-0.011472	0.003499	0.999928	
3874														0.019121	0.054259	9.817126	-0.976877	-0.213548	-0.010460	0.213496	-0.976926	0.005850	-0.011468	0.003481	0.999928	
3875														-0.048544	-0.008868	9.819094	-0.976340	-0.215990	-0.010460	0.215938	-0.976389	0.005880	-0.011483	0.003482	0.999928	
3876														-0.081354	-0.007981	9.805298	-0.975737	-0.218698	-0.010435	0.218646	-0.975786	0.005900	-0.011473	0.003475	0.999928	
3877														-0.026786	0.049070	9.803695	-0.975129	-0.221391	-0.010423	0.221340	-0.975179	0.005880	-0.011466	0.003426	0.999928	
3878														-0.208717	0.092590	9.822922	-0.974478	-0.224239	-0.010481	0.224189	-0.974528	0.005814	-0.011517	0.003316	0.999928	
3879														-0.164546	0.031350	9.807348	-0.973686	-0.227659	-0.010390	0.227608	-0.973736	0.005793	-0.011436	0.003276	0.999929	
3880														-0.111181	0.087870	9.791113	-0.972760	-0.231579	-0.010486	0.231530	-0.972811	0.005681	-0.011517	0.003098	0.999929	
3881														-0.152079	-0.031045	9.807254	-0.971681	-0.236065	-0.010483	0.236017	-0.971733	0.005581	-0.011504	0.002949	0.999929	
3882														-0.084850	0.065683	9.805171	-0.970629	-0.240353	-0.010459	0.240305	-0.970681	0.005651	-0.011510	0.002971	0.999929	
3883														-0.097705	0.059406	9.790901	-0.969576	-0.244572	-0.010340	0.244524	-0.969627	0.005683	-0.011416	0.002982	0.999930	
3884														-0.116597	0.000492	9.806302	-0.968588	-0.248457	-0.010354	0.248409	-0.968638	0.005707	-0.011447	0.002955	0.999930	
3885														-0.123105	0.112047	9.806020	-0.967568	-0.252399	-0.010317	0.252349	-0.967619	0.005835	-0.011456	0.003042	0.999930	
3886														-0.031412	0.126051	9.818195	-0.966305	-0.257191	-0.010358	0.257141	-0.966356	0.005879	-0.011521	0.003018	0.999929	
3887														0.074239	0.015877	9.801262	-0.964934	-0.262293	-0.010274	0.262244	-0.964984	0.005853	-0.011450	0.002954	0.999930	
3888														-0.002064	-0.003677	9.807025	-0.963512	-0.267413	-0.010330	0.267365	-0.963563	0.005812	-0.011508	0.002838	0.999930	
3889														-0.078366	-0.023231	9.812787	-0.962090	-0.272533	-0.010386	0.272486	-0.962143	0.005770	-0.011565	0.002722	0.999929	
3890														-0.027820	-0.072360	9.789727	-0.960377	-0.278513	-0.010331	0.278467	-0.960429	0.005746	-0.011522	0.002642	0.999930	
3891														-0.078058	-0.099971	9.791229	-0.958488	-0.284948	-0.010287	0.284901	-0.958539	0.005885	-0.011537	0.002710	0.999930	
3892														-0.139760	0.015843	9.821598	-0.956485	-0.291603	-0.010215	0.291555	-0.956536	0.005930	-0.011500	0.002694	0.999930	
3893														-0.204240	0.129879	9.808034	-0.954572	-0.297804	-0.010211	0.297757	-0.954623	0.005930	-0.011514	0.002620	0.999930	
3894														-0.201338	0.063541	9.793675	-0.952816	-0.303379	-0.010138	0.303331	-0.952866	0.006006	-0.011482	0.002647	0.999931	
3895														-0.182887	0.090299	9.793049	-0.951078	-0.308787	-0.010066	0.308740	-0.951128	0.006001	-0.011427	0.002599	0.999931	
