// Start Time: Unknown: 
// Update Rate: 60.0Hz 
// Filter Profile: human (46.1) 
// Firmware Version: 4.6.0
// Option Flags: AHS Disabled ICC Disabled 
PacketCounter	SampleTimeFine	Year	Month	Day	Second	UTC_Nano	UTC_Year	UTC_Month	UTC_Day	UTC_Hour	UTC_Minute	UTC_Second	UTC_Valid	Acc_X	Acc_Y	Acc_Z	Mat[1][1]	Mat[2][1]	Mat[3][1]	Mat[1][2]	Mat[2][2]	Mat[3][2]	Mat[1][3]	Mat[2][3]	Mat[3][3] 
13512								2021	08	20	14	51	26.056	9.330414	0.070379	-3.117388	-0.107572	0.950472	-0.291602	0.314334	0.310774	0.897003	0.943198	0.004832	-0.332196	
13513								2021	08	20	14	51	26.073	9.317797	0.082680	-3.158679	-0.107464	0.950572	-0.291314	0.314190	0.310465	0.897160	0.943258	0.004884	-0.332024	
13514								2021	08	20	14	51	26.089	9.317324	0.052803	-3.214567	-0.107304	0.950597	-0.291293	0.313966	0.310391	0.897264	0.943351	0.004824	-0.331761	
13515								2021	08	20	14	51	26.106	9.295072	0.068428	-3.183050	-0.107266	0.950645	-0.291148	0.313715	0.310240	0.897404	0.943439	0.004923	-0.331510	
13516								2021	08	20	14	51	26.123	9.272821	0.084053	-3.151533	-0.107228	0.950694	-0.291004	0.313464	0.310090	0.897544	0.943527	0.005023	-0.331259	
13517								2021	08	20	14	51	26.139	9.370758	0.037956	-2.997095	-0.107163	0.950751	-0.290840	0.313064	0.309912	0.897745	0.943667	0.005154	-0.330857	
13518								2021	08	20	14	51	26.156	9.369309	0.125068	-2.934820	-0.107010	0.950855	-0.290557	0.312692	0.309592	0.897985	0.943807	0.005238	-0.330454	
13519								2021	08	20	14	51	26.173	9.392012	0.127732	-2.902095	-0.107033	0.950884	-0.290454	0.312281	0.309500	0.898160	0.943941	0.005430	-0.330069	
13520								2021	08	20	14	51	26.189	9.492272	0.122983	-2.814333	-0.106817	0.951014	-0.290108	0.311837	0.309099	0.898452	0.944112	0.005503	-0.329578	
13521								2021	08	20	14	51	26.206	9.460067	0.256242	-2.969301	-0.106677	0.950937	-0.290412	0.311503	0.309338	0.898485	0.944238	0.005383	-0.329219	
13522								2021	08	20	14	51	26.223	9.220047	0.083973	-3.124662	-0.106253	0.951178	-0.289777	0.311597	0.308599	0.898707	0.944255	0.005197	-0.329173	
13523								2021	08	20	14	51	26.239	9.105922	-0.037360	-3.418503	-0.105974	0.951032	-0.290358	0.312210	0.309059	0.898336	0.944084	0.004548	-0.329674	
13524								2021	08	20	14	51	26.256	9.142059	0.071640	-3.420306	-0.105906	0.950525	-0.292038	0.312998	0.310627	0.897521	0.943831	0.003645	-0.330409	
13525								2021	08	20	14	51	26.273	9.111473	0.216188	-3.370795	-0.105892	0.949832	-0.294289	0.314200	0.312751	0.896362	0.943433	0.002452	-0.331555	
13526								2021	08	20	14	51	26.289	9.078789	0.386881	-3.137775	-0.105843	0.949456	-0.295516	0.315621	0.313895	0.895463	0.942964	0.001508	-0.332892	
13527								2021	08	20	14	51	26.306	9.223760	0.176683	-3.088791	-0.105775	0.949271	-0.296136	0.316938	0.314458	0.894800	0.942530	0.000791	-0.334122	
13528								2021	08	20	14	51	26.323	9.436680	0.200011	-3.005830	-0.105431	0.949159	-0.296616	0.317447	0.314796	0.894500	0.942397	0.000148	-0.334497	
13529								2021	08	20	14	51	26.339	9.307459	-0.037972	-3.029886	-0.105263	0.948866	-0.297613	0.317920	0.315680	0.894021	0.942256	-0.000510	-0.334893	
13530								2021	08	20	14	51	26.356	9.342359	0.187237	-3.067614	-0.105028	0.948294	-0.299512	0.318914	0.317389	0.893061	0.941946	-0.001722	-0.335759	
13531								2021	08	20	14	51	26.373	9.314472	0.066364	-3.008873	-0.104979	0.947885	-0.300820	0.320144	0.318601	0.892189	0.941534	-0.002645	-0.336906	
13532								2021	08	20	14	51	26.389	9.236839	-0.050670	-3.021910	-0.104961	0.947232	-0.302878	0.321921	0.320524	0.890860	0.940930	-0.003997	-0.338577	
13533								2021	08	20	14	51	26.406	9.184071	0.016331	-2.910684	-0.104907	0.946630	-0.304773	0.324137	0.322276	0.889423	0.940175	-0.005481	-0.340647	
13534								2021	08	20	14	51	26.423	9.278559	0.031201	-2.998807	-0.104994	0.945829	-0.307219	0.326979	0.324583	0.887542	0.939181	-0.007268	-0.343345	
13535								2021	08	20	14	51	26.439	9.353573	-0.130701	-3.157580	-0.104938	0.944999	-0.309781	0.329855	0.326942	0.885610	0.938181	-0.009249	-0.346021	
13536								2021	08	20	14	51	26.456	9.151215	-0.041482	-3.233286	-0.105076	0.943727	-0.313591	0.333126	0.330520	0.883054	0.937009	-0.011678	-0.349109	
13537								2021	08	20	14	51	26.473	9.182041	0.236087	-3.318006	-0.105414	0.942400	-0.317443	0.336584	0.334193	0.880356	0.935734	-0.014044	-0.352426	
13538								2021	08	20	14	51	26.489	9.073017	0.061793	-3.383959	-0.105880	0.941490	-0.319979	0.339580	0.336677	0.878256	0.934599	-0.015669	-0.355359	
13539								2021	08	20	14	51	26.506	9.065650	-0.037422	-3.391240	-0.106457	0.940506	-0.322670	0.342004	0.339349	0.876285	0.933649	-0.017068	-0.357783	
13540								2021	08	20	14	51	26.523	9.160719	-0.004919	-3.323365	-0.106857	0.939686	-0.324917	0.344073	0.341546	0.874620	0.932843	-0.018336	-0.359817	
13541								2021	08	20	14	51	26.539	9.248153	-0.099661	-3.458769	-0.107090	0.939145	-0.326402	0.346073	0.342971	0.873273	0.932076	-0.019441	-0.361741	
13542								2021	08	20	14	51	26.556	9.172468	-0.060310	-3.489731	-0.107331	0.938383	-0.328508	0.348214	0.344968	0.871633	0.931250	-0.020838	-0.363784	
13543								2021	08	20	14	51	26.573	9.049719	0.178759	-3.617446	-0.107595	0.937593	-0.330670	0.350510	0.347018	0.869897	0.930358	-0.022306	-0.365973	
13544								2021	08	20	14	51	26.589	8.926602	0.073318	-3.529933	-0.107708	0.937156	-0.331870	0.352740	0.348117	0.868555	0.929502	-0.023513	-0.368068	
13545								2021	08	20	14	51	26.606	9.054033	-0.089074	-3.243318	-0.107701	0.936822	-0.332814	0.354718	0.348938	0.867420	0.928749	-0.024633	-0.369889	
13546								2021	08	20	14	51	26.623	9.381405	-0.547684	-3.416837	-0.107884	0.936450	-0.333800	0.356533	0.349870	0.866300	0.928033	-0.025551	-0.371621	
13547								2021	08	20	14	51	26.639	9.296408	-0.403129	-3.524390	-0.108321	0.935181	-0.337198	0.358390	0.353121	0.864212	0.927266	-0.027236	-0.373410	
13548								2021	08	20	14	51	26.656	8.933238	0.169268	-3.813244	-0.108387	0.934021	-0.340378	0.360787	0.356009	0.862027	0.926329	-0.029371	-0.375569	
13549								2021	08	20	14	51	26.673	8.958370	-0.342748	-3.852803	-0.108265	0.934076	-0.340266	0.363057	0.355787	0.861165	0.925456	-0.030302	-0.377642	
13550								2021	08	20	14	51	26.689	9.125819	-1.059739	-3.808504	-0.108495	0.933854	-0.340802	0.365100	0.356299	0.860089	0.924625	-0.031111	-0.379607	
13551								2021	08	20	14	51	26.706	9.170786	-0.752279	-3.440353	-0.109059	0.932664	-0.343866	0.366994	0.359268	0.858045	0.923808	-0.032619	-0.381464	
13552								2021	08	20	14	51	26.723	9.201470	-0.302405	-3.185083	-0.110142	0.931077	-0.347799	0.368756	0.363233	0.855617	0.922978	-0.034014	-0.383347	
13553								2021	08	20	14	51	26.739	9.186241	-0.413858	-3.130755	-0.111458	0.929478	-0.351637	0.370521	0.367195	0.853160	0.922112	-0.035198	-0.385318	
13554								2021	08	20	14	51	26.756	9.253850	-0.450700	-3.039383	-0.112548	0.928062	-0.355011	0.372801	0.370621	0.850682	0.921061	-0.036606	-0.387695	
13555								2021	08	20	14	51	26.773	9.244187	-0.434908	-2.884058	-0.113479	0.927161	-0.357065	0.375361	0.372760	0.848619	0.919906	-0.037728	-0.390320	
13556								2021	08	20	14	51	26.789	9.091940	-0.397745	-2.707186	-0.115222	0.926104	-0.359243	0.378204	0.375313	0.846228	0.918524	-0.038363	-0.393500	
13557								2021	08	20	14	51	26.806	9.271513	-0.344672	-2.898535	-0.117075	0.925448	-0.360333	0.381616	0.376893	0.843991	0.916877	-0.038699	-0.397291	
13558								2021	08	20	14	51	26.823	9.317979	-0.230392	-3.438229	-0.118720	0.925358	-0.360025	0.385391	0.377107	0.842178	0.915084	-0.038767	-0.401394	
13559								2021	08	20	14	51	26.839	9.073944	-0.523648	-3.938148	-0.119934	0.926412	-0.356898	0.389309	0.374587	0.841501	0.913266	-0.038019	-0.405586	
13560								2021	08	20	14	51	26.856	8.855700	-0.817923	-4.010686	-0.121054	0.927443	-0.353830	0.393059	0.372101	0.840860	0.911510	-0.037287	-0.409584	
13561								2021	08	20	14	51	26.873	8.890921	-0.629906	-3.807131	-0.122741	0.927745	-0.352453	0.396934	0.371387	0.839354	0.909603	-0.036878	-0.413838	
13562								2021	08	20	14	51	26.889	9.016391	-0.413392	-3.934515	-0.124409	0.928095	-0.350945	0.400925	0.370553	0.837824	0.907624	-0.036470	-0.418197	
13563								2021	08	20	14	51	26.906	8.849806	-0.265696	-4.171606	-0.125930	0.928625	-0.348995	0.405110	0.369264	0.836379	0.905554	-0.036057	-0.422697	
13564								2021	08	20	14	51	26.923	8.768221	-0.493130	-4.243774	-0.127295	0.929481	-0.346210	0.409246	0.367172	0.835286	0.903501	-0.035358	-0.427126	
13565								2021	08	20	14	51	26.939	8.959212	-0.553149	-4.122420	-0.128688	0.929926	-0.344494	0.413233	0.366071	0.833805	0.901486	-0.035055	-0.431385	
13566								2021	08	20	14	51	26.956	8.866766	-0.348107	-3.949175	-0.130191	0.930190	-0.343215	0.417436	0.365410	0.831999	0.899331	-0.034952	-0.435868	
13567								2021	08	20	14	51	26.973	8.879657	-0.060358	-3.995675	-0.131835	0.930489	-0.341775	0.421768	0.364672	0.830136	0.897068	-0.034709	-0.440527	
13568								2021	08	20	14	51	26.989	8.714629	0.140555	-4.070626	-0.133337	0.931050	-0.339657	0.426345	0.363271	0.828411	0.894679	-0.034353	-0.445386	
13569								2021	08	20	14	51	27.006	8.710757	-0.112721	-3.827202	-0.134588	0.932365	-0.335532	0.431225	0.359978	0.827322	0.892150	-0.033342	-0.450508	
13570								2021	08	20	14	51	27.023	8.877153	-0.709872	-3.975440	-0.135811	0.933751	-0.331156	0.436480	0.356459	0.826089	0.889405	-0.032351	-0.455974	
13571								2021	08	20	14	51	27.039	8.800059	-0.519915	-4.470380	-0.137348	0.934841	-0.327427	0.442047	0.353666	0.824327	0.886414	-0.031519	-0.461819	
13572								2021	08	20	14	51	27.056	8.561219	-0.249840	-5.286417	-0.138903	0.935616	-0.324543	0.447451	0.351655	0.822269	0.883456	-0.031002	-0.467488	
13573								2021	08	20	14	51	27.073	8.487690	-0.018900	-5.330761	-0.140038	0.936800	-0.320617	0.452485	0.348566	0.820829	0.880708	-0.030127	-0.472700	
13574								2021	08	20	14	51	27.089	8.908100	-0.374688	-4.757527	-0.140938	0.938629	-0.314820	0.456943	0.343771	0.820381	0.878259	-0.028233	-0.477351	
13575								2021	08	20	14	51	27.106	8.981938	-0.497796	-4.405593	-0.141845	0.940537	-0.308657	0.461152	0.338693	0.820138	0.875910	-0.026006	-0.481773	
13576								2021	08	20	14	51	27.123	8.966883	-0.511082	-3.942104	-0.142872	0.942523	-0.302056	0.465420	0.333318	0.819929	0.873483	-0.023438	-0.486291	
13577								2021	08	20	14	51	27.139	9.072462	-0.596087	-3.221589	-0.144293	0.944414	-0.295400	0.469752	0.328118	0.819556	0.870926	-0.020509	-0.490986	
13578								2021	08	20	14	51	27.156	9.091845	-0.585961	-2.680470	-0.146374	0.946005	-0.289221	0.474484	0.323684	0.818593	0.868009	-0.017410	-0.496243	
13579								2021	08	20	14	51	27.173	9.042929	-0.609563	-2.383839	-0.149025	0.947610	-0.282538	0.479823	0.319134	0.817266	0.864616	-0.013776	-0.502244	
13580								2021	08	20	14	51	27.189	9.190778	-0.800295	-2.104463	-0.152292	0.949390	-0.274711	0.486249	0.313960	0.815470	0.860447	-0.009388	-0.509454	
13581								2021	08	20	14	51	27.206	9.509486	-0.935638	-2.030959	-0.156243	0.951188	-0.266139	0.494007	0.308580	0.812856	0.855304	-0.004471	-0.518107	
13582								2021	08	20	14	51	27.223	9.530935	-0.928534	-2.106217	-0.161023	0.953007	-0.256609	0.502833	0.302944	0.809558	0.849253	0.001326	-0.527984	
13583								2021	08	20	14	51	27.239	9.512419	-0.651230	-2.419120	-0.166246	0.954731	-0.246679	0.512505	0.297375	0.805548	0.842438	0.007495	-0.538741	
13584								2021	08	20	14	51	27.256	9.673129	0.063820	-2.665424	-0.171708	0.956367	-0.236385	0.523087	0.291839	0.800756	0.834803	0.013846	-0.550375	
13585								2021	08	20	14	51	27.273	9.537736	0.079172	-2.922696	-0.178050	0.957880	-0.225311	0.536523	0.286441	0.793785	0.824889	0.020449	-0.564925	
13586								2021	08	20	14	51	27.289	10.277875	0.422859	-4.417569	-0.185440	0.958633	-0.215951	0.551966	0.283434	0.784218	0.812985	0.026228	-0.581693	
13587								2021	08	20	14	51	27.306	10.352746	1.186633	-4.864626	-0.192783	0.959148	-0.207050	0.567028	0.281105	0.774248	0.800821	0.031859	-0.598056	
13588								2021	08	20	14	51	27.323	10.148973	1.596631	-4.934117	-0.200027	0.959522	-0.198259	0.581227	0.279104	0.764379	0.788774	0.037663	-0.613529	
13589								2021	08	20	14	51	27.339	10.129957	1.819691	-4.700740	-0.207492	0.959668	-0.189698	0.594420	0.277700	0.754684	0.776924	0.043831	-0.628066	
13590								2021	08	20	14	51	27.356	10.723020	1.948184	-4.225885	-0.215141	0.959570	-0.181492	0.607152	0.276987	0.744745	0.764906	0.050032	-0.642196	
13591								2021	08	20	14	51	27.373	11.069888	2.581028	-3.253364	-0.221942	0.959355	-0.174297	0.620798	0.276873	0.733451	0.751898	0.054581	-0.657016	
13592								2021	08	20	14	51	27.389	11.024262	3.302917	-2.522610	-0.227355	0.959799	-0.164607	0.635208	0.274290	0.721994	0.738119	0.059590	-0.672033	
13593								2021	08	20	14	51	27.406	11.075511	3.354669	-2.134378	-0.231628	0.961137	-0.150214	0.648339	0.267642	0.712758	0.725262	0.067705	-0.685136	
13594								2021	08	20	14	51	27.423	9.957678	2.800387	-2.803917	-0.234537	0.962847	-0.133861	0.660313	0.258853	0.704969	0.713427	0.076951	-0.696491	
13595								2021	08	20	14	51	27.439	9.078502	2.102381	-4.307292	-0.235859	0.964864	-0.115790	0.672274	0.248042	0.697512	0.701725	0.086672	-0.707156	
13596								2021	08	20	14	51	27.456	8.491247	1.363262	-6.258829	-0.234860	0.967293	-0.095840	0.684127	0.234535	0.690625	0.690514	0.096634	-0.716834	
13597								2021	08	20	14	51	27.473	8.141995	1.089960	-8.094964	-0.231317	0.969987	-0.074953	0.696574	0.218913	0.683273	0.679174	0.105842	-0.726306	
13598								2021	08	20	14	51	27.489	7.267780	1.063765	-8.965702	-0.226557	0.972521	-0.053617	0.708936	0.202399	0.675607	0.667894	0.115052	-0.735310	
13599								2021	08	20	14	51	27.506	8.066974	1.101904	-9.139385	-0.221163	0.974583	-0.035700	0.718853	0.187649	0.669357	0.659043	0.122374	-0.742083	
13600								2021	08	20	14	51	27.523	7.809846	1.303474	-9.107753	-0.215268	0.976402	-0.017291	0.723571	0.171367	0.668639	0.655824	0.131425	-0.743386	
13601								2021	08	20	14	51	27.539	7.140518	0.591475	-8.591887	-0.210216	0.977655	0.000602	0.722714	0.154984	0.673546	0.658403	0.142025	-0.739145	
13602								2021	08	20	14	51	27.556	6.511786	-0.253458	-8.687321	-0.206437	0.978329	0.016021	0.716953	0.140101	0.682898	0.665854	0.152462	-0.730338	
13603								2021	08	20	14	51	27.573	6.050395	-0.558250	-8.811700	-0.203655	0.978741	0.024311	0.707206	0.129892	0.694974	0.677041	0.158728	-0.718624	
13604								2021	08	20	14	51	27.589	5.681157	-0.115174	-8.589583	-0.201395	0.979176	0.025576	0.693780	0.124166	0.709402	0.691454	0.160614	-0.704340	
13605								2021	08	20	14	51	27.606	5.346135	0.192774	-8.409821	-0.199711	0.979631	0.020930	0.676152	0.122320	0.726537	0.709178	0.159249	-0.686809	
13606								2021	08	20	14	51	27.623	5.277290	0.511431	-8.159215	-0.198919	0.979955	0.010966	0.654251	0.124458	0.745967	0.729649	0.155561	-0.665893	
13607								2021	08	20	14	51	27.639	5.255634	0.734351	-7.866060	-0.198276	0.980141	-0.003276	0.629041	0.129812	0.766457	0.751661	0.149909	-0.642288	
13608								2021	08	20	14	51	27.656	5.458165	0.954210	-7.543091	-0.197229	0.980134	-0.020920	0.600359	0.137623	0.787800	0.775029	0.142817	-0.615575	
13609								2021	08	20	14	51	27.673	5.901351	0.964241	-7.148955	-0.195557	0.979929	-0.038679	0.567974	0.145322	0.810115	0.799477	0.136455	-0.584993	
13610								2021	08	20	14	51	27.689	6.639065	0.520904	-6.950905	-0.192943	0.979515	-0.057653	0.532037	0.153808	0.832635	0.824445	0.129977	-0.550814	
13611								2021	08	20	14	51	27.706	6.977016	0.729813	-6.420858	-0.189357	0.978685	-0.079495	0.492972	0.164772	0.854300	0.849190	0.122579	-0.513665	
13612								2021	08	20	14	51	27.723	7.098375	1.189892	-5.960362	-0.184817	0.977426	-0.102377	0.451739	0.177005	0.874415	0.872797	0.115359	-0.474255	
13613								2021	08	20	14	51	27.739	6.707124	1.689763	-5.186367	-0.179623	0.976007	-0.123071	0.410884	0.188106	0.892071	0.893818	0.109668	-0.434814	
13614								2021	08	20	14	51	27.756	6.731050	2.094604	-5.066290	-0.173535	0.974931	-0.139266	0.373400	0.195988	0.906731	0.911295	0.105348	-0.398050	
13615								2021	08	20	14	51	27.773	7.756935	1.763516	-5.248522	-0.166780	0.974176	-0.152201	0.337345	0.201425	0.919580	0.926490	0.102023	-0.362227	
13616								2021	08	20	14	51	27.789	8.308448	1.819482	-5.064517	-0.159019	0.973894	-0.162000	0.299425	0.203934	0.932071	0.940775	0.099710	-0.324038	
13617								2021	08	20	14	51	27.806	8.158618	1.141646	-4.552951	-0.150040	0.974595	-0.166288	0.260563	0.201225	0.944254	0.953727	0.098348	-0.284135	
13618								2021	08	20	14	51	27.823	8.371599	0.697261	-4.164786	-0.140953	0.975672	-0.167920	0.220671	0.196309	0.955388	0.965110	0.097610	-0.242973	
13619								2021	08	20	14	51	27.839	8.276106	0.590029	-3.686100	-0.132946	0.976423	-0.170068	0.180830	0.192607	0.964470	0.974488	0.097469	-0.202173	
13620								2021	08	20	14	51	27.856	8.639260	1.067158	-2.677027	-0.125420	0.976543	-0.175026	0.142821	0.192353	0.970877	0.981770	0.096770	-0.163596	
13621								2021	08	20	14	51	27.873	9.115021	1.447023	-1.759155	-0.117377	0.976528	-0.180597	0.107721	0.193301	0.975208	0.987228	0.095013	-0.127881	
13622								2021	08	20	14	51	27.889	9.721208	1.437276	-0.893292	-0.108464	0.976788	-0.184715	0.075115	0.193333	0.978254	0.991258	0.092231	-0.094341	
13623								2021	08	20	14	51	27.906	9.530242	1.153700	-0.243507	-0.099160	0.977235	-0.187563	0.044693	0.192675	0.980244	0.994067	0.088818	-0.062781	
13624								2021	08	20	14	51	27.923	9.173958	1.680579	0.661066	-0.089758	0.977697	-0.189875	0.018643	0.192261	0.981167	0.995789	0.084527	-0.035484	
13625								2021	08	20	14	51	27.939	8.855656	1.427198	1.325180	-0.079742	0.978741	-0.188966	-0.001073	0.189485	0.981883	0.996815	0.078500	-0.014060	
13626								2021	08	20	14	51	27.956	8.740906	0.895123	1.340448	-0.069946	0.980027	-0.186159	-0.014340	0.185609	0.982519	0.997448	0.071392	0.001071	
13627								2021	08	20	14	51	27.973	8.622809	0.756502	1.208556	-0.060921	0.981455	-0.181752	-0.021690	0.180746	0.983291	0.997907	0.063845	0.010276	
13628								2021	08	20	14	51	27.989	8.251171	0.402914	0.836604	-0.053735	0.982810	-0.176629	-0.023271	0.175604	0.984186	0.998284	0.056995	0.013435	
13629								2021	08	20	14	51	28.006	8.010281	0.515122	0.472834	-0.048611	0.983296	-0.175404	-0.018368	0.174701	0.984450	0.998649	0.051077	0.009569	
13630								2021	08	20	14	51	28.023	7.472291	1.241655	0.214524	-0.044763	0.982996	-0.178087	-0.004416	0.178069	0.984008	0.998988	0.044833	-0.003630	
13631								2021	08	20	14	51	28.039	8.140231	0.456501	-0.929584	-0.043540	0.982672	-0.180168	0.016660	0.181028	0.983337	0.998913	0.039813	-0.024254	
13632								2021	08	20	14	51	28.056	8.687169	0.008869	-1.710454	-0.045550	0.981645	-0.185197	0.037148	0.186925	0.981672	0.998271	0.037835	-0.044981	
13633								2021	08	20	14	51	28.073	10.454225	0.667206	-1.256246	-0.047954	0.979423	-0.196038	0.054962	0.198554	0.978548	0.997336	0.036150	-0.063353	
13634								2021	08	20	14	51	28.089	11.830322	2.178025	0.334020	-0.051872	0.976349	-0.209885	0.071339	0.213254	0.974389	0.996102	0.035571	-0.080714	
13635								2021	08	20	14	51	28.106	11.874591	2.883258	2.006841	-0.057669	0.972962	-0.223652	0.091533	0.228234	0.969294	0.994131	0.035427	-0.102220	
13636								2021	08	20	14	51	28.123	12.541770	2.448720	0.763454	-0.063417	0.970422	-0.232936	0.116440	0.239006	0.964011	0.991171	0.034012	-0.128153	
13637								2021	08	20	14	51	28.139	10.802864	1.266489	-1.512510	-0.065982	0.969689	-0.235264	0.140401	0.242454	0.959950	0.987894	0.030308	-0.152144	
13638								2021	08	20	14	51	28.156	8.391213	-0.271052	-4.537586	-0.066496	0.969888	-0.234298	0.161396	0.242181	0.956713	0.984647	0.025803	-0.172640	
13639								2021	08	20	14	51	28.173	7.125096	-0.492180	-6.421988	-0.067295	0.969316	-0.236427	0.179473	0.244859	0.952803	0.981458	0.021687	-0.190444	
13640								2021	08	20	14	51	28.189	7.341012	-0.083321	-7.036451	-0.069162	0.968485	-0.239277	0.195895	0.248366	0.948651	0.978183	0.018737	-0.206899	
13641								2021	08	20	14	51	28.206	8.311128	0.166813	-7.539528	-0.069408	0.968556	-0.238917	0.210801	0.248327	0.945461	0.975062	0.015259	-0.221408	
13642								2021	08	20	14	51	28.223	8.783293	1.064089	-6.866867	-0.068334	0.968537	-0.239305	0.225144	0.248649	0.942064	0.971926	0.010497	-0.235052	
13643								2021	08	20	14	51	28.239	9.345743	2.086711	-4.727842	-0.067844	0.968772	-0.238491	0.239119	0.247863	0.938821	0.968617	0.006666	-0.248468	
13644								2021	08	20	14	51	28.256	10.141866	1.566292	-4.090561	-0.066939	0.970191	-0.232915	0.251792	0.242309	0.936956	0.965464	0.004073	-0.260506	
13645								2021	08	20	14	51	28.273	9.786634	0.527003	-3.506184	-0.064856	0.972128	-0.225302	0.263492	0.234447	0.935738	0.962479	0.001323	-0.271353	
13646								2021	08	20	14	51	28.289	8.969193	-1.166374	-3.428166	-0.063449	0.973641	-0.219085	0.273834	0.228086	0.934340	0.959682	-0.000710	-0.281088	
13647								2021	08	20	14	51	28.306	9.027888	-2.378637	-3.771677	-0.063250	0.974143	-0.216899	0.283439	0.225919	0.931999	0.956902	-0.002529	-0.290400	
13648								2021	08	20	14	51	28.323	9.033271	-2.169350	-4.126997	-0.062963	0.973615	-0.219340	0.292939	0.228125	0.928518	0.954056	-0.005791	-0.299573	
13649								2021	08	20	14	51	28.339	9.236567	-0.633746	-3.635347	-0.062403	0.972771	-0.223210	0.302933	0.231556	0.924453	0.950966	-0.009929	-0.309135	
13650								2021	08	20	14	51	28.356	9.651867	0.221103	-3.284882	-0.061512	0.972733	-0.223621	0.312630	0.231548	0.921221	0.947881	-0.013245	-0.318348	
13651								2021	08	20	14	51	28.373	9.425812	-0.039241	-3.249384	-0.060578	0.973507	-0.220489	0.321765	0.228148	0.918921	0.944880	-0.015279	-0.327061	
13652								2021	08	20	14	51	28.389	9.229998	-1.177916	-3.999000	-0.060354	0.974167	-0.217614	0.329659	0.225232	0.916840	0.942169	-0.016403	-0.334737	
13653								2021	08	20	14	51	28.406	8.868466	-1.096580	-4.205365	-0.060725	0.974062	-0.217983	0.337558	0.225559	0.913881	0.939344	-0.018086	-0.342499	
13654								2021	08	20	14	51	28.423	9.209360	-0.500773	-4.069896	-0.061007	0.973861	-0.218798	0.345380	0.226261	0.910779	0.936478	-0.020005	-0.350155	
13655								2021	08	20	14	51	28.439	9.275962	-0.143552	-4.203479	-0.061043	0.974258	-0.217013	0.352600	0.224449	0.908458	0.933781	-0.021064	-0.357224	
13656								2021	08	20	14	51	28.456	8.866914	-0.324422	-4.239947	-0.060748	0.974938	-0.214023	0.359525	0.221398	0.906490	0.931156	-0.021879	-0.363964	
13657								2021	08	20	14	51	28.473	8.836955	-0.088493	-4.295273	-0.060815	0.975207	-0.212776	0.366210	0.220105	0.904126	0.928543	-0.022936	-0.370516	
13658								2021	08	20	14	51	28.489	8.968574	0.276642	-3.909994	-0.060810	0.975503	-0.211414	0.373006	0.218670	0.901693	0.925834	-0.024026	-0.377166	
13659								2021	08	20	14	51	28.506	9.281874	0.007778	-3.909857	-0.060476	0.976263	-0.207972	0.379427	0.215197	0.899847	0.923243	-0.024491	-0.383435	
13660								2021	08	20	14	51	28.523	9.065914	-0.222849	-3.770010	-0.059936	0.977268	-0.203361	0.385593	0.210580	0.898318	0.920720	-0.024573	-0.389448	
13661								2021	08	20	14	51	28.539	9.062422	-0.147627	-3.597320	-0.059519	0.978236	-0.198774	0.391722	0.206043	0.896716	0.918157	-0.024493	-0.395460	
13662								2021	08	20	14	51	28.556	9.080912	-0.350274	-3.394636	-0.059166	0.979147	-0.194346	0.398011	0.201682	0.894937	0.915471	-0.024402	-0.401644	
13663								2021	08	20	14	51	28.573	8.850310	-0.350057	-3.279968	-0.058846	0.979800	-0.191125	0.404572	0.198436	0.892717	0.912611	-0.024791	-0.408077	
13664								2021	08	20	14	51	28.589	9.085522	-0.426966	-2.906265	-0.058730	0.980225	-0.188968	0.411664	0.196231	0.889959	0.909441	-0.025524	-0.415048	
13665								2021	08	20	14	51	28.606	9.186179	-0.269934	-2.203035	-0.058645	0.980636	-0.186853	0.419538	0.194054	0.886753	0.905842	-0.026389	-0.422794	
13666								2021	08	20	14	51	28.623	9.471124	-0.466743	-1.632662	-0.058575	0.981032	-0.184782	0.428178	0.191899	0.883085	0.901794	-0.027393	-0.431297	
13667								2021	08	20	14	51	28.639	9.355355	-0.567560	-1.257332	-0.058771	0.981358	-0.182982	0.437651	0.190074	0.878825	0.897222	-0.028433	-0.440663	
13668								2021	08	20	14	51	28.656	9.571618	-0.487642	-1.698527	-0.059422	0.981734	-0.180742	0.448225	0.188024	0.873923	0.891943	-0.029083	-0.451211	
13669								2021	08	20	14	51	28.673	9.423930	0.037388	-2.776537	-0.060230	0.982265	-0.177559	0.459967	0.185182	0.868411	0.885891	-0.029367	-0.462963	
13670								2021	08	20	14	51	28.689	9.114234	0.354915	-3.422800	-0.060430	0.983454	-0.170783	0.472733	0.178889	0.862857	0.879131	-0.028592	-0.475722	
13671								2021	08	20	14	51	28.706	9.185368	0.052123	-3.366104	-0.060632	0.985273	-0.159875	0.486197	0.169037	0.857344	0.871743	-0.025748	-0.489286	
13672								2021	08	20	14	51	28.723	9.056517	-1.291373	-3.522350	-0.061670	0.987089	-0.147827	0.499487	0.158750	0.851652	0.864124	-0.021316	-0.502828	
13673								2021	08	20	14	51	28.739	8.838207	-1.333142	-3.555206	-0.063545	0.988132	-0.139847	0.512992	0.152542	0.844731	0.856038	-0.018063	-0.516597	
13674								2021	08	20	14	51	28.756	9.104226	-0.486264	-3.315621	-0.065782	0.988806	-0.133923	0.527141	0.148394	0.836721	0.847228	-0.015555	-0.531002	
13675								2021	08	20	14	51	28.773	9.308242	-0.227022	-3.294386	-0.068355	0.989706	-0.125733	0.541619	0.142652	0.828432	0.837841	-0.011472	-0.545794	
13676								2021	08	20	14	51	28.789	9.696790	-0.946216	-3.130284	-0.071216	0.990815	-0.114951	0.556204	0.135110	0.819989	0.827989	-0.005540	-0.560717	
13677								2021	08	20	14	51	28.806	10.385389	-1.121085	-2.466972	-0.075101	0.991652	-0.104811	0.571177	0.128936	0.810637	0.817384	0.001014	-0.576093	
13678								2021	08	20	14	51	28.823	11.272188	-0.132972	-1.407975	-0.079081	0.992256	-0.095777	0.587069	0.124006	0.799983	0.805665	0.007035	-0.592329	
13679								2021	08	20	14	51	28.839	12.053493	0.725397	-0.727536	-0.083031	0.992944	-0.084666	0.604109	0.117720	0.788159	0.792564	0.014294	-0.609621	
13680								2021	08	20	14	51	28.856	12.319644	1.745810	-0.629087	-0.087202	0.993464	-0.073654	0.623808	0.112101	0.773497	0.776698	0.021504	-0.629506	
13681								2021	08	20	14	51	28.873	12.211614	3.198404	-0.878122	-0.090814	0.993799	-0.064160	0.647775	0.107882	0.754155	0.756400	0.026927	-0.653555	
13682								2021	08	20	14	51	28.889	12.624893	3.244729	-1.278826	-0.092949	0.994337	-0.051529	0.673588	0.100909	0.732186	0.733239	0.033347	-0.679153	
13683								2021	08	20	14	51	28.906	13.176338	2.221299	-1.670494	-0.094585	0.994903	-0.034960	0.696070	0.091200	0.712158	0.711717	0.043024	-0.701148	
13684								2021	08	20	14	51	28.923	12.142435	1.887351	-1.242255	-0.096593	0.995166	-0.017733	0.715857	0.081840	0.693434	0.691534	0.054287	-0.720302	
13685								2021	08	20	14	51	28.939	12.880110	0.809573	-2.341446	-0.098885	0.995089	-0.004400	0.734185	0.075941	0.674689	0.671710	0.063486	-0.738089	
13686								2021	08	20	14	51	28.956	13.520218	1.201916	-4.380581	-0.099017	0.995055	0.007858	0.752808	0.069742	0.654536	0.650751	0.070726	-0.755990	
13687								2021	08	20	14	51	28.973	13.487351	0.901385	-7.297071	-0.095856	0.995041	0.026539	0.766513	0.056779	0.639714	0.635035	0.081663	-0.768155	
13688								2021	08	20	14	51	28.989	8.847616	0.319589	-9.997046	-0.091023	0.994797	0.045763	0.775967	0.042048	0.629371	0.624172	0.092798	-0.775756	
13689								2021	08	20	14	51	29.006	7.875104	0.763414	-11.094797	-0.085716	0.994448	0.061048	0.785040	0.029683	0.618734	0.613486	0.100960	-0.783225	
13690								2021	08	20	14	51	29.023	8.126266	0.430663	-12.153311	-0.082136	0.994311	0.067817	0.791872	0.023792	0.610224	0.605139	0.103824	-0.789321	
13691								2021	08	20	14	51	29.039	7.286267	1.076265	-11.231591	-0.079106	0.994458	0.069246	0.794609	0.020959	0.606760	0.601946	0.103022	-0.791863	
13692								2021	08	20	14	51	29.056	6.800532	0.941556	-10.589958	-0.077287	0.994464	0.071190	0.792073	0.017878	0.610165	0.605514	0.103545	-0.789070	
13693								2021	08	20	14	51	29.073	6.414053	0.675445	-10.202364	-0.077249	0.994124	0.075826	0.784237	0.013626	0.620311	0.615634	0.107384	-0.780682	
13694								2021	08	20	14	51	29.089	5.160411	0.116405	-10.113891	-0.077929	0.993637	0.081315	0.770896	0.008338	0.636906	0.632176	0.112319	-0.766641	
13695								2021	08	20	14	51	29.106	3.454309	-0.024907	-10.144209	-0.077900	0.993361	0.084650	0.753059	0.002988	0.657946	0.653325	0.115001	-0.748293	
13696								2021	08	20	14	51	29.123	2.334749	0.292033	-9.909507	-0.077161	0.993366	0.085268	0.731518	-0.001704	0.681820	0.677441	0.114985	-0.726534	
13697								2021	08	20	14	51	29.139	1.690766	1.459616	-9.184287	-0.078498	0.993278	0.085069	0.703358	-0.005291	0.710816	0.706488	0.115632	-0.698214	
13698								2021	08	20	14	51	29.156	1.135408	0.772877	-9.124909	-0.083630	0.992747	0.086364	0.668893	-0.008316	0.743312	0.738639	0.119932	-0.663346	
13699								2021	08	20	14	51	29.173	0.591420	-0.664161	-9.267351	-0.089425	0.992897	0.078475	0.629735	-0.004678	0.776796	0.771646	0.118883	-0.624843	
13700								2021	08	20	14	51	29.189	0.461059	-0.205481	-8.863881	-0.092919	0.994008	0.057572	0.588245	0.008152	0.808642	0.803327	0.109005	-0.585477	
13701								2021	08	20	14	51	29.206	1.156340	1.322135	-8.235363	-0.093865	0.995241	0.026157	0.541912	0.029034	0.839933	0.835177	0.093016	-0.542059	
13702								2021	08	20	14	51	29.223	1.927215	3.391816	-7.496276	-0.095328	0.995432	-0.005225	0.491055	0.051590	0.869600	0.865897	0.080331	-0.493730	
13703								2021	08	20	14	51	29.239	3.686168	3.484025	-7.148380	-0.097368	0.994836	-0.028658	0.434140	0.068366	0.898247	0.895568	0.075019	-0.438555	
13704								2021	08	20	14	51	29.256	5.370504	2.291986	-6.745519	-0.098914	0.994123	-0.043992	0.375446	0.078225	0.923537	0.921551	0.074834	-0.380977	
13705								2021	08	20	14	51	29.273	6.674013	1.734681	-6.281058	-0.099713	0.993501	-0.054895	0.319303	0.084202	0.943904	0.942392	0.076591	-0.325624	
13706								2021	08	20	14	51	29.289	7.426864	1.466602	-6.359722	-0.102664	0.992702	-0.063270	0.265186	0.088619	0.960116	0.958716	0.081791	-0.272348	
13707								2021	08	20	14	51	29.306	8.575438	0.067269	-6.602715	-0.104718	0.991685	-0.074801	0.208639	0.095447	0.973324	0.972370	0.086318	-0.216899	
13708								2021	08	20	14	51	29.323	7.926890	-0.230341	-5.485154	-0.104664	0.990224	-0.092206	0.152419	0.107591	0.982442	0.982758	0.088772	-0.162190	
13709								2021	08	20	14	51	29.339	8.244882	0.786208	-3.650098	-0.105507	0.988226	-0.110804	0.101083	0.121507	0.987430	0.989268	0.092980	-0.112712	
13710								2021	08	20	14	51	29.356	9.400057	1.807494	-1.926417	-0.107530	0.986173	-0.126096	0.056115	0.132649	0.989573	0.992617	0.099333	-0.069602	
13711								2021	08	20	14	51	29.373	9.417246	2.258851	0.047392	-0.108452	0.984352	-0.138885	0.018621	0.141697	0.989735	0.993927	0.104753	-0.033697	
13712								2021	08	20	14	51	29.389	9.889567	2.915878	3.484693	-0.106736	0.983100	-0.148734	-0.009218	0.148604	0.988854	0.994245	0.106917	-0.006799	
13713								2021	08	20	14	51	29.406	9.514645	2.835726	5.659958	-0.100765	0.983496	-0.150276	-0.025304	0.148463	0.988594	0.994588	0.103418	0.009927	
13714								2021	08	20	14	51	29.423	7.254915	1.735863	5.991944	-0.091720	0.985429	-0.143237	-0.022407	0.141764	0.989647	0.995533	0.093980	0.009077	
13715								2021	08	20	14	51	29.439	4.458042	1.825877	3.313139	-0.084138	0.987959	-0.129835	0.019219	0.131882	0.991079	0.996269	0.080892	-0.030084	
13716								2021	08	20	14	51	29.456	11.577742	0.776434	-4.024913	-0.078476	0.989720	-0.119569	0.052511	0.123876	0.990907	0.995532	0.071483	-0.061692	
13717								2021	08	20	14	51	29.473	13.274111	2.910837	-1.142669	-0.075816	0.990608	-0.113786	0.071531	0.119224	0.990287	0.994553	0.066941	-0.079899	
13718								2021	08	20	14	51	29.489	11.053501	-1.155660	-0.830887	-0.075582	0.991197	-0.108702	0.088828	0.115273	0.989354	0.993175	0.065122	-0.096759	
13719								2021	08	20	14	51	29.506	10.789085	-0.910918	-3.469916	-0.071175	0.990614	-0.116692	0.108544	0.123986	0.986329	0.991540	0.057536	-0.116350	
13720								2021	08	20	14	51	29.523	9.393622	0.593893	-5.048569	-0.066931	0.990234	-0.122297	0.127215	0.130041	0.983314	0.989614	0.050256	-0.134677	
13721								2021	08	20	14	51	29.539	8.585333	-0.175538	-5.985311	-0.066064	0.990029	-0.124408	0.144332	0.132851	0.980571	0.987322	0.046825	-0.151669	
13722								2021	08	20	14	51	29.556	8.884399	-0.775607	-5.939441	-0.065884	0.989227	-0.130726	0.160222	0.139799	0.977131	0.984880	0.043432	-0.167706	
13723								2021	08	20	14	51	29.573	9.602279	0.508496	-5.081200	-0.064703	0.988067	-0.139777	0.176352	0.149187	0.972956	0.982198	0.038303	-0.183900	
13724								2021	08	20	14	51	29.589	9.477949	1.244099	-4.950362	-0.062846	0.987386	-0.145322	0.191174	0.154823	0.969269	0.979542	0.033133	-0.198492	
13725								2021	08	20	14	51	29.606	8.880542	0.416560	-4.868234	-0.060430	0.987140	-0.147999	0.204765	0.157376	0.966077	0.976944	0.028075	-0.211642	
13726								2021	08	20	14	51	29.623	9.079615	0.237814	-4.359806	-0.058064	0.986938	-0.150274	0.217661	0.159422	0.962917	0.974296	0.023202	-0.224075	
13727								2021	08	20	14	51	29.639	9.434221	0.131339	-4.144245	-0.055785	0.986953	-0.151036	0.229936	0.159905	0.959979	0.971606	0.018824	-0.235856	
13728								2021	08	20	14	51	29.656	9.401102	-0.066393	-4.189614	-0.053330	0.987183	-0.150416	0.241486	0.158909	0.957305	0.968938	0.014730	-0.246865	
13729								2021	08	20	14	51	29.673	9.448056	-0.252978	-4.057760	-0.050427	0.987736	-0.147765	0.252487	0.155755	0.954982	0.966285	0.010848	-0.257244	
13730								2021	08	20	14	51	29.689	9.406406	-0.276481	-4.251417	-0.046577	0.988789	-0.141872	0.262948	0.149154	0.953211	0.963685	0.007093	-0.266947	
13731								2021	08	20	14	51	29.706	9.077532	-0.316607	-4.162241	-0.042079	0.990077	-0.134075	0.273302	0.140482	0.951615	0.961008	0.003400	-0.276501	
13732								2021	08	20	14	51	29.723	9.045325	-0.460308	-3.775414	-0.037854	0.991301	-0.126054	0.283071	0.131615	0.950025	0.958352	0.000280	-0.285591	
13733								2021	08	20	14	51	29.739	9.387704	-0.614398	-3.469193	-0.034165	0.992343	-0.118696	0.292192	0.123494	0.948353	0.955749	-0.002282	-0.294174	
13734								2021	08	20	14	51	29.756	9.371071	-0.548116	-3.236615	-0.030739	0.993216	-0.112144	0.300663	0.116189	0.946627	0.953235	-0.004619	-0.302194	
13735								2021	08	20	14	51	29.773	9.213825	-0.620526	-3.036008	-0.027649	0.993914	-0.106633	0.308866	0.109949	0.944729	0.950703	-0.006815	-0.310027	
13736								2021	08	20	14	51	29.789	9.276481	-0.331375	-2.678763	-0.024619	0.994444	-0.102345	0.317065	0.104858	0.942589	0.948084	-0.009245	-0.317885	
13737								2021	08	20	14	51	29.806	9.415757	-0.229127	-2.460721	-0.021678	0.995014	-0.097349	0.325326	0.099093	0.940395	0.945353	-0.011284	-0.325852	
13738								2021	08	20	14	51	29.823	9.452939	-0.181555	-2.247158	-0.019127	0.995631	-0.091398	0.333487	0.092532	0.938203	0.942561	-0.012535	-0.333800	
13739								2021	08	20	14	51	29.839	9.526204	-0.551033	-2.262276	-0.016905	0.996140	-0.086137	0.341993	0.086714	0.935693	0.939550	-0.013641	-0.342139	
13740								2021	08	20	14	51	29.856	9.267534	-0.322837	-2.449406	-0.014593	0.996603	-0.081055	0.350766	0.081015	0.932952	0.936349	-0.014816	-0.350757	
13741								2021	08	20	14	51	29.873	9.198755	-0.296253	-2.540020	-0.012443	0.997065	-0.075541	0.359921	0.074949	0.929968	0.932900	-0.015617	-0.359797	
13742								2021	08	20	14	51	29.889	9.261959	-0.410685	-2.585356	-0.010736	0.997528	-0.069446	0.369488	0.068493	0.926708	0.929173	-0.015711	-0.369310	
13743								2021	08	20	14	51	29.906	9.234960	-0.408878	-2.969108	-0.009409	0.997893	-0.064202	0.379457	0.062965	0.923064	0.925162	-0.015677	-0.379250	
13744								2021	08	20	14	51	29.923	8.954341	-0.458532	-3.124029	-0.008368	0.998229	-0.058893	0.389910	0.057490	0.919057	0.920815	-0.015272	-0.389700	
13745								2021	08	20	14	51	29.939	8.821947	-0.700033	-3.366944	-0.007990	0.998489	-0.054369	0.400446	0.053015	0.914785	0.916286	-0.014463	-0.400264	
13746								2021	08	20	14	51	29.956	8.924400	-0.904860	-3.550670	-0.008396	0.998604	-0.052143	0.411143	0.050980	0.910144	0.911532	-0.013796	-0.410997	
13747								2021	08	20	14	51	29.973	9.156511	-0.381976	-3.978592	-0.008753	0.998580	-0.052553	0.422494	0.051326	0.904912	0.906324	-0.014283	-0.422343	
13748								2021	08	20	14	51	29.989	8.785551	-0.004743	-3.947944	-0.008842	0.998618	-0.051798	0.433896	0.050501	0.899546	0.900919	-0.014521	-0.433744	
13749								2021	08	20	14	51	30.006	8.795634	-0.912072	-3.971747	-0.009250	0.998779	-0.048532	0.445283	0.047571	0.894125	0.895342	-0.013340	-0.445179	
13750								2021	08	20	14	51	30.023	9.139985	-1.122891	-3.679592	-0.009767	0.998871	-0.046492	0.457093	0.045812	0.888238	0.889365	-0.012576	-0.457024	
13751								2021	08	20	14	51	30.039	9.423234	-0.615070	-3.336188	-0.010249	0.998988	-0.043796	0.469624	0.043477	0.881796	0.882807	-0.011530	-0.469594	
13752								2021	08	20	14	51	30.056	9.100545	-0.520403	-3.087945	-0.011329	0.999138	-0.039927	0.482573	0.040435	0.874922	0.875782	-0.009356	-0.482615	
13753								2021	08	20	14	51	30.073	8.960999	-0.577276	-2.998515	-0.013159	0.999261	-0.036116	0.495751	0.037887	0.867638	0.868365	-0.006487	-0.495883	
13754								2021	08	20	14	51	30.089	9.254777	-0.835259	-2.718815	-0.015638	0.999367	-0.031965	0.509178	0.035473	0.859930	0.860519	-0.002828	-0.509410	
13755								2021	08	20	14	51	30.106	9.752928	-0.960835	-2.347414	-0.018435	0.999473	-0.026706	0.522814	0.032404	0.851831	0.852247	0.001741	-0.523136	
13756								2021	08	20	14	51	30.123	10.126003	-1.270217	-2.018869	-0.021483	0.999596	-0.018613	0.536626	0.027237	0.843381	0.843547	0.008130	-0.536994	
13757								2021	08	20	14	51	30.139	10.734624	-0.347489	-1.235025	-0.024901	0.999636	-0.010371	0.551080	0.022381	0.834152	0.834081	0.015056	-0.551437	
13758								2021	08	20	14	51	30.156	11.410196	0.410084	-0.311156	-0.028308	0.999599	-0.000925	0.567145	0.016824	0.823446	0.823131	0.022786	-0.567394	
13759								2021	08	20	14	51	30.173	12.023514	1.229921	0.756813	-0.032618	0.999426	0.009147	0.585164	0.011677	0.810831	0.810259	0.031800	-0.585209	
13760								2021	08	20	14	51	30.189	12.379714	2.341011	2.235105	-0.037324	0.999146	0.017711	0.606978	0.008588	0.794672	0.793842	0.040411	-0.606780	
13761								2021	08	20	14	51	30.206	12.617083	3.031454	2.403479	-0.041844	0.998802	0.025360	0.633932	0.006922	0.773358	0.772256	0.048437	-0.633462	
13762								2021	08	20	14	51	30.223	13.415587	3.687383	0.893054	-0.044386	0.998462	0.033228	0.661752	0.004468	0.749709	0.748407	0.055266	-0.660933	
13763								2021	08	20	14	51	30.239	14.216319	3.406594	-1.684301	-0.045569	0.997823	0.047664	0.687824	-0.003262	0.725870	0.724446	0.065862	-0.686178	
13764								2021	08	20	14	51	30.256	13.155976	2.751715	-3.884732	-0.045825	0.996952	0.063145	0.708597	-0.012115	0.705509	0.704123	0.077074	-0.705882	
13765								2021	08	20	14	51	30.273	10.531694	2.124417	-7.390227	-0.044377	0.995872	0.079185	0.726440	-0.022244	0.686870	0.685796	0.088004	-0.722453	
13766								2021	08	20	14	51	30.289	7.405707	1.885910	-10.680287	-0.039859	0.994236	0.099531	0.743093	-0.037098	0.668159	0.668000	0.100593	-0.737331	
13767								2021	08	20	14	51	30.306	7.501762	1.327860	-11.259253	-0.032257	0.991409	0.126759	0.760118	-0.058017	0.647190	0.648984	0.117228	-0.751716	
13768								2021	08	20	14	51	30.323	8.127115	1.272992	-11.432209	-0.021882	0.988463	0.149875	0.773395	-0.078262	0.629075	0.633547	0.129678	-0.762760	
13769								2021	08	20	14	51	30.339	7.976202	2.559967	-10.654127	-0.011986	0.985302	0.170403	0.781109	-0.097169	0.616788	0.624280	0.140496	-0.768463	
13770								2021	08	20	14	51	30.356	7.341697	1.331930	-9.869858	-0.005249	0.981478	0.191505	0.782420	-0.115229	0.611997	0.622729	0.153050	-0.767323	
13771								2021	08	20	14	51	30.373	5.312660	0.513153	-9.702698	-0.000970	0.977658	0.210202	0.776924	-0.131605	0.615686	0.629594	0.163908	-0.759438	
13772								2021	08	20	14	51	30.389	4.076823	-0.186443	-9.667493	0.000858	0.973974	0.226658	0.767274	-0.146002	0.624479	0.641319	0.173373	-0.747430	
13773								2021	08	20	14	51	30.406	4.454038	-1.232080	-9.477329	0.000064	0.971686	0.236276	0.753949	-0.155264	0.638322	0.656933	0.178099	-0.732611	
