// Start Time: Unknown: 
// Update Rate: 100.0Hz 
// Filter Profile: human (46.1) 
// Firmware Version: 4.6.0
PacketCounter	SampleTimeFine	Year	Month	Day	Second	UTC_Nano	UTC_Year	UTC_Month	UTC_Day UTC_Hour	UTC_Minute	UTC_Second	UTC_Valid	Acc_X	Acc_Y	Acc_Z	Mat[1][1]	Mat[2][1]	Mat[3][1]	Mat[1][2]	Mat[2][2]	Mat[3][2]	Mat[1][3]	Mat[2][3]	Mat[3][3] 
4854														0.073468	-0.024412	9.814451	0.989478	0.144510	-0.007040	-0.144488	0.989500	0.003542	0.007478	-0.002487	0.999969	
4855														0.097881	0.000007	9.814451	0.988261	0.152453	-0.009864	-0.152446	0.988311	0.001521	0.009980	0.000000	0.999950	
4856														0.073393	-0.024332	9.741210	0.988875	0.148506	-0.008442	-0.148490	0.988911	0.002510	0.008721	-0.001228	0.999961	
4857														0.097660	-0.024252	9.765625	0.988871	0.148536	-0.008412	-0.148520	0.988906	0.002505	0.008691	-0.001228	0.999961	
6108														0.138862	-0.009782	9.841032	0.988865	0.148624	-0.007510	-0.148615	0.988894	0.001647	0.007671	-0.000512	0.999970	
6109														0.115256	0.012928	9.645391	0.988862	0.148648	-0.007473	-0.148639	0.988890	0.001644	0.007634	-0.000515	0.999971	
6110														0.089092	-0.036015	9.987068	0.988861	0.148658	-0.007465	-0.148650	0.988889	0.001646	0.007627	-0.000518	0.999971	
6111														0.091485	-0.012515	9.645214	0.988862	0.148651	-0.007445	-0.148643	0.988890	0.001630	0.007604	-0.000506	0.999971	
6112														0.063500	-0.012674	9.937902	0.988864	0.148638	-0.007409	-0.148631	0.988891	0.001613	0.007567	-0.000494	0.999971	
6113														0.065895	-0.013371	9.693779	0.988867	0.148617	-0.007400	-0.148609	0.988895	0.001630	0.007560	-0.000512	0.999971	
6114														0.016239	-0.015431	9.766484	0.988872	0.148584	-0.007410	-0.148576	0.988900	0.001618	0.007568	-0.000499	0.999971	
6115														0.038951	0.010307	9.815494	0.988866	0.148623	-0.007418	-0.148615	0.988894	0.001622	0.007577	-0.000501	0.999971	
6116														0.040175	0.010184	9.717843	0.988873	0.148574	-0.007460	-0.148566	0.988901	0.001599	0.007615	-0.000473	0.999971	
6117														0.087822	0.012961	9.840435	0.988872	0.148583	-0.007483	-0.148575	0.988900	0.001605	0.007639	-0.000475	0.999971	
6118														0.112102	0.038286	9.767378	0.988871	0.148587	-0.007521	-0.148579	0.988899	0.001612	0.007677	-0.000476	0.999970	
6119														0.088606	-0.011194	9.913751	0.988871	0.148581	-0.007544	-0.148573	0.988900	0.001617	0.007701	-0.000478	0.999970	
6120														0.089806	0.012565	9.693957	0.988872	0.148581	-0.007522	-0.148573	0.988900	0.001617	0.007679	-0.000481	0.999970	
6121														0.138826	-0.033364	9.865541	0.988872	0.148575	-0.007532	-0.148567	0.988901	0.001605	0.007687	-0.000469	0.999970	
6122														0.115635	-0.034853	9.743216	0.988873	0.148574	-0.007508	-0.148566	0.988901	0.001621	0.007666	-0.000487	0.999970	
6123														0.065761	-0.037000	9.815924	0.988872	0.148583	-0.007486	-0.148575	0.988900	0.001620	0.007644	-0.000490	0.999971	
6124														0.065464	-0.037001	9.815926	0.988870	0.148597	-0.007464	-0.148589	0.988898	0.001620	0.007622	-0.000493	0.999971	
6125														0.067394	-0.061745	9.718360	0.988871	0.148591	-0.007440	-0.148583	0.988899	0.001635	0.007601	-0.000511	0.999971	
6126														0.088115	-0.011626	9.816115	0.988870	0.148597	-0.007418	-0.148589	0.988898	0.001635	0.007579	-0.000515	0.999971	
6127														0.088163	-0.011697	9.791705	0.988873	0.148575	-0.007411	-0.148567	0.988901	0.001637	0.007572	-0.000518	0.999971	
6128														0.109687	0.038364	9.816225	0.988872	0.148584	-0.007376	-0.148576	0.988900	0.001619	0.007534	-0.000506	0.999971	
6129														0.062307	0.011620	9.766945	0.988871	0.148593	-0.007369	-0.148585	0.988898	0.001621	0.007528	-0.000508	0.999972	
6130														0.060136	0.060474	9.742367	0.988871	0.148591	-0.007365	-0.148583	0.988899	0.001592	0.007520	-0.000480	0.999972	
6131														0.034697	0.059686	9.815334	0.988870	0.148600	-0.007343	-0.148592	0.988897	0.001592	0.007498	-0.000483	0.999972	
6132														0.012131	0.034086	9.741909	0.988875	0.148567	-0.007355	-0.148560	0.988902	0.001565	0.007506	-0.000455	0.999972	
6133														0.037461	0.011073	9.766676	0.988873	0.148576	-0.007378	-0.148568	0.988901	0.001570	0.007529	-0.000456	0.999972	
6134														0.037610	0.011080	9.766675	0.988874	0.148573	-0.007401	-0.148565	0.988901	0.001575	0.007553	-0.000458	0.999971	
6135														0.088556	-0.035314	9.791797	0.988877	0.148552	-0.007424	-0.148544	0.988905	0.001581	0.007576	-0.000461	0.999971	
6136														0.088433	-0.035235	9.816208	0.988879	0.148536	-0.007447	-0.148528	0.988907	0.001586	0.007600	-0.000462	0.999971	
6137														0.138507	-0.057307	9.816831	0.988878	0.148544	-0.007470	-0.148537	0.988906	0.001592	0.007624	-0.000464	0.999971	
6138														0.162820	-0.056070	9.817102	0.988872	0.148584	-0.007450	-0.148576	0.988900	0.001576	0.007601	-0.000452	0.999971	
6139														0.138410	-0.057221	9.792424	0.988875	0.148562	-0.007428	-0.148555	0.988903	0.001576	0.007579	-0.000455	0.999971	
6140														0.112303	-0.034066	9.816484	0.988868	0.148609	-0.007402	-0.148601	0.988896	0.001606	0.007558	-0.000489	0.999971	
6141														0.061931	-0.012072	9.815860	0.988870	0.148603	-0.007351	-0.148595	0.988897	0.001587	0.007505	-0.000477	0.999972	
6142														0.036491	0.011157	9.766680	0.988869	0.148608	-0.007331	-0.148600	0.988896	0.001572	0.007483	-0.000465	0.999972	
6143														0.012234	0.010000	9.741994	0.988870	0.148601	-0.007339	-0.148594	0.988897	0.001575	0.007492	-0.000467	0.999972	
6144														0.033670	0.060078	9.790923	0.988868	0.148614	-0.007333	-0.148606	0.988895	0.001577	0.007485	-0.000470	0.999972	
6145														0.061004	0.012329	9.742542	0.988867	0.148623	-0.007371	-0.148615	0.988894	0.001584	0.007525	-0.000471	0.999972	
6146														0.035608	0.035487	9.742183	0.988868	0.148614	-0.007377	-0.148606	0.988895	0.001603	0.007533	-0.000489	0.999972	
6147														0.085135	0.013502	9.791638	0.988866	0.148623	-0.007415	-0.148615	0.988894	0.001610	0.007572	-0.000490	0.999971	
6148														0.086098	-0.010880	9.816134	0.988867	0.148616	-0.007407	-0.148608	0.988895	0.001627	0.007566	-0.000508	0.999971	
6149														0.086097	-0.010801	9.816134	0.988868	0.148610	-0.007434	-0.148602	0.988896	0.001602	0.007589	-0.000480	0.999971	
6150														0.112548	-0.034005	9.743255	0.988866	0.148625	-0.007444	-0.148618	0.988893	0.001591	0.007597	-0.000467	0.999971	
6151														0.062595	-0.035897	9.840359	0.988867	0.148619	-0.007439	-0.148611	0.988894	0.001577	0.007590	-0.000454	0.999971	
6152														0.087661	-0.034871	9.767397	0.988867	0.148615	-0.007431	-0.148608	0.988895	0.001579	0.007583	-0.000457	0.999971	
6153														0.062926	-0.035965	9.791536	0.988868	0.148609	-0.007439	-0.148601	0.988896	0.001582	0.007592	-0.000459	0.999971	
6154														0.086145	-0.010481	9.791724	0.988869	0.148602	-0.007445	-0.148595	0.988897	0.001601	0.007601	-0.000477	0.999971	
6155														0.061486	-0.011648	9.815863	0.988868	0.148611	-0.007453	-0.148603	0.988896	0.001605	0.007609	-0.000479	0.999971	
6156														0.084830	0.013837	9.791640	0.988871	0.148589	-0.007431	-0.148581	0.988899	0.001604	0.007587	-0.000482	0.999971	
6157														0.083284	0.038293	9.791558	0.988870	0.148597	-0.007395	-0.148590	0.988898	0.001587	0.007549	-0.000470	0.999971	
6158														0.082910	0.038289	9.791561	0.988870	0.148602	-0.007371	-0.148594	0.988897	0.001602	0.007528	-0.000489	0.999972	
6159														0.083861	0.013753	9.791649	0.988871	0.148596	-0.007363	-0.148588	0.988898	0.001619	0.007521	-0.000507	0.999972	
6160														0.034052	0.035646	9.766599	0.988870	0.148601	-0.007356	-0.148593	0.988897	0.001620	0.007515	-0.000509	0.999972	
6161														0.060712	-0.012021	9.767046	0.988864	0.148641	-0.007362	-0.148633	0.988891	0.001639	0.007524	-0.000526	0.999972	
6162														0.059107	0.012439	9.791375	0.988865	0.148635	-0.007342	-0.148627	0.988892	0.001624	0.007502	-0.000514	0.999972	
6163														0.061816	-0.036398	9.767131	0.988865	0.148629	-0.007393	-0.148621	0.988893	0.001648	0.007556	-0.000531	0.999971	
6164														0.084835	-0.010605	9.816145	0.988868	0.148610	-0.007436	-0.148602	0.988896	0.001625	0.007595	-0.000502	0.999971	
6165														0.084908	-0.010525	9.816145	0.988869	0.148604	-0.007427	-0.148596	0.988897	0.001642	0.007588	-0.000520	0.999971	
6166														0.109295	-0.009416	9.816421	0.988871	0.148589	-0.007451	-0.148581	0.988899	0.001647	0.007613	-0.000522	0.999971	
6167														0.134432	-0.032699	9.841196	0.988872	0.148584	-0.007410	-0.148575	0.988900	0.001675	0.007576	-0.000556	0.999971	
6168														0.108219	-0.009652	9.865251	0.988875	0.148568	-0.007385	-0.148559	0.988902	0.001690	0.007555	-0.000574	0.999971	
6169														0.085414	-0.035510	9.791824	0.988874	0.148577	-0.007333	-0.148568	0.988901	0.001686	0.007502	-0.000578	0.999972	
6170														0.083864	-0.011279	9.791743	0.988876	0.148563	-0.007322	-0.148555	0.988903	0.001718	0.007496	-0.000611	0.999972	
6171														0.083499	-0.011583	9.791746	0.988875	0.148573	-0.007266	-0.148564	0.988901	0.001744	0.007444	-0.000645	0.999972	
6172														0.058671	-0.012924	9.791468	0.988880	0.148539	-0.007243	-0.148530	0.988906	0.001745	0.007422	-0.000650	0.999972	
6173														0.057332	0.011160	9.766976	0.988879	0.148549	-0.007185	-0.148539	0.988905	0.001786	0.007370	-0.000699	0.999973	
6174														0.058002	-0.013531	9.767061	0.988877	0.148565	-0.007146	-0.148555	0.988902	0.001799	0.007334	-0.000718	0.999973	
6175														0.082304	-0.012491	9.742935	0.988878	0.148558	-0.007124	-0.148549	0.988903	0.001799	0.007312	-0.000721	0.999973	
6176														0.103881	0.037461	9.767472	0.988877	0.148563	-0.007130	-0.148553	0.988903	0.001818	0.007321	-0.000738	0.999973	
6177														0.055287	0.010754	9.840220	0.988874	0.148587	-0.007106	-0.148578	0.988899	0.001832	0.007300	-0.000756	0.999973	
6178														0.054894	0.034868	9.766904	0.988877	0.148562	-0.007129	-0.148553	0.988903	0.001838	0.007323	-0.000758	0.999973	
6179														0.080391	0.011677	9.767271	0.988872	0.148601	-0.007107	-0.148592	0.988897	0.001837	0.007301	-0.000761	0.999973	
6180														0.080239	0.011828	9.767272	0.988875	0.148579	-0.007119	-0.148569	0.988900	0.001810	0.007309	-0.000733	0.999973	
6181														0.057507	-0.037925	9.815972	0.988874	0.148588	-0.007095	-0.148579	0.988899	0.001825	0.007287	-0.000751	0.999973	
6182														0.032001	-0.014877	9.791193	0.988879	0.148556	-0.007088	-0.148547	0.988904	0.001827	0.007281	-0.000753	0.999973	
6183														0.082179	-0.037015	9.767437	0.988879	0.148550	-0.007094	-0.148541	0.988905	0.001845	0.007289	-0.000771	0.999973	
6184														0.081600	-0.036953	9.816261	0.988878	0.148558	-0.007103	-0.148548	0.988903	0.001849	0.007299	-0.000774	0.999973	
6185														0.105985	-0.035752	9.816548	0.988877	0.148567	-0.007111	-0.148557	0.988902	0.001853	0.007307	-0.000776	0.999973	
6186														0.105008	-0.011430	9.792057	0.988880	0.148547	-0.007104	-0.148537	0.988905	0.001855	0.007300	-0.000779	0.999973	
6187														0.054531	0.010626	9.815814	0.988879	0.148556	-0.007081	-0.148546	0.988904	0.001854	0.007278	-0.000782	0.999973	
6188														0.080473	-0.012766	9.767360	0.988874	0.148585	-0.007073	-0.148575	0.988899	0.001871	0.007272	-0.000799	0.999973	
6189														0.053251	0.034948	9.791323	0.988873	0.148593	-0.007070	-0.148584	0.988898	0.001842	0.007265	-0.000771	0.999973	
6190														0.029839	0.009512	9.791115	0.988871	0.148611	-0.007047	-0.148601	0.988895	0.001842	0.007243	-0.000775	0.999973	
6191														0.054366	0.010646	9.766994	0.988872	0.148604	-0.007055	-0.148595	0.988896	0.001846	0.007251	-0.000777	0.999973	
6192														0.054147	0.010718	9.791405	0.988872	0.148603	-0.007078	-0.148593	0.988897	0.001851	0.007274	-0.000779	0.999973	
6193														0.054224	0.010649	9.791405	0.988873	0.148597	-0.007084	-0.148587	0.988898	0.001870	0.007283	-0.000797	0.999973	
6194														0.103832	-0.011263	9.840887	0.988874	0.148582	-0.007138	-0.148572	0.988900	0.001880	0.007338	-0.000798	0.999973	
6195														0.106976	-0.060231	9.792222	0.988875	0.148576	-0.007129	-0.148566	0.988901	0.001896	0.007332	-0.000816	0.999973	
6196														0.128511	-0.010190	9.816764	0.988876	0.148571	-0.007124	-0.148562	0.988901	0.001883	0.007325	-0.000804	0.999973	
6197														0.081020	-0.037051	9.791856	0.988877	0.148565	-0.007100	-0.148555	0.988902	0.001898	0.007303	-0.000822	0.999973	
6198														0.104811	-0.035781	9.816561	0.988875	0.148582	-0.007079	-0.148573	0.988900	0.001883	0.007281	-0.000810	0.999973	
6199														0.054985	-0.013801	9.791488	0.988876	0.148576	-0.007088	-0.148567	0.988901	0.001886	0.007289	-0.000812	0.999973	
6200														0.054911	-0.013799	9.791489	0.988874	0.148585	-0.007081	-0.148575	0.988899	0.001888	0.007283	-0.000815	0.999973	
6201														0.054688	-0.013799	9.791490	0.988871	0.148609	-0.007058	-0.148599	0.988896	0.001888	0.007261	-0.000818	0.999973	
6202														0.052196	0.034971	9.791329	0.988874	0.148585	-0.007082	-0.148575	0.988899	0.001893	0.007284	-0.000820	0.999973	
6203														0.079072	-0.012580	9.791782	0.988873	0.148594	-0.007090	-0.148584	0.988898	0.001897	0.007293	-0.000822	0.999973	
6204														0.078154	0.011891	9.767289	0.988875	0.148582	-0.007101	-0.148573	0.988900	0.001871	0.007300	-0.000795	0.999973	
6205														0.100657	0.037697	9.816324	0.988873	0.148591	-0.007092	-0.148582	0.988898	0.001887	0.007294	-0.000813	0.999973	
6206														0.079764	-0.036740	9.816277	0.988873	0.148592	-0.007086	-0.148582	0.988898	0.001889	0.007288	-0.000815	0.999973	
6207														0.079615	-0.036740	9.816278	0.988874	0.148585	-0.007079	-0.148576	0.988899	0.001891	0.007282	-0.000818	0.999973	
6208														0.054170	-0.013711	9.791493	0.988874	0.148589	-0.007070	-0.148579	0.988899	0.001908	0.007275	-0.000836	0.999973	
6209														0.055535	-0.038234	9.767162	0.988870	0.148613	-0.007063	-0.148603	0.988895	0.001910	0.007269	-0.000839	0.999973	
6210														0.079622	-0.036947	9.791868	0.988873	0.148596	-0.007087	-0.148586	0.988898	0.001915	0.007293	-0.000841	0.999973	
6211														0.053804	-0.013707	9.815905	0.988867	0.148635	-0.007095	-0.148625	0.988892	0.001919	0.007302	-0.000843	0.999973	
6212														0.078261	-0.012628	9.791788	0.988867	0.148636	-0.007056	-0.148626	0.988892	0.001932	0.007265	-0.000862	0.999973	
6213														0.102716	-0.011401	9.767672	0.988868	0.148629	-0.007068	-0.148619	0.988893	0.001905	0.007273	-0.000833	0.999973	
6214														0.078257	-0.012468	9.767379	0.988865	0.148646	-0.007061	-0.148636	0.988890	0.001907	0.007266	-0.000836	0.999973	
6215														0.100746	0.013348	9.816417	0.988866	0.148639	-0.007071	-0.148630	0.988891	0.001895	0.007274	-0.000823	0.999973	
6216														0.076289	0.012128	9.816123	0.988867	0.148632	-0.007062	-0.148623	0.988892	0.001912	0.007268	-0.000841	0.999973	
6217														0.076141	0.012054	9.816124	0.988868	0.148626	-0.007055	-0.148616	0.988893	0.001914	0.007261	-0.000844	0.999973	
6218														0.053133	-0.013619	9.791499	0.988867	0.148638	-0.007049	-0.148628	0.988891	0.001915	0.007255	-0.000846	0.999973	
6219														0.053210	-0.013685	9.767088	0.988865	0.148647	-0.007027	-0.148637	0.988890	0.001915	0.007233	-0.000849	0.999973	
6220														0.029678	-0.039152	9.791286	0.988864	0.148655	-0.007052	-0.148645	0.988889	0.001906	0.007257	-0.000837	0.999973	
6221														0.078817	-0.036759	9.767465	0.988865	0.148649	-0.007058	-0.148639	0.988890	0.001925	0.007266	-0.000854	0.999973	
6222														0.052688	-0.013539	9.815912	0.988862	0.148665	-0.007082	-0.148655	0.988887	0.001930	0.007290	-0.000856	0.999973	
6223														0.077070	-0.012306	9.816208	0.988863	0.148658	-0.007075	-0.148648	0.988888	0.001932	0.007284	-0.000859	0.999973	
6224														0.075694	0.012005	9.816128	0.988860	0.148678	-0.007066	-0.148668	0.988885	0.001948	0.007278	-0.000876	0.999973	
6225														0.077075	-0.012443	9.791798	0.988864	0.148657	-0.007061	-0.148647	0.988888	0.001935	0.007270	-0.000864	0.999973	
6226														0.100148	0.013325	9.792014	0.988859	0.148687	-0.007072	-0.148677	0.988884	0.001924	0.007279	-0.000851	0.999973	
6227														0.078080	-0.036594	9.791881	0.988858	0.148696	-0.007049	-0.148686	0.988883	0.001923	0.007257	-0.000854	0.999973	
6228														0.052849	-0.013654	9.742679	0.988857	0.148702	-0.007041	-0.148692	0.988882	0.001940	0.007251	-0.000872	0.999973	
6229														0.076176	-0.012219	9.816215	0.988856	0.148710	-0.007035	-0.148700	0.988880	0.001927	0.007244	-0.000859	0.999973	
6230														0.076330	-0.012284	9.791804	0.988856	0.148712	-0.007027	-0.148702	0.988880	0.001944	0.007238	-0.000877	0.999973	
6231														0.077722	-0.036807	9.767474	0.988857	0.148706	-0.007020	-0.148696	0.988881	0.001946	0.007231	-0.000880	0.999973	
6232														0.050191	0.010780	9.815837	0.988858	0.148696	-0.007026	-0.148685	0.988883	0.001964	0.007240	-0.000898	0.999973	
6233														0.101730	-0.035571	9.792185	0.988859	0.148689	-0.007036	-0.148679	0.988884	0.001952	0.007248	-0.000885	0.999973	
6234														0.076037	-0.012346	9.791806	0.988853	0.148730	-0.007028	-0.148720	0.988877	0.001954	0.007241	-0.000887	0.999973	
6235														0.075511	-0.012277	9.816220	0.988852	0.148739	-0.007006	-0.148729	0.988876	0.001954	0.007219	-0.000890	0.999974	
6236														0.075825	-0.012558	9.767398	0.988847	0.148772	-0.006981	-0.148762	0.988871	0.001983	0.007198	-0.000923	0.999974	
6237														0.026836	-0.014971	9.791208	0.988847	0.148765	-0.007038	-0.148755	0.988872	0.001962	0.007251	-0.000893	0.999973	
6238														0.073590	0.012179	9.864963	0.988848	0.148763	-0.007029	-0.148752	0.988873	0.001979	0.007245	-0.000911	0.999973	
6239														0.028505	-0.015291	9.669148	0.988851	0.148741	-0.007052	-0.148731	0.988876	0.001984	0.007269	-0.000913	0.999973	
6240														0.072985	0.012241	9.913787	0.988854	0.148720	-0.007045	-0.148709	0.988879	0.001986	0.007263	-0.000916	0.999973	
6241														0.077991	-0.037265	9.694242	0.988855	0.148714	-0.007020	-0.148703	0.988880	0.002016	0.007241	-0.000950	0.999973	
6242														0.099762	-0.011449	9.792111	0.988855	0.148715	-0.007029	-0.148705	0.988880	0.002005	0.007249	-0.000937	0.999973	
6243														0.075563	-0.036808	9.865129	0.988858	0.148694	-0.007007	-0.148684	0.988883	0.002005	0.007227	-0.000941	0.999973	
6244														0.076462	-0.012952	9.669754	0.988855	0.148715	-0.006985	-0.148705	0.988880	0.002005	0.007206	-0.000944	0.999974	
6245														0.073634	-0.012286	9.889463	0.988856	0.148709	-0.007010	-0.148698	0.988881	0.001995	0.007229	-0.000931	0.999973	
6246														0.025463	0.009134	9.742305	0.988854	0.148723	-0.007000	-0.148712	0.988878	0.002027	0.007224	-0.000964	0.999973	
6247														0.050483	-0.013937	9.791512	0.988855	0.148717	-0.007025	-0.148706	0.988879	0.002018	0.007247	-0.000951	0.999973	
6248														0.073611	0.011774	9.791734	0.988856	0.148708	-0.007019	-0.148698	0.988881	0.002019	0.007241	-0.000953	0.999973	
6249														0.049843	0.010395	9.742607	0.988857	0.148702	-0.007042	-0.148691	0.988882	0.002025	0.007265	-0.000955	0.999973	
6250														0.074329	-0.012542	9.840638	0.988857	0.148702	-0.007048	-0.148691	0.988882	0.002044	0.007274	-0.000973	0.999973	
6251														0.097993	0.012966	9.792036	0.988858	0.148695	-0.007043	-0.148684	0.988883	0.002030	0.007267	-0.000960	0.999973	
6252														0.099549	-0.011327	9.767705	0.988859	0.148690	-0.007068	-0.148679	0.988883	0.002020	0.007290	-0.000947	0.999973	
6253														0.099242	-0.011182	9.792117	0.988860	0.148684	-0.007061	-0.148673	0.988884	0.002022	0.007284	-0.000950	0.999973	
6254														0.051589	-0.038074	9.791595	0.988857	0.148701	-0.007055	-0.148691	0.988882	0.002024	0.007277	-0.000953	0.999973	
6255														0.049723	-0.013556	9.840337	0.988856	0.148710	-0.007078	-0.148699	0.988880	0.002029	0.007301	-0.000954	0.999973	
6256														0.075635	-0.012620	9.718580	0.988853	0.148725	-0.007072	-0.148714	0.988878	0.002031	0.007295	-0.000957	0.999973	
6257														0.075593	-0.036660	9.816310	0.988852	0.148733	-0.007082	-0.148723	0.988877	0.002020	0.007303	-0.000944	0.999973	
6258														0.050186	-0.013527	9.791514	0.988849	0.148756	-0.007075	-0.148746	0.988873	0.002022	0.007297	-0.000947	0.999973	
6259														0.074415	-0.012190	9.791819	0.988850	0.148750	-0.007069	-0.148739	0.988874	0.002008	0.007290	-0.000934	0.999973	
6260														0.096769	0.013586	9.840866	0.988851	0.148743	-0.007061	-0.148732	0.988875	0.002025	0.007284	-0.000952	0.999973	
6261														0.074659	-0.012323	9.742997	0.988852	0.148736	-0.007041	-0.148726	0.988876	0.002010	0.007262	-0.000940	0.999973	
6262														0.072013	0.012400	9.840565	0.988848	0.148761	-0.007050	-0.148750	0.988873	0.002013	0.007271	-0.000942	0.999973	
6263														0.073819	-0.012110	9.791823	0.988849	0.148755	-0.007043	-0.148744	0.988874	0.002015	0.007264	-0.000945	0.999973	
6264														0.073744	-0.012031	9.791824	0.988847	0.148770	-0.007053	-0.148760	0.988871	0.002003	0.007272	-0.000931	0.999973	
6265														0.073670	-0.012027	9.791824	0.988848	0.148764	-0.007044	-0.148754	0.988872	0.002019	0.007266	-0.000949	0.999973	
6266														0.049603	-0.013433	9.767107	0.988851	0.148739	-0.007066	-0.148729	0.988876	0.002025	0.007289	-0.000951	0.999973	
6267														0.073595	-0.011947	9.791825	0.988850	0.148748	-0.007048	-0.148737	0.988875	0.001994	0.007266	-0.000924	0.999973	
6268														0.071482	0.012642	9.840568	0.988852	0.148736	-0.007039	-0.148726	0.988876	0.002011	0.007260	-0.000941	0.999973	
6269														0.097985	-0.010665	9.767721	0.988850	0.148745	-0.007050	-0.148735	0.988875	0.001999	0.007268	-0.000928	0.999973	
6270														0.097525	-0.010520	9.792135	0.988848	0.148760	-0.007028	-0.148750	0.988873	0.001999	0.007247	-0.000931	0.999973	
6271														0.071336	0.012805	9.816159	0.988847	0.148769	-0.007024	-0.148759	0.988872	0.001970	0.007239	-0.000903	0.999973	
6272														0.098419	-0.034599	9.792223	0.988847	0.148769	-0.007017	-0.148758	0.988872	0.001972	0.007232	-0.000906	0.999973	
6273														0.048165	-0.012768	9.791526	0.988846	0.148778	-0.006995	-0.148767	0.988870	0.001972	0.007211	-0.000909	0.999974	
6274														0.072249	-0.011568	9.791835	0.988844	0.148790	-0.006971	-0.148779	0.988868	0.001986	0.007189	-0.000927	0.999974	
6275														0.047411	-0.012850	9.815939	0.988843	0.148799	-0.006979	-0.148788	0.988867	0.001989	0.007197	-0.000929	0.999974	
6276														0.096868	-0.010346	9.767733	0.988842	0.148802	-0.007003	-0.148791	0.988867	0.001980	0.007220	-0.000916	0.999974	
6277														0.072030	-0.011630	9.791837	0.988839	0.148826	-0.006962	-0.148816	0.988863	0.002008	0.007183	-0.000950	0.999974	
6278														0.072125	-0.011845	9.767427	0.988837	0.148839	-0.006970	-0.148828	0.988861	0.002012	0.007191	-0.000952	0.999974	
6279														0.072052	-0.011840	9.767427	0.988836	0.148848	-0.006963	-0.148837	0.988860	0.002013	0.007185	-0.000954	0.999974	
6280														0.070068	0.012677	9.816168	0.988832	0.148873	-0.006971	-0.148862	0.988856	0.002017	0.007193	-0.000957	0.999974	
6281														0.071667	-0.011840	9.791839	0.988835	0.148852	-0.006977	-0.148841	0.988859	0.002036	0.007202	-0.000975	0.999974	
6282														0.070162	0.012464	9.791758	0.988832	0.148870	-0.006940	-0.148859	0.988856	0.002034	0.007166	-0.000978	0.999974	
6283														0.071614	-0.012058	9.767430	0.988838	0.148834	-0.006962	-0.148823	0.988862	0.002055	0.007190	-0.000996	0.999974	
6284														0.070018	0.012239	9.791760	0.988842	0.148804	-0.006953	-0.148793	0.988866	0.002072	0.007184	-0.001015	0.999974	
6285														0.072513	-0.036520	9.791924	0.988841	0.148813	-0.006963	-0.148802	0.988865	0.002061	0.007192	-0.001001	0.999974	
6286														0.071155	-0.012136	9.791843	0.988839	0.148826	-0.006954	-0.148815	0.988863	0.002077	0.007186	-0.001019	0.999974	
6287														0.071083	-0.012208	9.791843	0.988840	0.148819	-0.006962	-0.148808	0.988864	0.002081	0.007195	-0.001022	0.999974	
6288														0.095460	-0.010840	9.792155	0.988841	0.148812	-0.006973	-0.148801	0.988865	0.002069	0.007203	-0.001009	0.999974	
6289														0.071083	-0.012126	9.791843	0.988844	0.148791	-0.006979	-0.148780	0.988868	0.002088	0.007212	-0.001026	0.999973	
6290														0.095073	-0.010843	9.816568	0.988842	0.148804	-0.006973	-0.148793	0.988866	0.002090	0.007206	-0.001029	0.999974	
6291														0.070861	-0.012120	9.791845	0.988839	0.148827	-0.006967	-0.148816	0.988863	0.002076	0.007199	-0.001016	0.999974	
6292														0.070246	-0.012057	9.816259	0.988838	0.148834	-0.006928	-0.148823	0.988862	0.002090	0.007162	-0.001035	0.999974	
6293														0.070732	-0.012188	9.767436	0.988839	0.148828	-0.006953	-0.148817	0.988863	0.002080	0.007186	-0.001022	0.999974	
6294														0.071706	-0.036423	9.791931	0.988838	0.148831	-0.006946	-0.148820	0.988862	0.002082	0.007179	-0.001025	0.999974	
6295														0.068973	0.012263	9.791767	0.988837	0.148840	-0.006937	-0.148829	0.988861	0.002099	0.007173	-0.001043	0.999974	
6296														0.069067	0.012196	9.767357	0.988838	0.148835	-0.006917	-0.148824	0.988862	0.002083	0.007150	-0.001031	0.999974	
6297														0.069576	-0.012054	9.816264	0.988843	0.148799	-0.006923	-0.148788	0.988867	0.002102	0.007159	-0.001049	0.999974	
6298														0.068600	0.012264	9.791770	0.988839	0.148830	-0.006934	-0.148819	0.988862	0.002091	0.007168	-0.001035	0.999974	
6299														0.071116	-0.036339	9.791935	0.988835	0.148854	-0.006929	-0.148843	0.988859	0.002077	0.007161	-0.001022	0.999974	
6300														0.068687	0.012505	9.767359	0.988834	0.148858	-0.006923	-0.148847	0.988858	0.002064	0.007153	-0.001010	0.999974	
6301														0.093653	-0.010515	9.816582	0.988835	0.148852	-0.006928	-0.148841	0.988859	0.002098	0.007163	-0.001043	0.999974	
6302														0.069597	-0.011952	9.791854	0.988836	0.148848	-0.006937	-0.148837	0.988860	0.002086	0.007171	-0.001030	0.999974	
6303														0.094216	-0.010565	9.767759	0.988837	0.148842	-0.006932	-0.148831	0.988861	0.002073	0.007164	-0.001018	0.999974	
6304														0.069369	-0.011724	9.791856	0.988834	0.148859	-0.006925	-0.148848	0.988858	0.002074	0.007157	-0.001020	0.999974	
6305														0.094901	-0.034797	9.792257	0.988831	0.148883	-0.006918	-0.148872	0.988854	0.002076	0.007150	-0.001023	0.999974	
6306														0.093278	-0.010347	9.816585	0.988838	0.148830	-0.006942	-0.148819	0.988862	0.002081	0.007174	-0.001025	0.999974	
6307														0.067843	0.012661	9.791774	0.988837	0.148839	-0.006920	-0.148828	0.988861	0.002081	0.007152	-0.001028	0.999974	
6308														0.093051	-0.010197	9.816588	0.988841	0.148815	-0.006932	-0.148804	0.988865	0.002054	0.007160	-0.001000	0.999974	
6309														0.067292	0.012955	9.816188	0.988837	0.148839	-0.006923	-0.148828	0.988861	0.002071	0.007154	-0.001018	0.999974	
6310														0.092828	-0.010190	9.816590	0.988839	0.148827	-0.006915	-0.148816	0.988863	0.002073	0.007147	-0.001021	0.999974	
6311														0.068699	-0.011562	9.791861	0.988838	0.148835	-0.006923	-0.148824	0.988861	0.002076	0.007155	-0.001023	0.999974	
6312														0.093076	-0.010250	9.792179	0.988840	0.148817	-0.006931	-0.148806	0.988864	0.002080	0.007164	-0.001026	0.999974	
6313														0.068378	-0.011490	9.816273	0.988844	0.148796	-0.006939	-0.148785	0.988867	0.002084	0.007172	-0.001028	0.999974	
6314														0.093397	-0.010233	9.767767	0.988838	0.148830	-0.006950	-0.148819	0.988862	0.002072	0.007181	-0.001015	0.999974	
6315														0.069020	-0.011462	9.767449	0.988837	0.148839	-0.006958	-0.148828	0.988861	0.002076	0.007189	-0.001017	0.999974	
6316														0.093003	-0.010154	9.792179	0.988837	0.148841	-0.006949	-0.148830	0.988861	0.002093	0.007183	-0.001035	0.999974	
6317														0.068154	-0.011325	9.816275	0.988838	0.148835	-0.006945	-0.148824	0.988862	0.002064	0.007175	-0.001008	0.999974	
6318														0.092700	-0.009928	9.792182	0.988837	0.148837	-0.006938	-0.148826	0.988861	0.002066	0.007168	-0.001010	0.999974	
6319														0.092948	-0.009994	9.767771	0.988841	0.148816	-0.006946	-0.148805	0.988864	0.002070	0.007177	-0.001013	0.999974	
6320														0.068100	-0.011241	9.791866	0.988838	0.148833	-0.006924	-0.148822	0.988862	0.002070	0.007155	-0.001016	0.999974	
6321														0.093493	-0.034229	9.792272	0.988835	0.148857	-0.006904	-0.148846	0.988858	0.002054	0.007132	-0.001004	0.999974	
6322														0.042356	0.011904	9.767052	0.988837	0.148839	-0.006927	-0.148828	0.988861	0.002060	0.007157	-0.001006	0.999974	
6323														0.069118	-0.035462	9.791953	0.988836	0.148848	-0.006935	-0.148837	0.988860	0.002063	0.007165	-0.001008	0.999974	
6324														0.067797	-0.010930	9.791868	0.988838	0.148835	-0.006947	-0.148824	0.988862	0.002037	0.007173	-0.000980	0.999974	
6325														0.091774	-0.009466	9.816600	0.988836	0.148844	-0.006939	-0.148833	0.988860	0.002054	0.007167	-0.000998	0.999974	
6326														0.066255	0.013452	9.791784	0.988834	0.148859	-0.006932	-0.148848	0.988858	0.002055	0.007161	-0.001001	0.999974	
6327														0.067427	-0.010925	9.791871	0.988835	0.148852	-0.006925	-0.148842	0.988859	0.002057	0.007154	-0.001003	0.999974	
6328														0.092054	-0.009669	9.767780	0.988835	0.148856	-0.006933	-0.148845	0.988858	0.002061	0.007163	-0.001006	0.999974	
6329														0.091980	-0.009666	9.767781	0.988836	0.148850	-0.006926	-0.148839	0.988859	0.002063	0.007156	-0.001009	0.999974	
6330														0.065880	0.013534	9.791787	0.988835	0.148852	-0.006936	-0.148841	0.988859	0.002051	0.007164	-0.000996	0.999974	
6331														0.067301	-0.010766	9.767462	0.988836	0.148845	-0.006901	-0.148835	0.988860	0.002034	0.007127	-0.000984	0.999974	
6332														0.066819	-0.010398	9.791875	0.988837	0.148839	-0.006929	-0.148829	0.988861	0.001994	0.007149	-0.000940	0.999974	
6333														0.068318	-0.034696	9.767552	0.988836	0.148848	-0.006890	-0.148838	0.988860	0.002007	0.007112	-0.000959	0.999974	
6334														0.064719	0.014046	9.816203	0.988835	0.148853	-0.006881	-0.148843	0.988859	0.002024	0.007106	-0.000977	0.999974	
6335														0.090604	-0.009222	9.792203	0.988836	0.148847	-0.006872	-0.148837	0.988860	0.002041	0.007099	-0.000995	0.999974	
6336														0.090204	-0.009225	9.816615	0.988838	0.148835	-0.006880	-0.148824	0.988862	0.002044	0.007108	-0.000997	0.999974	
6337														0.066155	-0.010542	9.791880	0.988834	0.148859	-0.006890	-0.148848	0.988858	0.002032	0.007116	-0.000984	0.999974	
6338														0.066079	-0.010464	9.791880	0.988836	0.148849	-0.006884	-0.148838	0.988860	0.002034	0.007110	-0.000987	0.999974	
6339														0.065856	-0.010464	9.791882	0.988830	0.148888	-0.006862	-0.148877	0.988854	0.002034	0.007088	-0.000990	0.999974	
6340														0.065704	-0.010313	9.791883	0.988833	0.148868	-0.006874	-0.148858	0.988857	0.002007	0.007096	-0.000962	0.999974	
6341														0.065885	-0.010382	9.767472	0.988832	0.148877	-0.006848	-0.148867	0.988855	0.002037	0.007075	-0.000995	0.999974	
6342														0.039297	0.012649	9.815884	0.988829	0.148900	-0.006842	-0.148889	0.988852	0.002039	0.007069	-0.000998	0.999975	
6343														0.065263	-0.010460	9.791886	0.988829	0.148894	-0.006850	-0.148883	0.988853	0.002043	0.007078	-0.001000	0.999974	
6344														0.089639	-0.009118	9.792212	0.988828	0.148905	-0.006858	-0.148895	0.988851	0.002046	0.007086	-0.001002	0.999974	
6345														0.089971	-0.009178	9.767800	0.988824	0.148929	-0.006866	-0.148919	0.988847	0.002050	0.007095	-0.001004	0.999974	
6346														0.065115	-0.010371	9.791887	0.988825	0.148922	-0.006846	-0.148911	0.988849	0.002034	0.007073	-0.000992	0.999974	
6347														0.065295	-0.010366	9.767476	0.988828	0.148900	-0.006855	-0.148890	0.988852	0.002038	0.007082	-0.000995	0.999974	
6348														0.088932	-0.008812	9.816627	0.988829	0.148895	-0.006849	-0.148885	0.988852	0.002024	0.007074	-0.000982	0.999974	
6349														0.089372	-0.008950	9.767806	0.988826	0.148920	-0.006825	-0.148909	0.988849	0.002039	0.007053	-0.001000	0.999975	
6350														0.065786	-0.034674	9.791979	0.988827	0.148913	-0.006818	-0.148903	0.988850	0.002041	0.007046	-0.001003	0.999975	
6351														0.064703	-0.010363	9.767480	0.988825	0.148922	-0.006826	-0.148912	0.988848	0.002044	0.007054	-0.001005	0.999975	
6352														0.088339	-0.008876	9.816632	0.988823	0.148936	-0.006819	-0.148925	0.988846	0.002046	0.007048	-0.001007	0.999975	
6353														0.062469	0.014233	9.816218	0.988822	0.148945	-0.006814	-0.148934	0.988845	0.002032	0.007041	-0.000995	0.999975	
6354														0.062240	0.014381	9.816219	0.988823	0.148936	-0.006794	-0.148926	0.988846	0.002017	0.007019	-0.000982	0.999975	
6355														0.038381	0.012968	9.767067	0.988827	0.148915	-0.006803	-0.148904	0.988850	0.002020	0.007028	-0.000985	0.999975	
6356														0.064509	-0.010052	9.743072	0.988825	0.148926	-0.006828	-0.148915	0.988848	0.002011	0.007051	-0.000972	0.999975	
6357														0.088142	-0.008561	9.792226	0.988826	0.148920	-0.006804	-0.148909	0.988849	0.002026	0.007030	-0.000990	0.999975	
6358														0.063881	-0.010056	9.767486	0.988828	0.148909	-0.006797	-0.148899	0.988850	0.002028	0.007023	-0.000993	0.999975	
6359														0.063475	-0.010058	9.791898	0.988826	0.148918	-0.006803	-0.148908	0.988849	0.002046	0.007032	-0.001010	0.999975	
6360														0.087852	-0.008776	9.792228	0.988825	0.148924	-0.006811	-0.148913	0.988848	0.002049	0.007040	-0.001012	0.999975	
6361														0.063741	-0.010270	9.767487	0.988831	0.148888	-0.006802	-0.148877	0.988854	0.002066	0.007034	-0.001031	0.999975	
6362														0.062924	-0.010208	9.816311	0.988829	0.148903	-0.006795	-0.148892	0.988851	0.002068	0.007027	-0.001033	0.999975	
6363														0.088839	-0.033374	9.792319	0.988829	0.148897	-0.006786	-0.148886	0.988852	0.002085	0.007021	-0.001051	0.999975	
6364														0.062701	-0.010204	9.816312	0.988828	0.148903	-0.006799	-0.148892	0.988851	0.002058	0.007029	-0.001023	0.999975	
6365														0.086999	-0.008770	9.816644	0.988827	0.148912	-0.006790	-0.148901	0.988850	0.002075	0.007023	-0.001040	0.999975	
6366														0.061796	0.014040	9.767403	0.988824	0.148931	-0.006783	-0.148921	0.988847	0.002077	0.007017	-0.001043	0.999975	
6367														0.061310	0.014111	9.791815	0.988823	0.148940	-0.006776	-0.148930	0.988846	0.002078	0.007010	-0.001046	0.999975	
6368														0.086967	-0.008904	9.792236	0.988822	0.148944	-0.006785	-0.148933	0.988845	0.002082	0.007019	-0.001048	0.999975	
6369														0.062596	-0.010333	9.791903	0.988823	0.148938	-0.006791	-0.148927	0.988846	0.002101	0.007028	-0.001066	0.999975	
6370														0.087384	-0.009111	9.767824	0.988827	0.148911	-0.006815	-0.148900	0.988850	0.002106	0.007053	-0.001068	0.999975	
6371														0.060898	0.014193	9.816228	0.988826	0.148919	-0.006797	-0.148908	0.988849	0.002075	0.007030	-0.001040	0.999975	
6372														0.087081	-0.008886	9.767826	0.988827	0.148913	-0.006787	-0.148902	0.988850	0.002092	0.007023	-0.001058	0.999975	
6373														0.063920	-0.034623	9.767582	0.988828	0.148906	-0.006782	-0.148895	0.988851	0.002078	0.007016	-0.001045	0.999975	
6374														0.062220	-0.010099	9.791906	0.988824	0.148932	-0.006805	-0.148921	0.988847	0.002084	0.007040	-0.001048	0.999975	
6375														0.110970	-0.007440	9.792573	0.988825	0.148926	-0.006797	-0.148915	0.988848	0.002101	0.007034	-0.001066	0.999975	
6376														0.062151	-0.010240	9.791906	0.988822	0.148942	-0.006805	-0.148931	0.988845	0.002105	0.007043	-0.001068	0.999975	
6377														0.062152	-0.010236	9.791906	0.988826	0.148921	-0.006813	-0.148910	0.988849	0.002108	0.007051	-0.001070	0.999975	
6378														0.062155	-0.010306	9.791906	0.988822	0.148947	-0.006819	-0.148936	0.988845	0.002127	0.007060	-0.001087	0.999974	
6379														0.084939	0.015437	9.792154	0.988823	0.148941	-0.006784	-0.148930	0.988845	0.002110	0.007022	-0.001076	0.999975	
6380														0.061440	-0.010088	9.816320	0.988824	0.148933	-0.006809	-0.148922	0.988847	0.002100	0.007045	-0.001062	0.999975	
6381														0.085124	0.015523	9.767744	0.988825	0.148927	-0.006800	-0.148916	0.988848	0.002117	0.007039	-0.001080	0.999975	
6382														0.061631	-0.010153	9.791910	0.988825	0.148929	-0.006795	-0.148918	0.988847	0.002103	0.007032	-0.001068	0.999975	
6383														0.061141	-0.010010	9.816322	0.988826	0.148923	-0.006788	-0.148912	0.988848	0.002105	0.007025	-0.001071	0.999975	
6384														0.085705	-0.008706	9.792247	0.988824	0.148933	-0.006781	-0.148922	0.988847	0.002107	0.007019	-0.001073	0.999975	
6385														0.061524	-0.010147	9.767501	0.988825	0.148927	-0.006774	-0.148916	0.988848	0.002108	0.007012	-0.001076	0.999975	
6386														0.085558	-0.008699	9.792249	0.988823	0.148937	-0.006798	-0.148926	0.988846	0.002113	0.007037	-0.001077	0.999975	
6387														0.035514	0.012936	9.791488	0.988822	0.148946	-0.006806	-0.148935	0.988845	0.002117	0.007045	-0.001080	0.999975	
6388														0.086859	-0.033064	9.792337	0.988824	0.148931	-0.006784	-0.148919	0.988847	0.002117	0.007023	-0.001083	0.999975	
6389														0.060624	-0.010070	9.816325	0.988821	0.148955	-0.006790	-0.148944	0.988843	0.002135	0.007032	-0.001100	0.999975	
6390														0.083890	0.015543	9.792163	0.988822	0.148948	-0.006783	-0.148937	0.988844	0.002137	0.007026	-0.001103	0.999975	
6391														0.084849	-0.008686	9.816663	0.988823	0.148942	-0.006793	-0.148931	0.988845	0.002125	0.007034	-0.001090	0.999975	
6392														0.062121	-0.034430	9.792003	0.988819	0.148968	-0.006786	-0.148957	0.988841	0.002127	0.007027	-0.001092	0.999975	
6393														0.085385	-0.008814	9.767841	0.988820	0.148962	-0.006792	-0.148951	0.988842	0.002145	0.007036	-0.001110	0.999975	
6394														0.084629	-0.008750	9.816665	0.988823	0.148942	-0.006785	-0.148931	0.988845	0.002147	0.007029	-0.001113	0.999975	
6395														0.084052	0.015418	9.743345	0.988821	0.148951	-0.006763	-0.148940	0.988844	0.002147	0.007007	-0.001116	0.999975	
6396														0.060642	-0.010193	9.767506	0.988821	0.148955	-0.006789	-0.148944	0.988843	0.002137	0.007031	-0.001102	0.999975	
6397														0.084405	-0.008665	9.816667	0.988819	0.148965	-0.006795	-0.148953	0.988842	0.002156	0.007040	-0.001120	0.999975	
6398														0.060303	-0.010189	9.791918	0.988820	0.148957	-0.006789	-0.148946	0.988843	0.002158	0.007034	-0.001122	0.999975	
6399														0.084450	-0.008731	9.792258	0.988821	0.148951	-0.006768	-0.148940	0.988844	0.002142	0.007012	-0.001110	0.999975	
6400														0.059855	-0.010119	9.791921	0.988821	0.148951	-0.006759	-0.148940	0.988844	0.002159	0.007005	-0.001128	0.999975	
6401														0.108871	-0.007488	9.768189	0.988825	0.148930	-0.006767	-0.148918	0.988847	0.002163	0.007014	-0.001131	0.999975	
6402														0.084081	-0.008801	9.792261	0.988817	0.148982	-0.006760	-0.148971	0.988839	0.002165	0.007007	-0.001133	0.999975	
6403														0.084080	-0.008721	9.792261	0.988822	0.148945	-0.006785	-0.148934	0.988845	0.002155	0.007030	-0.001120	0.999975	
6404														0.084276	-0.008789	9.767851	0.988818	0.148976	-0.006746	-0.148965	0.988840	0.002168	0.006993	-0.001139	0.999975	
6405														0.059066	-0.010040	9.816335	0.988819	0.148970	-0.006771	-0.148958	0.988841	0.002158	0.007017	-0.001126	0.999975	
6406														0.059137	-0.009884	9.816335	0.988820	0.148963	-0.006781	-0.148952	0.988842	0.002146	0.007025	-0.001112	0.999975	
