// Start Time: Unknown: 
// Update Rate: 100.0Hz 
// Filter Profile: human (46.1) 
// Firmware Version: 4.6.0
PacketCounter	SampleTimeFine	Year	Month	Day	Second	UTC_Nano	UTC_Year	UTC_Month	UTC_Day UTC_Hour	UTC_Minute	UTC_Second	UTC_Valid	Acc_X	Acc_Y	Acc_Z	Mat[1][1]	Mat[2][1]	Mat[3][1]	Mat[1][2]	Mat[2][2]	Mat[3][2]	Mat[1][3]	Mat[2][3]	Mat[3][3] 
4294														0.024414	-0.024414	9.765625	0.799395	0.600805	-0.000496	-0.600800	0.799392	0.003500	0.002500	-0.002500	0.999994	
4295														0.073242	-0.000076	9.741211	0.790034	0.613035	-0.005940	-0.613017	0.790056	0.004609	0.007519	-0.000000	0.999972	
4296														0.073317	0.024188	9.741211	0.794767	0.606906	-0.003222	-0.606894	0.794773	0.004054	0.005021	-0.001267	0.999987	
4297														0.073391	-0.000376	9.741210	0.794776	0.606894	-0.003213	-0.606882	0.794782	0.004067	0.005021	-0.001282	0.999987	
5356														0.083965	-0.033316	9.765268	0.793730	0.608240	-0.005958	-0.608219	0.793753	0.005149	0.007861	-0.000463	0.999969	
5357														0.059925	0.015873	9.741289	0.793715	0.608261	-0.005936	-0.608240	0.793737	0.005144	0.007840	-0.000472	0.999969	
5358														0.084040	0.015790	9.692313	0.793727	0.608245	-0.005947	-0.608223	0.793749	0.005144	0.007849	-0.000466	0.999969	
5359														0.060811	-0.009841	9.936452	0.793730	0.608242	-0.005924	-0.608220	0.793752	0.005139	0.007828	-0.000476	0.999969	
5360														0.083819	0.015860	9.667901	0.793712	0.608265	-0.005932	-0.608243	0.793734	0.005119	0.007823	-0.000455	0.999969	
5361														0.059776	-0.008758	9.765560	0.793724	0.608249	-0.005943	-0.608228	0.793746	0.005121	0.007832	-0.000450	0.999969	
5362														0.059627	-0.008763	9.741147	0.793721	0.608253	-0.005912	-0.608232	0.793743	0.005128	0.007811	-0.000475	0.999969	
5363														0.059849	-0.009057	9.765559	0.793724	0.608250	-0.005935	-0.608228	0.793746	0.005139	0.007837	-0.000469	0.999969	
5364														0.036109	0.015724	9.765851	0.793711	0.608266	-0.005980	-0.608244	0.793733	0.005148	0.007878	-0.000449	0.999969	
5365														0.060146	-0.008698	9.716730	0.793704	0.608274	-0.005969	-0.608253	0.793727	0.005152	0.007872	-0.000458	0.999969	
5366														0.085231	-0.009724	9.814230	0.793711	0.608265	-0.005972	-0.608243	0.793734	0.005165	0.007882	-0.000467	0.999969	
5367														0.110092	0.014312	9.814220	0.793714	0.608262	-0.005983	-0.608240	0.793736	0.005167	0.007892	-0.000462	0.999969	
5368														0.085379	-0.009807	9.789814	0.793704	0.608275	-0.005976	-0.608253	0.793726	0.005193	0.007902	-0.000487	0.999969	
5369														0.061266	-0.009879	9.814378	0.793697	0.608284	-0.005977	-0.608262	0.793720	0.005206	0.007911	-0.000496	0.999969	
5370														0.060737	-0.009296	9.716725	0.793713	0.608263	-0.005986	-0.608241	0.793736	0.005186	0.007906	-0.000475	0.999969	
5371														0.085604	-0.034662	9.838494	0.793697	0.608283	-0.005985	-0.608262	0.793720	0.005178	0.007901	-0.000469	0.999969	
5372														0.061413	0.014824	9.765695	0.793690	0.608292	-0.005987	-0.608270	0.793713	0.005192	0.007910	-0.000479	0.999969	
5373														0.085750	-0.010184	9.789810	0.793693	0.608289	-0.005977	-0.608267	0.793715	0.005196	0.007905	-0.000489	0.999969	
5374														0.085824	-0.010334	9.789810	0.793695	0.608287	-0.005979	-0.608265	0.793717	0.005210	0.007914	-0.000498	0.999969	
5375														0.061335	-0.010038	9.765549	0.793688	0.608295	-0.005968	-0.608273	0.793711	0.005214	0.007909	-0.000508	0.999969	
5376														0.085824	-0.010560	9.789809	0.793705	0.608274	-0.005956	-0.608252	0.793727	0.005197	0.007889	-0.000502	0.999969	
5377														0.061111	-0.010186	9.765551	0.793708	0.608270	-0.005934	-0.608249	0.793730	0.005191	0.007868	-0.000511	0.999969	
5378														0.061111	-0.010261	9.765550	0.793705	0.608274	-0.005945	-0.608252	0.793727	0.005193	0.007877	-0.000506	0.999969	
5379														0.085824	0.014219	9.741128	0.793698	0.608283	-0.005984	-0.608261	0.793720	0.005159	0.007887	-0.000455	0.999969	
5380														0.085523	-0.034751	9.789665	0.793705	0.608273	-0.005962	-0.608251	0.793728	0.005154	0.007867	-0.000464	0.999969	
5381														0.036928	0.014896	9.741435	0.793708	0.608270	-0.005961	-0.608248	0.793730	0.005146	0.007862	-0.000459	0.999969	
5382														0.085145	-0.034607	9.740839	0.793727	0.608245	-0.005950	-0.608224	0.793749	0.005149	0.007855	-0.000468	0.999969	
5383														0.086130	0.013845	9.789955	0.793739	0.608230	-0.005961	-0.608208	0.793761	0.005150	0.007865	-0.000462	0.999969	
5384														0.061259	-0.010044	9.741136	0.793732	0.608238	-0.005963	-0.608216	0.793755	0.005165	0.007874	-0.000473	0.999969	
5385														0.085898	-0.010496	9.765394	0.793716	0.608259	-0.005971	-0.608237	0.793739	0.005145	0.007869	-0.000452	0.999969	
5386														0.061561	-0.010119	9.765548	0.793736	0.608233	-0.005982	-0.608212	0.793758	0.005146	0.007879	-0.000446	0.999969	
5387														0.085972	-0.010648	9.765393	0.793729	0.608242	-0.005941	-0.608220	0.793751	0.005165	0.007858	-0.000486	0.999969	
5388														0.086277	0.013615	9.765540	0.793724	0.608249	-0.005962	-0.608227	0.793746	0.005155	0.007867	-0.000465	0.999969	
5389														0.061941	0.013993	9.765693	0.793736	0.608233	-0.005961	-0.608212	0.793758	0.005147	0.007862	-0.000460	0.999969	
5390														0.061482	-0.010271	9.741134	0.793746	0.608220	-0.005961	-0.608198	0.793768	0.005146	0.007862	-0.000459	0.999969	
5391														0.086121	-0.010725	9.765392	0.793749	0.608217	-0.005972	-0.608195	0.793771	0.005148	0.007871	-0.000454	0.999969	
5392														0.086349	0.013759	9.741124	0.793739	0.608230	-0.005962	-0.608208	0.793761	0.005152	0.007866	-0.000463	0.999969	
5393														0.086348	-0.010949	9.789804	0.793732	0.608238	-0.005971	-0.608217	0.793754	0.005132	0.007861	-0.000442	0.999969	
5394														0.061783	-0.010644	9.765546	0.793724	0.608248	-0.005941	-0.608227	0.793747	0.005161	0.007854	-0.000483	0.999969	
5395														0.086193	-0.011323	9.765391	0.793746	0.608221	-0.005921	-0.608199	0.793768	0.005177	0.007849	-0.000508	0.999969	
5396														0.087031	0.012711	9.814363	0.793735	0.608234	-0.005966	-0.608212	0.793758	0.005185	0.007890	-0.000487	0.999969	
5397														0.086566	-0.011327	9.765387	0.793729	0.608243	-0.005953	-0.608221	0.793751	0.005168	0.007869	-0.000481	0.999969	
5398														0.086566	-0.011253	9.765387	0.793718	0.608257	-0.005974	-0.608235	0.793740	0.005159	0.007879	-0.000461	0.999969	
5399														0.062304	-0.010947	9.765542	0.793711	0.608265	-0.005975	-0.608244	0.793734	0.005172	0.007889	-0.000471	0.999969	
5400														0.062611	0.013315	9.765690	0.793719	0.608255	-0.005952	-0.608234	0.793741	0.005167	0.007867	-0.000480	0.999969	
5401														0.062304	-0.010947	9.765542	0.793703	0.608276	-0.005992	-0.608255	0.793725	0.005132	0.007877	-0.000429	0.999969	
5402														0.062527	-0.010949	9.765541	0.793691	0.608292	-0.005987	-0.608270	0.793713	0.005180	0.007903	-0.000469	0.999969	
5403														0.062834	0.013239	9.765689	0.793694	0.608288	-0.005962	-0.608266	0.793716	0.005153	0.007867	-0.000463	0.999969	
5404														0.062532	-0.011322	9.789955	0.793690	0.608293	-0.005962	-0.608271	0.793712	0.005146	0.007862	-0.000458	0.999969	
5405														0.086864	-0.011406	9.765385	0.793693	0.608290	-0.005982	-0.608268	0.793715	0.005135	0.007872	-0.000437	0.999969	
5406														0.062683	-0.011175	9.789954	0.793709	0.608269	-0.005981	-0.608247	0.793731	0.005127	0.007866	-0.000431	0.999969	
5407														0.087014	-0.011335	9.765383	0.793711	0.608265	-0.005993	-0.608244	0.793734	0.005129	0.007876	-0.000426	0.999969	
5408														0.063069	0.013310	9.790101	0.793720	0.608254	-0.005989	-0.608233	0.793742	0.005100	0.007856	-0.000405	0.999969	
5409														0.062450	-0.010655	9.741127	0.793713	0.608263	-0.006010	-0.608242	0.793736	0.005089	0.007866	-0.000384	0.999969	
5410														0.086855	-0.035453	9.765235	0.793709	0.608268	-0.006021	-0.608247	0.793731	0.005091	0.007876	-0.000379	0.999969	
5411														0.062674	-0.010583	9.741126	0.793711	0.608265	-0.006020	-0.608244	0.793734	0.005083	0.007870	-0.000373	0.999969	
5412														0.063066	0.013606	9.765687	0.793703	0.608276	-0.005998	-0.608255	0.793725	0.005078	0.007850	-0.000383	0.999969	
5413														0.087166	-0.011118	9.765382	0.793714	0.608261	-0.006018	-0.608240	0.793737	0.005068	0.007860	-0.000362	0.999969	
5414														0.087398	0.013442	9.741116	0.793711	0.608266	-0.006007	-0.608245	0.793733	0.005072	0.007853	-0.000372	0.999969	
5415														0.063059	-0.011032	9.789952	0.793713	0.608262	-0.006019	-0.608241	0.793736	0.005073	0.007863	-0.000366	0.999969	
5416														0.087464	-0.011271	9.765379	0.793717	0.608258	-0.006020	-0.608236	0.793740	0.005087	0.007872	-0.000376	0.999969	
5417														0.063284	0.013453	9.741271	0.793720	0.608254	-0.006010	-0.608233	0.793742	0.005091	0.007867	-0.000386	0.999969	
5418														0.063356	-0.011483	9.789949	0.793720	0.608254	-0.006001	-0.608232	0.793743	0.005116	0.007875	-0.000411	0.999969	
5419														0.063506	0.013154	9.741270	0.793713	0.608262	-0.006021	-0.608241	0.793736	0.005106	0.007885	-0.000390	0.999969	
5420														0.087752	-0.011573	9.740962	0.793726	0.608246	-0.006024	-0.608225	0.793748	0.005120	0.007896	-0.000399	0.999969	
5421														0.063804	-0.011637	9.789946	0.793737	0.608231	-0.006036	-0.608209	0.793760	0.005121	0.007906	-0.000394	0.999969	
5422														0.063879	-0.011638	9.789946	0.793727	0.608245	-0.006035	-0.608223	0.793750	0.005122	0.007906	-0.000395	0.999969	
5423														0.088291	0.012760	9.741108	0.793729	0.608241	-0.006035	-0.608220	0.793752	0.005114	0.007901	-0.000389	0.999969	
5424														0.088058	-0.036516	9.814051	0.793735	0.608234	-0.006021	-0.608213	0.793758	0.005097	0.007879	-0.000383	0.999969	
5425														0.063341	-0.011485	9.741121	0.793738	0.608230	-0.005990	-0.608209	0.793760	0.005104	0.007859	-0.000408	0.999969	
5426														0.087995	0.012536	9.741111	0.793744	0.608222	-0.005999	-0.608201	0.793767	0.005084	0.007854	-0.000387	0.999969	
5427														0.063898	0.012624	9.790096	0.793728	0.608243	-0.005998	-0.608222	0.793751	0.005076	0.007848	-0.000381	0.999969	
5428														0.087612	-0.012027	9.765377	0.793730	0.608241	-0.005951	-0.608220	0.793752	0.005053	0.007797	-0.000391	0.999970	
5429														0.087942	0.011933	9.814356	0.793733	0.608238	-0.005929	-0.608217	0.793755	0.005048	0.007777	-0.000401	0.999970	
5430														0.086696	-0.036734	9.765232	0.793713	0.608264	-0.005882	-0.608243	0.793735	0.005025	0.007725	-0.000411	0.999970	
5431														0.086720	-0.012621	9.789799	0.793707	0.608273	-0.005836	-0.608252	0.793728	0.005001	0.007674	-0.000420	0.999970	
5432														0.061724	0.012268	9.741283	0.793705	0.608275	-0.005765	-0.608255	0.793726	0.004959	0.007592	-0.000429	0.999971	
5433														0.061037	-0.012595	9.789962	0.793699	0.608284	-0.005706	-0.608264	0.793720	0.004926	0.007526	-0.000439	0.999972	
5434														0.060683	0.011899	9.765704	0.793704	0.608277	-0.005669	-0.608258	0.793724	0.004890	0.007474	-0.000433	0.999972	
5435														0.084255	-0.012824	9.740991	0.793707	0.608274	-0.005625	-0.608255	0.793727	0.004887	0.007438	-0.000457	0.999972	
5436														0.133219	-0.014375	9.838349	0.793708	0.608273	-0.005558	-0.608254	0.793728	0.004866	0.007371	-0.000482	0.999973	
5437														0.131960	-0.013901	9.740705	0.793693	0.608294	-0.005497	-0.608275	0.793712	0.004812	0.007290	-0.000476	0.999973	
5438														0.057913	-0.012786	9.716739	0.793689	0.608300	-0.005448	-0.608281	0.793707	0.004766	0.007223	-0.000469	0.999974	
5439														0.033328	-0.013157	9.814540	0.793701	0.608284	-0.005365	-0.608266	0.793719	0.004714	0.007126	-0.000478	0.999974	
5440														0.056430	-0.012925	9.716747	0.793696	0.608292	-0.005317	-0.608274	0.793713	0.004669	0.007060	-0.000472	0.999975	
5441														0.032235	0.011194	9.790284	0.793699	0.608288	-0.005261	-0.608271	0.793716	0.004657	0.007009	-0.000497	0.999975	
5442														-0.017558	-0.012339	9.741585	0.793701	0.608285	-0.005246	-0.608268	0.793719	0.004619	0.006973	-0.000476	0.999976	
5443														0.006889	0.011984	9.717186	0.793685	0.608306	-0.005245	-0.608288	0.793703	0.004612	0.006968	-0.000470	0.999976	
5444														0.056381	0.035220	9.765887	0.793679	0.608315	-0.005228	-0.608297	0.793696	0.004649	0.006978	-0.000510	0.999976	
5445														0.105278	0.034355	9.765607	0.793690	0.608299	-0.005227	-0.608282	0.793707	0.004642	0.006973	-0.000504	0.999976	
5446														0.105096	0.009786	9.789866	0.793705	0.608281	-0.005227	-0.608263	0.793722	0.004640	0.006972	-0.000504	0.999976	
5447														0.080408	0.010345	9.741180	0.793707	0.608278	-0.005217	-0.608260	0.793724	0.004645	0.006966	-0.000513	0.999976	
5448														0.055490	-0.038388	9.765422	0.793700	0.608288	-0.005217	-0.608270	0.793717	0.004645	0.006966	-0.000514	0.999976	
5449														0.080149	-0.014373	9.765438	0.793712	0.608272	-0.005195	-0.608255	0.793728	0.004640	0.006945	-0.000523	0.999976	
5450														0.055663	-0.014051	9.765578	0.793694	0.608295	-0.005203	-0.608278	0.793711	0.004621	0.006940	-0.000503	0.999976	
5451														0.055451	-0.014042	9.741165	0.793688	0.608304	-0.005162	-0.608286	0.793704	0.004640	0.006919	-0.000543	0.999976	
5452														0.055201	-0.038677	9.741008	0.793685	0.608307	-0.005185	-0.608289	0.793702	0.004651	0.006944	-0.000538	0.999976	
5453														0.080694	0.009663	9.765592	0.793687	0.608304	-0.005208	-0.608286	0.793704	0.004662	0.006969	-0.000532	0.999976	
5454														0.081056	0.009428	9.790003	0.793678	0.608315	-0.005210	-0.608298	0.793695	0.004675	0.006979	-0.000542	0.999975	
5455														0.080916	0.009363	9.765590	0.793672	0.608324	-0.005178	-0.608306	0.793689	0.004682	0.006958	-0.000566	0.999976	
5456														0.081303	0.033391	9.790162	0.793683	0.608309	-0.005168	-0.608292	0.793700	0.004687	0.006953	-0.000576	0.999976	
5457														0.056429	0.009461	9.765732	0.793667	0.608330	-0.005176	-0.608313	0.793684	0.004667	0.006947	-0.000555	0.999976	
5458														0.056094	-0.015258	9.789988	0.793660	0.608340	-0.005123	-0.608323	0.793676	0.004676	0.006911	-0.000595	0.999976	
5459														0.031341	-0.014456	9.716889	0.793653	0.608349	-0.005186	-0.608332	0.793669	0.004661	0.006951	-0.000544	0.999976	
5460														0.056218	-0.039597	9.789828	0.793655	0.608346	-0.005190	-0.608328	0.793672	0.004695	0.006976	-0.000569	0.999976	
5461														0.080823	-0.015266	9.741017	0.793657	0.608343	-0.005199	-0.608325	0.793674	0.004676	0.006970	-0.000548	0.999976	
5462														0.080853	-0.039998	9.789684	0.793654	0.608347	-0.005201	-0.608329	0.793671	0.004689	0.006980	-0.000558	0.999975	
5463														0.105989	0.008424	9.789857	0.793657	0.608344	-0.005200	-0.608326	0.793674	0.004682	0.006975	-0.000553	0.999976	
5464														0.105450	-0.015828	9.765287	0.793664	0.608334	-0.005188	-0.608316	0.793681	0.004664	0.006955	-0.000546	0.999976	
5465														0.081344	0.008590	9.814416	0.793649	0.608355	-0.005151	-0.608337	0.793665	0.004629	0.006904	-0.000540	0.999976	
5466														0.056093	-0.015558	9.789988	0.793643	0.608362	-0.005097	-0.608344	0.793660	0.004638	0.006867	-0.000580	0.999976	
5467														0.031580	0.009277	9.741461	0.793646	0.608358	-0.005096	-0.608341	0.793662	0.004630	0.006862	-0.000574	0.999976	
5468														0.007031	0.009763	9.717188	0.793651	0.608352	-0.005095	-0.608335	0.793667	0.004622	0.006856	-0.000569	0.999976	
5469														0.031329	-0.015209	9.741302	0.793663	0.608337	-0.005097	-0.608319	0.793679	0.004636	0.006866	-0.000579	0.999976	
5470														0.056567	0.008402	9.790146	0.793673	0.608323	-0.005111	-0.608306	0.793689	0.004659	0.006890	-0.000589	0.999976	
5471														0.105475	0.007760	9.765449	0.793666	0.608332	-0.005113	-0.608314	0.793682	0.004672	0.006900	-0.000598	0.999976	
5472														0.081138	0.008011	9.765590	0.793659	0.608342	-0.005112	-0.608324	0.793675	0.004665	0.006895	-0.000593	0.999976	
5473														0.081024	-0.016638	9.789842	0.793652	0.608351	-0.005114	-0.608333	0.793668	0.004679	0.006905	-0.000602	0.999976	
5474														0.080884	-0.016551	9.765429	0.793649	0.608355	-0.005101	-0.608337	0.793665	0.004662	0.006885	-0.000597	0.999976	
5475														0.081138	0.007860	9.765590	0.793651	0.608351	-0.005100	-0.608334	0.793668	0.004654	0.006879	-0.000591	0.999976	
5476														0.056537	-0.016386	9.789984	0.793626	0.608385	-0.005100	-0.608367	0.793642	0.004647	0.006874	-0.000586	0.999976	
5477														0.031847	-0.015808	9.741299	0.793638	0.608369	-0.005089	-0.608352	0.793654	0.004651	0.006869	-0.000595	0.999976	
5478														0.032315	0.008292	9.765873	0.793646	0.608359	-0.005079	-0.608342	0.793662	0.004655	0.006863	-0.000605	0.999976	
5479														0.080947	-0.017089	9.789842	0.793639	0.608368	-0.005069	-0.608350	0.793655	0.004659	0.006857	-0.000614	0.999976	
5480														0.056799	0.007664	9.765731	0.793634	0.608374	-0.005070	-0.608356	0.793650	0.004673	0.006867	-0.000624	0.999976	
5481														0.080881	-0.017075	9.765428	0.793619	0.608395	-0.005067	-0.608377	0.793634	0.004644	0.006846	-0.000603	0.999976	
5482														0.081134	0.007188	9.765590	0.793601	0.608417	-0.005037	-0.608400	0.793617	0.004672	0.006840	-0.000643	0.999976	
5483														0.032246	0.008008	9.741460	0.793594	0.608426	-0.005076	-0.608408	0.793610	0.004638	0.006850	-0.000592	0.999976	
5484														0.032613	0.008364	9.765872	0.793573	0.608453	-0.005137	-0.608436	0.793589	0.004601	0.006876	-0.000526	0.999976	
5485														-0.016022	-0.014813	9.790410	0.793491	0.608559	-0.005228	-0.608542	0.793509	0.004549	0.006916	-0.000428	0.999976	
5486														-1.463030	-0.508567	9.722316	0.792316	0.610089	-0.005222	-0.610072	0.792333	0.004487	0.006875	-0.000369	0.999976	
5487														-2.357145	0.391321	9.806662	0.786182	0.617974	-0.005204	-0.617957	0.786199	0.004523	0.006886	-0.000340	0.999976	
5488														-1.143295	0.883466	9.754039	0.778407	0.627739	-0.005215	-0.627722	0.778424	0.004531	0.006904	-0.000253	0.999976	
5489														-0.173322	0.739831	9.844963	0.771231	0.636532	-0.005456	-0.636516	0.771250	0.004506	0.007076	-0.000003	0.999975	
5490														1.032548	0.110943	9.760333	0.766207	0.642573	-0.005220	-0.642557	0.766224	0.004573	0.006938	-0.000149	0.999976	
5491														1.688498	-0.545747	9.825442	0.763111	0.646245	-0.005340	-0.646230	0.763130	0.004465	0.006961	0.000044	0.999976	
5492														1.912894	-0.603811	9.774784	0.761624	0.647996	-0.005420	-0.647980	0.761644	0.004489	0.007037	0.000093	0.999975	
5493														1.241365	-0.259955	9.756627	0.761400	0.648260	-0.005375	-0.648245	0.761419	0.004486	0.007001	0.000069	0.999975	
5494														-0.012984	-0.038694	9.790258	0.761398	0.648263	-0.005355	-0.648247	0.761417	0.004479	0.006981	0.000061	0.999976	
5495														0.058216	0.012934	9.765718	0.761391	0.648271	-0.005366	-0.648256	0.761410	0.004481	0.006991	0.000067	0.999976	
5496														0.059284	-0.011459	9.765560	0.761391	0.648270	-0.005377	-0.648255	0.761410	0.004481	0.006999	0.000074	0.999976	
5497														0.032970	0.036640	9.741606	0.761394	0.648267	-0.005387	-0.648252	0.761413	0.004462	0.006994	0.000095	0.999976	
5498														0.058665	0.012938	9.790129	0.761414	0.648244	-0.005396	-0.648228	0.761433	0.004460	0.007000	0.000102	0.999975	
5499														0.083286	0.013861	9.789979	0.761416	0.648240	-0.005419	-0.648225	0.761436	0.004471	0.007025	0.000108	0.999975	
5500														0.083434	0.013867	9.765564	0.761429	0.648226	-0.005426	-0.648210	0.761448	0.004505	0.007051	0.000087	0.999975	
5501														0.083592	0.013566	9.789977	0.761432	0.648222	-0.005401	-0.648207	0.761451	0.004477	0.007015	0.000092	0.999975	
5502														0.036024	-0.036687	9.716722	0.761433	0.648221	-0.005391	-0.648206	0.761452	0.004480	0.007009	0.000084	0.999975	
5503														0.084363	-0.010983	9.789822	0.761436	0.648218	-0.005391	-0.648203	0.761455	0.004472	0.007004	0.000089	0.999975	
5504														0.036408	-0.037063	9.765548	0.761460	0.648189	-0.005402	-0.648174	0.761479	0.004470	0.007011	0.000098	0.999975	
5505														0.035410	-0.012439	9.741292	0.761453	0.648198	-0.005412	-0.648182	0.761472	0.004450	0.007005	0.000119	0.999975	
5506														0.034877	0.011731	9.790274	0.761484	0.648161	-0.005421	-0.648146	0.761503	0.004450	0.007013	0.000125	0.999975	
5507														-2.411262	-1.181278	9.725298	0.760208	0.649656	-0.005500	-0.649641	0.760228	0.004456	0.007076	0.000185	0.999975	
5508														-4.722238	-0.727246	9.816499	0.756428	0.654054	-0.005521	-0.654038	0.756448	0.004487	0.007111	0.000217	0.999975	
5509														-4.624135	-1.186273	9.716030	0.753457	0.657473	-0.005667	-0.657457	0.753478	0.004520	0.007242	0.000320	0.999974	
5510														-3.424838	-1.516247	10.097307	0.749029	0.662512	-0.005792	-0.662499	0.749051	0.004246	0.007151	0.000657	0.999974	
5511														17.387366	-0.040411	11.112692	0.749431	0.662074	0.003330	-0.662082	0.749428	0.002286	-0.000982	-0.003918	0.999992	
5512														3.875802	5.220873	10.769021	0.751017	0.660274	0.003487	-0.660208	0.751000	-0.011179	-0.010000	0.006093	0.999931	
5513														3.196429	2.238780	11.071293	0.757252	0.653119	0.002039	-0.652837	0.757010	-0.027211	-0.019315	0.019274	0.999628	
5514														-1.486177	0.690474	16.343177	0.760322	0.649512	-0.006610	-0.649174	0.759504	-0.041553	-0.021968	0.035885	0.999114	
5515														-0.911620	1.570058	17.199199	0.757092	0.653020	-0.019378	-0.653044	0.755611	-0.050846	-0.018561	0.051149	0.998519	
5516														-0.221628	1.899534	16.767119	0.750448	0.659841	-0.037904	-0.660860	0.748306	-0.057471	-0.009558	0.068178	0.997627	
5517														0.470284	1.967900	16.309496	0.745902	0.663323	-0.060272	-0.666053	0.743086	-0.064775	0.001821	0.088460	0.996078	
5518														-0.863404	1.044774	15.455723	0.745045	0.661664	-0.084310	-0.666870	0.741535	-0.073549	0.013854	0.111021	0.993721	
5519														-2.422623	0.950542	14.171233	0.747304	0.655635	-0.108070	-0.663981	0.743113	-0.083135	0.025802	0.133884	0.990661	
5520														-2.136146	1.269739	12.515887	0.750586	0.647833	-0.130127	-0.659803	0.745472	-0.094507	0.035781	0.156794	0.986983	
5521														-0.661826	0.955775	10.837991	0.754271	0.639233	-0.149854	-0.655145	0.747769	-0.107825	0.043131	0.179505	0.982811	
5522														0.438873	0.701716	9.670942	0.757924	0.630175	-0.168612	-0.650496	0.749531	-0.122712	0.049050	0.202687	0.978014	
5523														1.250912	0.845098	8.402230	0.761517	0.620612	-0.186904	-0.645799	0.751043	-0.137401	0.055100	0.225335	0.972722	
5524														1.510443	0.402613	6.952509	0.764632	0.611252	-0.204228	-0.641580	0.751937	-0.151544	0.060935	0.246903	0.967122	
5525														1.300460	0.516932	5.871946	0.766557	0.603145	-0.220470	-0.638728	0.751631	-0.164552	0.066464	0.266959	0.961413	
5526														0.369077	1.079836	5.109988	0.766276	0.597529	-0.236177	-0.638394	0.749611	-0.174750	0.072622	0.284680	0.955868	
5527														-0.294720	1.309697	4.615184	0.763050	0.595376	-0.251561	-0.641346	0.745739	-0.180410	0.080187	0.299000	0.950878	
5528														-0.275491	1.325447	4.384465	0.758177	0.595594	-0.265395	-0.646035	0.741298	-0.181979	0.088351	0.309427	0.946810	
5529														-0.288463	1.438734	4.381074	0.754155	0.595943	-0.275868	-0.649677	0.738328	-0.181086	0.095764	0.315792	0.943983	
5530														-0.854570	2.101634	4.149357	0.751500	0.596238	-0.282398	-0.651871	0.736966	-0.178734	0.101550	0.318405	0.942500	
5531														-1.134010	2.141626	3.681390	0.749671	0.597320	-0.284960	-0.653388	0.736484	-0.175145	0.105251	0.317490	0.942402	
5532														-1.264798	1.518071	2.846913	0.748560	0.599563	-0.283164	-0.654562	0.736366	-0.171214	0.105859	0.313512	0.943665	
5533														-1.447152	0.922155	1.873502	0.748234	0.603693	-0.275138	-0.655512	0.736626	-0.166391	0.102225	0.304856	0.946896	
5534														-0.880895	1.031428	0.441697	0.750228	0.608361	-0.258948	-0.654508	0.738827	-0.160481	0.093687	0.289881	0.952466	
5535														-0.963852	-0.470033	-0.697782	0.755090	0.613237	-0.231906	-0.651035	0.743101	-0.154775	0.077416	0.267848	0.960346	
5536														-1.599917	-2.745057	-1.718769	0.759593	0.621336	-0.192252	-0.648470	0.746244	-0.150352	0.050047	0.238876	0.969759	
5537														-1.535051	-3.462274	-0.784621	0.759659	0.634162	-0.144067	-0.650185	0.745155	-0.148334	0.013285	0.206354	0.978387	
5538														-1.200676	-1.792194	5.286929	0.753970	0.650351	-0.092590	-0.656512	0.741098	-0.140586	-0.022812	0.166784	0.985729	
5539														0.167884	-2.451701	7.033936	0.744070	0.666570	-0.045212	-0.666282	0.735349	-0.123815	-0.049285	0.122251	0.991275	
5540														1.763778	-0.210268	11.788654	0.736877	0.675809	-0.017190	-0.673516	0.731712	-0.104759	-0.058219	0.088772	0.994349	
5541														2.781755	3.551739	18.689391	0.737412	0.675335	-0.012098	-0.673957	0.734484	-0.079469	-0.044782	0.066755	0.996764	
5542														3.590304	6.521669	24.832690	0.744170	0.667569	-0.023727	-0.667777	0.742567	-0.051653	-0.016863	0.054283	0.998383	
5543														3.460257	8.654665	27.352884	0.754479	0.654899	-0.043229	-0.656160	0.754126	-0.027355	0.014685	0.049003	0.998691	
5544														1.919262	7.912961	25.758977	0.764084	0.642079	-0.062529	-0.644002	0.764868	-0.015449	0.037907	0.052073	0.997924	
5545														0.389808	4.240407	22.469137	0.769497	0.634001	-0.076927	-0.636997	0.770579	-0.021054	0.045930	0.065203	0.996814	
5546														-0.374161	1.242020	19.674997	0.771690	0.629861	-0.088150	-0.634527	0.771898	-0.039359	0.043252	0.086307	0.995329	
5547														0.038006	0.679436	16.547757	0.773122	0.626576	-0.098413	-0.633165	0.771545	-0.061810	0.037201	0.110098	0.993224	
5548														0.795375	0.301953	12.898525	0.776549	0.620621	-0.108630	-0.629266	0.772593	-0.084404	0.031544	0.133901	0.990493	
5549														1.114873	0.087361	10.809064	0.782057	0.611027	-0.122609	-0.622507	0.775235	-0.107218	0.029538	0.160175	0.986647	
5550														1.463342	0.638798	10.722102	0.788028	0.598643	-0.143662	-0.614611	0.778475	-0.127399	0.035571	0.188691	0.981392	
5551														1.757748	0.956383	10.050783	0.792104	0.585925	-0.171067	-0.608324	0.780811	-0.142395	0.050138	0.216855	0.974915	
5552														0.924296	0.761857	9.007787	0.790783	0.576995	-0.204301	-0.608251	0.778108	-0.156779	0.068508	0.248244	0.966272	
5553														1.325232	1.177514	9.916623	0.785292	0.572067	-0.236761	-0.612691	0.773052	-0.164317	0.089028	0.274098	0.957572	
5554														1.126535	1.223676	8.163389	0.778336	0.569229	-0.264900	-0.618311	0.768208	-0.165977	0.109020	0.292976	0.949884	
5555														0.177866	1.929459	6.869836	0.771586	0.566453	-0.289458	-0.623524	0.763587	-0.167787	0.125982	0.309946	0.942370	
5556														-0.268023	2.483296	6.792222	0.766497	0.562572	-0.309830	-0.626782	0.760470	-0.169792	0.140096	0.324341	0.935508	
5557														-0.348188	2.314576	6.460624	0.764609	0.556225	-0.325556	-0.626269	0.760504	-0.171522	0.152182	0.335033	0.929835	
5558														-0.701562	2.683993	5.983860	0.765728	0.547754	-0.337085	-0.622424	0.763130	-0.173843	0.162016	0.342927	0.925285	
5559														-0.567576	2.378101	5.477401	0.768685	0.539478	-0.343636	-0.617055	0.766913	-0.176317	0.168420	0.347575	0.922402	
5560														-0.142702	1.509694	4.380815	0.772932	0.532447	-0.345074	-0.610654	0.771925	-0.176729	0.172273	0.347321	0.921786	
5561														-0.232219	0.751548	2.830235	0.778256	0.526738	-0.341854	-0.603007	0.778796	-0.172798	0.175216	0.340621	0.923730	
5562														-1.489162	0.098728	1.166044	0.782684	0.525759	-0.333142	-0.597047	0.785445	-0.163126	0.175899	0.326578	0.928658	
5563														-1.951673	-1.053739	-0.259359	0.784719	0.534138	-0.314504	-0.596542	0.788612	-0.149091	0.168387	0.304610	0.937475	
5564														-1.317147	-2.275119	-0.930563	0.784335	0.552327	-0.282408	-0.602454	0.786736	-0.134522	0.147881	0.275648	0.949815	
5565														-0.137443	-2.467773	-0.832981	0.782735	0.574816	-0.238564	-0.611576	0.781458	-0.123686	0.115331	0.242713	0.963218	
5566														0.907151	-1.688989	0.393293	0.779838	0.596855	-0.188725	-0.621336	0.774696	-0.117421	0.076121	0.208831	0.974985	
5567														0.927847	-1.991996	3.485264	0.775448	0.616041	-0.138469	-0.630367	0.767927	-0.113691	0.036295	0.175448	0.983819	
5568														0.245005	-1.341761	8.015087	0.771103	0.629503	-0.095525	-0.636701	0.763146	-0.110544	0.003312	0.146062	0.989270	
5569														-1.174994	1.480111	13.636987	0.768867	0.635905	-0.066843	-0.639240	0.762051	-0.103204	-0.014690	0.122079	0.992412	
5570														-0.632070	4.205959	19.459164	0.770626	0.635007	-0.053877	-0.637141	0.765869	-0.086582	-0.013717	0.101050	0.994787	
5571														1.489825	5.948851	24.353341	0.777323	0.626961	-0.051863	-0.629098	0.774954	-0.060679	0.002148	0.079794	0.996809	
5572														3.311011	7.805850	25.853430	0.788052	0.612764	-0.059122	-0.615003	0.787898	-0.031444	0.027315	0.061140	0.997755	
5573														3.833258	8.057539	24.720754	0.800154	0.594737	-0.077729	-0.597346	0.801866	-0.013744	0.054154	0.057429	0.996880	
5574														2.800775	6.595324	23.281025	0.810287	0.577013	-0.102421	-0.581272	0.813567	-0.015218	0.074546	0.071866	0.994625	
5575														1.131591	3.561683	20.878849	0.816464	0.562868	-0.128705	-0.570768	0.820463	-0.032625	0.087235	0.100098	0.991146	
5576														0.686369	0.791585	17.884454	0.817807	0.553663	-0.156999	-0.567549	0.821097	-0.060725	0.095290	0.138766	0.985730	
5577														0.789606	-0.496542	14.576865	0.814094	0.549970	-0.186506	-0.572010	0.814843	-0.093997	0.100278	0.183206	0.977947	
5578														1.483439	-1.111957	11.496370	0.805668	0.552211	-0.214387	-0.583660	0.801839	-0.128046	0.101195	0.228292	0.968319	
5579														2.001014	-1.682338	8.996870	0.794430	0.558934	-0.237643	-0.599573	0.784164	-0.159997	0.096924	0.269591	0.958085	
5580														1.972882	-0.968492	7.069415	0.781582	0.568629	-0.256496	-0.617293	0.764267	-0.186670	0.089885	0.304232	0.948348	
5581														1.574253	0.465606	5.663098	0.767571	0.579615	-0.273643	-0.635433	0.744078	-0.206331	0.084020	0.332255	0.939440	
5582														1.514516	1.302712	4.603655	0.753647	0.589286	-0.291132	-0.651981	0.726365	-0.217520	0.083286	0.353745	0.931626	
5583														1.048045	2.052749	3.971241	0.742182	0.593930	-0.310504	-0.664081	0.714173	-0.221253	0.090345	0.370410	0.924464	
5584														0.051946	3.051780	4.135445	0.733745	0.593906	-0.329990	-0.671636	0.707368	-0.220308	0.102582	0.383283	0.917917	
5585														-0.790756	3.215637	4.237200	0.729142	0.590303	-0.346257	-0.674469	0.705556	-0.217445	0.115946	0.392088	0.912592	
5586														-1.538688	3.347597	3.915038	0.728883	0.584064	-0.357210	-0.672583	0.708340	-0.214210	0.127914	0.396388	0.909129	
5587														-1.730603	3.304225	2.910752	0.732590	0.576549	-0.361806	-0.666720	0.714872	-0.210814	0.137100	0.395664	0.908105	
5588														-1.366776	2.504743	0.968744	0.740792	0.568944	-0.357113	-0.656866	0.724780	-0.207894	0.140549	0.388582	0.910632	
5589														-1.248074	0.926542	-0.486116	0.752567	0.562751	-0.341986	-0.644565	0.735830	-0.207581	0.134828	0.376651	0.916491	
5590														-1.663727	-0.763063	-0.954578	0.765895	0.560756	-0.314575	-0.632220	0.745879	-0.209674	0.117059	0.359468	0.925786	
5591														-3.017598	-2.074914	-1.003114	0.776239	0.567082	-0.275448	-0.624444	0.751700	-0.212171	0.086736	0.336697	0.937610	
5592														-2.893376	-3.133634	-0.528390	0.779611	0.583148	-0.228353	-0.624494	0.751276	-0.213522	0.047041	0.309069	0.949876	
5593														-1.427720	-3.552993	1.203736	0.777185	0.603675	-0.177653	-0.629258	0.747476	-0.212872	0.004286	0.277230	0.960794	
5594														-1.150588	-2.448259	4.488340	0.772176	0.622178	-0.128988	-0.634450	0.743818	-0.210257	-0.034874	0.244192	0.969100	
5595														-1.904146	0.247417	9.350143	0.767283	0.635104	-0.088993	-0.638134	0.742309	-0.204359	-0.063729	0.213591	0.974842	
5596														-2.555507	3.491910	14.744127	0.765370	0.640661	-0.061334	-0.638939	0.744943	-0.191877	-0.077238	0.186045	0.979501	
5597														-1.865211	6.218959	20.183936	0.768984	0.637492	-0.047620	-0.635118	0.753393	-0.170364	-0.072729	0.161252	0.984230	
5598														0.563917	7.559067	24.527153	0.778636	0.625786	-0.046020	-0.625383	0.767965	-0.138298	-0.051203	0.136464	0.989321	
5599														3.455471	8.616262	25.756452	0.793868	0.605422	-0.056910	-0.607857	0.787482	-0.101892	-0.016872	0.115482	0.993166	
5600														5.572402	9.003809	24.886619	0.810537	0.580044	-0.081110	-0.585322	0.807116	-0.077207	0.020681	0.110054	0.993710	
5601														5.111017	7.489617	23.569501	0.823896	0.555687	-0.111388	-0.564463	0.822183	-0.073466	0.050758	0.123403	0.991058	
5602														3.014170	4.312226	21.280838	0.830817	0.538380	-0.141031	-0.552244	0.828932	-0.088870	0.069059	0.151718	0.986008	
5603														2.033502	1.219341	18.384882	0.831585	0.529342	-0.168118	-0.550042	0.826865	-0.117252	0.076945	0.189977	0.978769	
5604														1.771073	-0.650971	15.588617	0.828005	0.526611	-0.192586	-0.555463	0.817269	-0.153405	0.076610	0.233994	0.969215	
5605														1.516463	-1.807561	12.767219	0.821680	0.528433	-0.213543	-0.565604	0.802197	-0.191241	0.070246	0.277920	0.958032	
5606														1.208821	-1.846257	10.329608	0.813469	0.533699	-0.231158	-0.578435	0.783850	-0.225815	0.060676	0.317403	0.946348	
5607														1.113008	-0.868416	8.389194	0.803482	0.541066	-0.248324	-0.592964	0.764491	-0.252878	0.053018	0.350431	0.935087	
5608														1.103199	0.143073	6.715879	0.791648	0.549928	-0.266220	-0.608915	0.745913	-0.269882	0.050161	0.375757	0.925360	
5609														0.827783	1.185838	5.148551	0.778328	0.559228	-0.285428	-0.625639	0.728984	-0.277772	0.052735	0.394773	0.917264	
5610														0.215683	2.032892	4.276193	0.764766	0.567019	-0.305977	-0.641491	0.714441	-0.279398	0.060179	0.409956	0.910118	
5611														-0.630978	2.708427	3.897428	0.752646	0.571825	-0.326404	-0.654578	0.703349	-0.277179	0.071078	0.422274	0.903677	
5612														-1.252306	2.965772	3.912986	0.743358	0.573625	-0.344053	-0.663714	0.696435	-0.272878	0.083081	0.431199	0.898424	
5613														-1.454141	2.801903	3.834144	0.738625	0.571924	-0.356841	-0.667374	0.695066	-0.267386	0.095103	0.435645	0.895081	
5614														-1.826369	3.043554	3.185084	0.739185	0.566848	-0.363715	-0.664986	0.699873	-0.260714	0.106769	0.434581	0.894282	
5615														-1.741046	2.949264	1.944963	0.743384	0.561748	-0.363068	-0.658997	0.708019	-0.253835	0.114468	0.427958	0.896520	
5616														-1.291120	1.702503	0.650718	0.750803	0.557863	-0.353672	-0.650504	0.717407	-0.249343	0.114628	0.417273	0.901523	
5617														-1.913114	0.248213	0.012999	0.760362	0.557298	-0.333570	-0.641097	0.726327	-0.247879	0.104138	0.402329	0.909553	
5618														-2.680060	-1.578731	0.136631	0.768474	0.564127	-0.302007	-0.634707	0.731914	-0.247889	0.081202	0.382182	0.920512	
5619														-3.086670	-2.733601	0.543977	0.772254	0.579701	-0.259942	-0.633572	0.732997	-0.247592	0.047007	0.355896	0.933343	
5620														-1.937693	-2.380658	1.364858	0.770799	0.600946	-0.211501	-0.637045	0.730449	-0.246208	0.006534	0.324513	0.945859	
5621														-1.587461	-1.686358	3.943405	0.766340	0.621475	-0.162761	-0.641542	0.726958	-0.244858	-0.033853	0.292063	0.955800	
5622														-2.603601	0.361991	8.473865	0.760499	0.637876	-0.121473	-0.645889	0.723846	-0.242640	-0.066846	0.262985	0.962481	
5623														-3.360492	3.500416	13.978097	0.755651	0.648638	-0.090887	-0.649215	0.723396	-0.234987	-0.086675	0.236573	0.967740	
5624														-2.075465	5.325048	18.940839	0.754336	0.652648	-0.070910	-0.650318	0.728097	-0.216706	-0.089803	0.209583	0.973658	
5625														0.842158	6.317918	22.956963	0.758404	0.649019	-0.059975	-0.647267	0.739138	-0.186333	-0.076603	0.180136	0.980654	
5626														4.297428	8.213494	24.765771	0.768623	0.636840	-0.060438	-0.637789	0.755597	-0.149327	-0.049431	0.153323	0.986939	
5627														6.895630	8.967249	24.286489	0.784121	0.615855	-0.076659	-0.620479	0.775434	-0.117086	-0.012664	0.139375	0.990159	
5628														5.988718	6.450837	22.507573	0.798574	0.593132	-0.102344	-0.601475	0.792760	-0.098795	0.022536	0.140452	0.989831	
5629														3.237717	3.098540	19.432190	0.806501	0.576624	-0.130618	-0.589308	0.801824	-0.098968	0.047666	0.156792	0.986481	
5630														1.175710	1.271337	16.431271	0.807474	0.568262	-0.158316	-0.586701	0.801555	-0.115287	0.061386	0.185975	0.980635	
5631														0.398843	0.811952	13.960276	0.803586	0.566666	-0.182041	-0.591748	0.793494	-0.142133	0.063906	0.221938	0.972964	
5632														0.078025	0.737834	11.642761	0.797423	0.568990	-0.200915	-0.600619	0.780478	-0.173525	0.058076	0.259046	0.964117	
5633														-0.146572	1.031452	9.318165	0.789278	0.574429	-0.216962	-0.612159	0.763721	-0.204921	0.047986	0.294555	0.954429	
5634														-0.071522	1.372265	7.415387	0.778753	0.582520	-0.232840	-0.626212	0.743992	-0.233097	0.037448	0.327332	0.944167	
5635														0.035900	1.721275	6.361691	0.766575	0.591200	-0.250690	-0.641467	0.723056	-0.256341	0.029714	0.357314	0.933511	
5636														-0.067916	2.246974	5.837102	0.753174	0.599748	-0.270241	-0.657327	0.702087	-0.273852	0.025491	0.383895	0.923025	
5637														-0.436128	2.707668	5.310953	0.739305	0.607749	-0.289948	-0.672929	0.682423	-0.285423	0.024401	0.406129	0.913490	
5638														-0.688382	2.777033	4.743476	0.726393	0.614173	-0.308457	-0.686777	0.665812	-0.291602	0.026281	0.423659	0.905441	
5639														-0.851919	2.472825	4.290685	0.716505	0.617530	-0.324465	-0.696900	0.654235	-0.293782	0.030856	0.436616	0.899119	
5640														-1.246489	2.446747	3.885497	0.711279	0.617209	-0.336355	-0.701929	0.648951	-0.293527	0.037111	0.444877	0.894822	
5641														-1.081645	2.186125	2.923797	0.711205	0.614242	-0.341897	-0.701647	0.650226	-0.291372	0.043338	0.447116	0.893425	
5642														-0.425786	1.351059	1.320488	0.717733	0.608316	-0.338837	-0.694674	0.658961	-0.288440	0.047818	0.442405	0.895540	
5643														-0.981660	0.914273	0.076873	0.729797	0.600424	-0.326935	-0.681948	0.673192	-0.285938	0.048406	0.431629	0.900751	
5644														-3.031644	-0.401678	0.176342	0.742767	0.595409	-0.306242	-0.668226	0.687956	-0.283178	0.042074	0.414975	0.908859	
5645														-4.824362	-2.874907	0.621481	0.751812	0.599632	-0.274262	-0.658892	0.699142	-0.277600	0.025290	0.389412	0.920717	
5646														-4.598299	-3.070107	0.739625	0.754663	0.614101	-0.231007	-0.656105	0.704679	-0.270097	-0.003081	0.355397	0.934710	
5647														-2.843168	-1.897212	1.944798	0.751900	0.634045	-0.180648	-0.658143	0.705810	-0.262070	-0.038661	0.315942	0.947990	
5648														-1.861908	-1.101211	4.437260	0.745548	0.653951	-0.128475	-0.662177	0.705073	-0.253759	-0.075362	0.274263	0.958697	
5649														-2.613928	0.269068	8.370551	0.738280	0.669357	-0.083089	-0.666256	0.704514	-0.244465	-0.105097	0.235842	0.966092	
5650														-3.916390	2.881171	13.428598	0.732875	0.678478	-0.050618	-0.669458	0.705862	-0.231482	-0.121326	0.203534	0.971521	
5651														-3.233076	4.758941	18.601850	0.730829	0.681818	-0.031830	-0.671718	0.710158	-0.210880	-0.121177	0.175498	0.976994	
5652														-0.780502	6.356366	22.491393	0.733833	0.678966	-0.022235	-0.670880	0.719170	-0.180873	-0.106816	0.147647	0.983255	
5653														2.090211	8.407520	23.809465	0.744219	0.667578	-0.021850	-0.663043	0.734419	-0.144923	-0.080700	0.122342	0.989202	
